uid,domainID,siteID,namedLocation,passStartTime,passEndTime,eventID,passNumber,specimenNumber,taxonID,scientificName,taxonRank,morphospeciesID,morphospeciesIDRemarks,identificationQualifier,fishTotalLength,fishWeight,delt,efMortality,efInjury,fishLifeStage,sampleTypeCollected,voucherSampleID,dnaSampleID,identifiedBy,remarks
"44636b94-1fe5-4a6b-a6bb-7041e2f1404c","D02","POSE","POSE.AOS.fish.point.02","2022-04-04T12:05Z","2022-04-04T13:13Z","POSE.20220404.02.1.e-fisher",1,47,"RHIATR","Rhinichthys atratulus","species",,,,36,0.5,,,,,"no sample",,,"0000-0003-3114-5862",
"ec8e3aaa-2d7e-4fce-8b40-ba23cc4045fd","D02","POSE","POSE.AOS.fish.point.02","2022-04-04T12:05Z","2022-04-04T13:13Z","POSE.20220404.02.1.e-fisher",1,37,"RHIATR","Rhinichthys atratulus","species",,,,52,1.6,,,,,"no sample",,,"0000-0003-3114-5862",
"58e2cb5a-1440-46cc-9add-fa05362fe430","D02","POSE","POSE.AOS.fish.point.02","2022-04-04T12:05Z","2022-04-04T13:13Z","POSE.20220404.02.1.e-fisher",1,48,"RHIATR","Rhinichthys atratulus","species",,,,58,2.3,,,,,"no sample",,,"0000-0003-3114-5862",
"bf5159fa-076a-4288-a8db-5651426ca4e2","D02","POSE","POSE.AOS.fish.point.02","2022-04-04T12:05Z","2022-04-04T13:13Z","POSE.20220404.02.1.e-fisher",1,29,"RHIATR","Rhinichthys atratulus","species",,,,59,2.2,,,,,"no sample",,,"0000-0003-3114-5862",
"0f3193e5-63d6-475f-9599-e19fb8879a0a","D02","POSE","POSE.AOS.fish.point.02","2022-04-04T12:05Z","2022-04-04T13:13Z","POSE.20220404.02.1.e-fisher",1,33,"RHIATR","Rhinichthys atratulus","species",,,,43,0.8,,,,,"no sample",,,"0000-0003-3114-5862",
"1cc63029-fdf8-463c-8ffe-9e7bc50e425a","D02","POSE","POSE.AOS.fish.point.02","2022-04-04T12:05Z","2022-04-04T13:13Z","POSE.20220404.02.1.e-fisher",1,14,"ETHFLA","Etheostoma flabellare","species",,,,34,0.3,,,,,"dna sample only","FSH.POSE.02.20220404.1.0014","FSH.POSE.02.20220404.1.0014.DNA","0000-0003-3114-5862",
"e4d4275e-1214-41b8-8d13-f48d740b44e1","D02","POSE","POSE.AOS.fish.point.02","2022-04-04T12:05Z","2022-04-04T13:13Z","POSE.20220404.02.1.e-fisher",1,54,"RHIATR","Rhinichthys atratulus","species",,,,32,0.7,,,,,"no sample",,,"0000-0003-3114-5862",
"8f817b4e-56c1-4836-a151-a3f539dd960b","D02","POSE","POSE.AOS.fish.point.02","2022-04-04T12:05Z","2022-04-04T13:13Z","POSE.20220404.02.1.e-fisher",1,34,"COTCAE","Cottus caeruleomentum","species",,,,74,5.1,,,,,"no sample",,,"0000-0003-3114-5862",
"135ee052-b1d2-4302-a6b9-7a7c918379d9","D02","POSE","POSE.AOS.fish.point.02","2022-04-04T12:05Z","2022-04-04T13:13Z","POSE.20220404.02.1.e-fisher",1,30,"RHIATR","Rhinichthys atratulus","species",,,,58,2.0,,,,,"no sample",,,"0000-0003-3114-5862",
"bb29e3ca-efc7-4465-a442-172959b4f670","D02","POSE","POSE.AOS.fish.point.02","2022-04-04T12:05Z","2022-04-04T13:13Z","POSE.20220404.02.1.e-fisher",1,6,"COTCAE","Cottus caeruleomentum","species",,,,36,0.8,,,,,"dna sample only","FSH.POSE.02.20220404.1.0006","FSH.POSE.02.20220404.1.0006.DNA","0000-0003-3114-5862",
"28a21e8d-2b1e-40a6-a78e-d16999bbdf15","D02","POSE","POSE.AOS.fish.point.02","2022-04-04T12:05Z","2022-04-04T13:13Z","POSE.20220404.02.1.e-fisher",1,10,"COTCAE","Cottus caeruleomentum","species",,,,31,0.3,,,,,"dna sample only","FSH.POSE.02.20220404.1.0010","FSH.POSE.02.20220404.1.0010.DNA","0000-0003-3114-5862",
"275a5058-90b4-448a-b4d1-ee9775e72458","D02","POSE","POSE.AOS.fish.point.02","2022-04-04T12:05Z","2022-04-04T13:13Z","POSE.20220404.02.1.e-fisher",1,49,"RHIATR","Rhinichthys atratulus","species",,,,31,0.3,,,,,"no sample",,,"0000-0003-3114-5862",
"5a4de312-3ce0-4d7a-aafa-25e1ce9892ba","D02","POSE","POSE.AOS.fish.point.02","2022-04-04T12:05Z","2022-04-04T13:13Z","POSE.20220404.02.1.e-fisher",1,35,"RHIATR","Rhinichthys atratulus","species",,,,57,2.3,,,,,"no sample",,,"0000-0003-3114-5862",
"91343c66-94a2-479b-9b92-51bbd70d3e7c","D02","POSE","POSE.AOS.fish.point.02","2022-04-04T12:05Z","2022-04-04T13:13Z","POSE.20220404.02.1.e-fisher",1,22,"RHIATR","Rhinichthys atratulus","species",,,,29,0.3,,,,,"no sample",,,"0000-0003-3114-5862",
"9b540de2-deaf-4456-a8d2-e21bf81e203b","D02","POSE","POSE.AOS.fish.point.02","2022-04-04T12:05Z","2022-04-04T13:13Z","POSE.20220404.02.1.e-fisher",1,45,"RHIATR","Rhinichthys atratulus","species",,,,61,2.4,,,,,"no sample",,,"0000-0003-3114-5862",
"a449e887-80b3-4cd4-9ba7-34ea1c6b5b53","D02","POSE","POSE.AOS.fish.point.02","2022-04-04T12:05Z","2022-04-04T13:13Z","POSE.20220404.02.1.e-fisher",1,40,"RHIATR","Rhinichthys atratulus","species",,,,57,2.0,,,,,"no sample",,,"0000-0003-3114-5862",
"36cfd134-cb2a-441d-88d0-f54efa42ae4a","D02","POSE","POSE.AOS.fish.point.02","2022-04-04T12:05Z","2022-04-04T13:13Z","POSE.20220404.02.1.e-fisher",1,53,"RHIATR","Rhinichthys atratulus","species",,,,31,0.3,,,,,"no sample",,,"0000-0003-3114-5862",
"1edbea99-45f6-4f52-ba31-40ae9ef5e8aa","D02","POSE","POSE.AOS.fish.point.02","2022-04-04T12:05Z","2022-04-04T13:13Z","POSE.20220404.02.1.e-fisher",1,28,"RHIATR","Rhinichthys atratulus","species",,,,44,0.9,,,,,"no sample",,,"0000-0003-3114-5862",
"8039a50c-4fe5-457b-aee0-894b187c5b10","D02","POSE","POSE.AOS.fish.point.02","2022-04-04T12:05Z","2022-04-04T13:13Z","POSE.20220404.02.1.e-fisher",1,4,"RHIATR","Rhinichthys atratulus","species",,,,29,0.3,,,,,"dna sample only","FSH.POSE.02.20220404.1.0004","FSH.POSE.02.20220404.1.0004.DNA","0000-0003-3114-5862",
"997307a6-6603-4342-af1a-6ea2af96087b","D02","POSE","POSE.AOS.fish.point.02","2022-04-04T12:05Z","2022-04-04T13:13Z","POSE.20220404.02.1.e-fisher",1,42,"RHIATR","Rhinichthys atratulus","species",,,,45,1.0,,,,,"no sample",,,"0000-0003-3114-5862",
"ea9bb8bd-c193-45f9-9b84-51ad30d0c104","D02","POSE","POSE.AOS.fish.point.02","2022-04-04T12:05Z","2022-04-04T13:13Z","POSE.20220404.02.1.e-fisher",1,18,"RHIATR","Rhinichthys atratulus","species",,,,33,0.5,,,,,"no sample",,,"0000-0003-3114-5862",
"fc9b1dc0-fa00-4f96-9048-ffac0fad7e9b","D02","POSE","POSE.AOS.fish.point.02","2022-04-04T12:05Z","2022-04-04T13:13Z","POSE.20220404.02.1.e-fisher",1,52,"RHIATR","Rhinichthys atratulus","species",,,,49,1.7,,,,,"no sample",,,"0000-0003-3114-5862",
"3557b2b0-e6cd-4c2c-9db2-3de1578d0b8e","D02","POSE","POSE.AOS.fish.point.02","2022-04-04T12:05Z","2022-04-04T13:13Z","POSE.20220404.02.1.e-fisher",1,5,"RHIATR","Rhinichthys atratulus","species",,,,53,1.7,,,,,"dna sample only","FSH.POSE.02.20220404.1.0005","FSH.POSE.02.20220404.1.0005.DNA","0000-0003-3114-5862",
"371da35c-05d2-4520-bd0b-52fb5ad3e12e","D02","POSE","POSE.AOS.fish.point.02","2022-04-04T12:05Z","2022-04-04T13:13Z","POSE.20220404.02.1.e-fisher",1,50,"RHIATR","Rhinichthys atratulus","species",,,,55,2.0,,,,,"no sample",,,"0000-0003-3114-5862",
"20465d77-b9fa-4257-9dff-0713ce25486b","D02","POSE","POSE.AOS.fish.point.02","2022-04-04T12:05Z","2022-04-04T13:13Z","POSE.20220404.02.1.e-fisher",1,26,"RHIATR","Rhinichthys atratulus","species",,,,31,0.3,,,,,"no sample",,,"0000-0003-3114-5862",
"e605ed41-7c3b-4810-acaa-b2db8d68d46c","D02","POSE","POSE.AOS.fish.point.02","2022-04-04T12:05Z","2022-04-04T13:13Z","POSE.20220404.02.1.e-fisher",1,51,"RHIATR","Rhinichthys atratulus","species",,,,28,0.3,,,,,"no sample",,,"0000-0003-3114-5862",
"791834b7-b0b5-4ab8-bdb0-2b3844d38e54","D02","POSE","POSE.AOS.fish.point.02","2022-04-04T12:05Z","2022-04-04T13:13Z","POSE.20220404.02.1.e-fisher",1,7,"COTCAE","Cottus caeruleomentum","species",,,,61,2.3,,,,,"dna sample only","FSH.POSE.02.20220404.1.0007","FSH.POSE.02.20220404.1.0007.DNA","0000-0003-3114-5862",
"74909632-0966-47da-a618-36221a42225b","D02","POSE","POSE.AOS.fish.point.02","2022-04-04T12:05Z","2022-04-04T13:13Z","POSE.20220404.02.1.e-fisher",1,15,"ETHFLA","Etheostoma flabellare","species",,,,39,0.6,,,,,"dna sample only","FSH.POSE.02.20220404.1.0015","FSH.POSE.02.20220404.1.0015.DNA","0000-0003-3114-5862",
"af665c97-64c6-4557-b75d-129128d64110","D02","POSE","POSE.AOS.fish.point.02","2022-04-04T12:05Z","2022-04-04T13:13Z","POSE.20220404.02.1.e-fisher",1,43,"RHIATR","Rhinichthys atratulus","species",,,,33,0.3,,,,,"no sample",,,"0000-0003-3114-5862",
"2440e3ea-3302-47bd-a3ec-cd9008c4b586","D02","POSE","POSE.AOS.fish.point.02","2022-04-04T12:05Z","2022-04-04T13:13Z","POSE.20220404.02.1.e-fisher",1,32,"RHIATR","Rhinichthys atratulus","species",,,,37,0.5,,,,,"no sample",,,"0000-0003-3114-5862",
"3fda9d16-e6de-4b7d-a261-e008ef9cefa8","D02","POSE","POSE.AOS.fish.point.02","2022-04-04T12:05Z","2022-04-04T13:13Z","POSE.20220404.02.1.e-fisher",1,46,"RHIATR","Rhinichthys atratulus","species",,,,46,1.2,,,,,"no sample",,,"0000-0003-3114-5862",
"895d2ac0-9f7f-428b-8da9-1332b5b99c2f","D02","POSE","POSE.AOS.fish.point.02","2022-04-04T12:05Z","2022-04-04T13:13Z","POSE.20220404.02.1.e-fisher",1,16,"RHIATR","Rhinichthys atratulus","species",,,,43,0.6,,,,,"no sample",,,"0000-0003-3114-5862",
"cf324710-f0ba-4d7f-b2e4-748e1fdd30d4","D02","POSE","POSE.AOS.fish.point.02","2022-04-04T12:05Z","2022-04-04T13:13Z","POSE.20220404.02.1.e-fisher",1,12,"ETHFLA","Etheostoma flabellare","species",,,,55,2.8,,,,,"dna sample only","FSH.POSE.02.20220404.1.0012","FSH.POSE.02.20220404.1.0012.DNA","0000-0003-3114-5862",
"6f3c4b3a-b3f4-4f8f-896d-a481a12e0636","D02","POSE","POSE.AOS.fish.point.02","2022-04-04T12:05Z","2022-04-04T13:13Z","POSE.20220404.02.1.e-fisher",1,55,"COTCAE","Cottus caeruleomentum","species",,,,57,2.2,,,,,"no sample",,,"0000-0003-3114-5862",
"b40fa142-4fb4-43ab-8508-3fb251e3c71c","D02","POSE","POSE.AOS.fish.point.02","2022-04-04T12:05Z","2022-04-04T13:13Z","POSE.20220404.02.1.e-fisher",1,19,"RHIATR","Rhinichthys atratulus","species",,,,41,0.6,,,,,"no sample",,,"0000-0003-3114-5862",
"795ce57a-0c1b-451d-837f-555ae39b2e00","D02","POSE","POSE.AOS.fish.point.02","2022-04-04T12:05Z","2022-04-04T13:13Z","POSE.20220404.02.1.e-fisher",1,31,"RHIATR","Rhinichthys atratulus","species",,,,41,0.7,,,,,"no sample",,,"0000-0003-3114-5862",
"00d75725-2b6b-4ab3-b999-befb8a4c6e92","D02","POSE","POSE.AOS.fish.point.02","2022-04-04T12:05Z","2022-04-04T13:13Z","POSE.20220404.02.1.e-fisher",1,39,"RHIATR","Rhinichthys atratulus","species",,,,65,2.6,,,,,"no sample",,,"0000-0003-3114-5862",
"2b5d8c9b-5976-4f55-b423-3dffde9cb607","D02","POSE","POSE.AOS.fish.point.02","2022-04-04T12:05Z","2022-04-04T13:13Z","POSE.20220404.02.1.e-fisher",1,1,"RHIATR","Rhinichthys atratulus","species",,,,31,0.3,,,,,"dna sample only","FSH.POSE.02.20220404.1.0001","FSH.POSE.02.20220404.1.0001.DNA","0000-0003-3114-5862",
"cd262892-1970-422a-92da-1ed604714691","D02","POSE","POSE.AOS.fish.point.02","2022-04-04T12:05Z","2022-04-04T13:13Z","POSE.20220404.02.1.e-fisher",1,3,"RHIATR","Rhinichthys atratulus","species",,,,28,0.3,,,,,"dna sample only","FSH.POSE.02.20220404.1.0003","FSH.POSE.02.20220404.1.0003.DNA","0000-0003-3114-5862",
"f165780b-3e59-4bf3-a588-1a3874224d1d","D02","POSE","POSE.AOS.fish.point.02","2022-04-04T12:05Z","2022-04-04T13:13Z","POSE.20220404.02.1.e-fisher",1,23,"RHIATR","Rhinichthys atratulus","species",,,,24,0.3,,,,,"no sample",,,"0000-0003-3114-5862",
"daeacd73-d88e-4f05-94e7-a2107b81f69d","D02","POSE","POSE.AOS.fish.point.02","2022-04-04T12:05Z","2022-04-04T13:13Z","POSE.20220404.02.1.e-fisher",1,41,"RHIATR","Rhinichthys atratulus","species",,,,43,1.0,,,,,"no sample",,,"0000-0003-3114-5862",
"4b231f53-0ff8-427b-bbbf-e23678d4c573","D02","POSE","POSE.AOS.fish.point.02","2022-04-04T12:05Z","2022-04-04T13:13Z","POSE.20220404.02.1.e-fisher",1,36,"RHIATR","Rhinichthys atratulus","species",,,,58,2.0,,,,,"no sample",,,"0000-0003-3114-5862",
"08989cbc-ff03-481b-9986-fe62b0b3a701","D02","POSE","POSE.AOS.fish.point.02","2022-04-04T12:05Z","2022-04-04T13:13Z","POSE.20220404.02.1.e-fisher",1,25,"RHIATR","Rhinichthys atratulus","species",,,,46,0.9,,,,,"no sample",,,"0000-0003-3114-5862",
"92aadfdc-9f2d-4990-859b-3392f808d8e5","D02","POSE","POSE.AOS.fish.point.02","2022-04-04T12:05Z","2022-04-04T13:13Z","POSE.20220404.02.1.e-fisher",1,17,"COTCAE","Cottus caeruleomentum","species",,,,65,3.4,,,,,"no sample",,,"0000-0003-3114-5862",
"893ec152-e599-4c0a-abfb-5bf62046e2ad","D02","POSE","POSE.AOS.fish.point.02","2022-04-04T12:05Z","2022-04-04T13:13Z","POSE.20220404.02.1.e-fisher",1,9,"COTCAE","Cottus caeruleomentum","species",,,,62,3.4,,,,,"dna sample only","FSH.POSE.02.20220404.1.0009","FSH.POSE.02.20220404.1.0009.DNA","0000-0003-3114-5862",
"526ae508-4c32-4101-9d9d-117954653d26","D02","POSE","POSE.AOS.fish.point.02","2022-04-04T12:05Z","2022-04-04T13:13Z","POSE.20220404.02.1.e-fisher",1,21,"RHIATR","Rhinichthys atratulus","species",,,,29,0.3,,,,,"no sample",,,"0000-0003-3114-5862",
"c6b839bf-6b08-490b-b7e5-ddd22ea4ff5d","D02","POSE","POSE.AOS.fish.point.02","2022-04-04T12:05Z","2022-04-04T13:13Z","POSE.20220404.02.1.e-fisher",1,11,"ETHFLA","Etheostoma flabellare","species",,,,43,1.1,,,,,"dna sample only","FSH.POSE.02.20220404.1.0011","FSH.POSE.02.20220404.1.0011.DNA","0000-0003-3114-5862",
"dc3f3b86-c32f-4854-b52c-aa1ddc2fa062","D02","POSE","POSE.AOS.fish.point.02","2022-04-04T12:05Z","2022-04-04T13:13Z","POSE.20220404.02.1.e-fisher",1,24,"ETHFLA","Etheostoma flabellare","species",,,,46,1.0,,,,,"no sample",,,"0000-0003-3114-5862",
"dc6310e1-7bf7-4ff4-8a3d-98a5910607a5","D02","POSE","POSE.AOS.fish.point.02","2022-04-04T12:05Z","2022-04-04T13:13Z","POSE.20220404.02.1.e-fisher",1,8,"COTCAE","Cottus caeruleomentum","species",,,,63,3.7,,,,,"dna sample only","FSH.POSE.02.20220404.1.0008","FSH.POSE.02.20220404.1.0008.DNA","0000-0003-3114-5862",
"3031d36a-2b5d-4206-8b6c-f7e9967d578a","D02","POSE","POSE.AOS.fish.point.02","2022-04-04T12:05Z","2022-04-04T13:13Z","POSE.20220404.02.1.e-fisher",1,38,"COTCAE","Cottus caeruleomentum","species",,,,76,5.2,,,,,"no sample",,,"0000-0003-3114-5862",
"225b57a7-c276-4bf9-abf4-6ed6b8a03cdc","D02","POSE","POSE.AOS.fish.point.02","2022-04-04T12:05Z","2022-04-04T13:13Z","POSE.20220404.02.1.e-fisher",1,2,"RHIATR","Rhinichthys atratulus","species",,,,42,0.6,,,,,"dna sample only","FSH.POSE.02.20220404.1.0002","FSH.POSE.02.20220404.1.0002.DNA","0000-0003-3114-5862",
"bd6a69f5-e6ae-4e05-aa9c-6cf5ee91a6ff","D02","POSE","POSE.AOS.fish.point.02","2022-04-04T12:05Z","2022-04-04T13:13Z","POSE.20220404.02.1.e-fisher",1,27,"RHIATR","Rhinichthys atratulus","species",,,,56,1.2,,,,,"no sample",,,"0000-0003-3114-5862",
"4b5d71a1-832b-46d3-abad-86a56b8dcb7e","D02","POSE","POSE.AOS.fish.point.02","2022-04-04T12:05Z","2022-04-04T13:13Z","POSE.20220404.02.1.e-fisher",1,13,"ETHFLA","Etheostoma flabellare","species",,,,39,0.6,,,,,"dna sample only","FSH.POSE.02.20220404.1.0013","FSH.POSE.02.20220404.1.0013.DNA","0000-0003-3114-5862",
"5531956c-7a91-449c-8553-cf92727ead18","D02","POSE","POSE.AOS.fish.point.02","2022-04-04T12:05Z","2022-04-04T13:13Z","POSE.20220404.02.1.e-fisher",1,44,"COTCAE","Cottus caeruleomentum","species",,,,68,5.2,,,,,"no sample",,,"0000-0003-3114-5862",
"6059b996-0f20-4a01-930f-05145ab815cb","D02","POSE","POSE.AOS.fish.point.02","2022-04-04T12:05Z","2022-04-04T13:13Z","POSE.20220404.02.1.e-fisher",1,20,"RHIATR","Rhinichthys atratulus","species",,,,24,0.3,,,,,"no sample",,,"0000-0003-3114-5862",
"21d56a06-2378-441f-9167-a5bc48afc0b7","D02","POSE","POSE.AOS.fish.point.02","2022-04-04T14:19Z","2022-04-04T15:06Z","POSE.20220404.02.2.e-fisher",2,9,"ETHFLA","Etheostoma flabellare","species",,,,25,0.3,,,,,"no sample",,,"0000-0003-3114-5862",
"a0fca344-5598-456a-8d07-552a15e77c1f","D02","POSE","POSE.AOS.fish.point.02","2022-04-04T14:19Z","2022-04-04T15:06Z","POSE.20220404.02.2.e-fisher",2,7,"COTCAE","Cottus caeruleomentum","species",,,,77,6.5,,,,,"no sample",,,"0000-0003-3114-5862",
"b52c0dd1-86e1-466b-a8cc-c2c4395a1e78","D02","POSE","POSE.AOS.fish.point.02","2022-04-04T14:19Z","2022-04-04T15:06Z","POSE.20220404.02.2.e-fisher",2,16,"ETHFLA","Etheostoma flabellare","species",,,,27,0.3,,,,,"no sample",,,"0000-0003-3114-5862",
"a1ac944f-16e0-4ad4-a323-66ae64fee205","D02","POSE","POSE.AOS.fish.point.02","2022-04-04T14:19Z","2022-04-04T15:06Z","POSE.20220404.02.2.e-fisher",2,4,"ETHFLA","Etheostoma flabellare","species",,,,64,2.2,,,,,"no sample",,,"0000-0003-3114-5862",
"baf8afd4-c74c-4f44-89cd-ce9ebd3c2665","D02","POSE","POSE.AOS.fish.point.02","2022-04-04T14:19Z","2022-04-04T15:06Z","POSE.20220404.02.2.e-fisher",2,1,"COTCAE","Cottus caeruleomentum","species",,,,66,3.5,,,,,"no sample",,,"0000-0003-3114-5862",
"a1bfa5d3-19c3-4264-a539-add9e33bb7e8","D02","POSE","POSE.AOS.fish.point.02","2022-04-04T14:19Z","2022-04-04T15:06Z","POSE.20220404.02.2.e-fisher",2,13,"RHIATR","Rhinichthys atratulus","species",,,,44,0.9,,,,,"no sample",,,"0000-0003-3114-5862",
"9dc4d474-c153-4ef4-b09a-80206b4a55c2","D02","POSE","POSE.AOS.fish.point.02","2022-04-04T14:19Z","2022-04-04T15:06Z","POSE.20220404.02.2.e-fisher",2,3,"COTCAE","Cottus caeruleomentum","species",,,,36,0.7,,,,,"no sample",,,"0000-0003-3114-5862",
"f94ce2de-24ba-48d3-b976-349bf01dbe0e","D02","POSE","POSE.AOS.fish.point.02","2022-04-04T14:19Z","2022-04-04T15:06Z","POSE.20220404.02.2.e-fisher",2,12,"COTCAE","Cottus caeruleomentum","species",,,,35,0.6,,,,,"no sample",,,"0000-0003-3114-5862",
"a261ec1f-4355-4663-920d-57814b55e03a","D02","POSE","POSE.AOS.fish.point.02","2022-04-04T14:19Z","2022-04-04T15:06Z","POSE.20220404.02.2.e-fisher",2,17,"RHIATR","Rhinichthys atratulus","species",,,,65,3.4,,,,,"no sample",,,"0000-0003-3114-5862",
"06a3ccfc-35c3-478c-a467-d6a2800cb684","D02","POSE","POSE.AOS.fish.point.02","2022-04-04T14:19Z","2022-04-04T15:06Z","POSE.20220404.02.2.e-fisher",2,10,"RHIATR","Rhinichthys atratulus","species",,,,22,0.3,,,,,"no sample",,,"0000-0003-3114-5862",
"e3f85669-d80b-4f0d-a6bf-2f839630f3c2","D02","POSE","POSE.AOS.fish.point.02","2022-04-04T14:19Z","2022-04-04T15:06Z","POSE.20220404.02.2.e-fisher",2,2,"RHIATR","Rhinichthys atratulus","species",,,,47,1.0,,,,,"no sample",,,"0000-0003-3114-5862",
"8633af30-d8bf-48c9-95e9-191d7ac262ae","D02","POSE","POSE.AOS.fish.point.02","2022-04-04T14:19Z","2022-04-04T15:06Z","POSE.20220404.02.2.e-fisher",2,11,"RHIATR","Rhinichthys atratulus","species",,,,50,1.3,,,,,"no sample",,,"0000-0003-3114-5862",
"0490b48b-ab79-41d3-bf4d-4d84584729f0","D02","POSE","POSE.AOS.fish.point.02","2022-04-04T14:19Z","2022-04-04T15:06Z","POSE.20220404.02.2.e-fisher",2,8,"RHIATR","Rhinichthys atratulus","species",,,,54,2.0,,,,,"no sample",,,"0000-0003-3114-5862",
"34fe8477-43b9-413f-8bc0-fce7aafe991e","D02","POSE","POSE.AOS.fish.point.02","2022-04-04T14:19Z","2022-04-04T15:06Z","POSE.20220404.02.2.e-fisher",2,5,"COTCAE","Cottus caeruleomentum","species",,,,61,3.2,,,,,"no sample",,,"0000-0003-3114-5862",
"3e25f567-c124-4c55-bc6e-cf3308481398","D02","POSE","POSE.AOS.fish.point.02","2022-04-04T14:19Z","2022-04-04T15:06Z","POSE.20220404.02.2.e-fisher",2,6,"RHIATR","Rhinichthys atratulus","species",,,,61,2.1,,,,,"no sample",,,"0000-0003-3114-5862",
"7286ecc5-3d34-444d-84a5-5e823b3d5e08","D02","POSE","POSE.AOS.fish.point.02","2022-04-04T14:19Z","2022-04-04T15:06Z","POSE.20220404.02.2.e-fisher",2,15,"COTCAE","Cottus caeruleomentum","species",,,,32,0.3,,,,,"no sample",,,"0000-0003-3114-5862",
"bdb3f966-76a2-4196-a389-d4e6669dff11","D02","POSE","POSE.AOS.fish.point.02","2022-04-04T14:19Z","2022-04-04T15:06Z","POSE.20220404.02.2.e-fisher",2,14,"COTCAE","Cottus caeruleomentum","species",,,,35,0.3,,,,,"no sample",,,"0000-0003-3114-5862",
"d52ff370-f7ce-4014-b7b4-db1dd689dba3","D02","POSE","POSE.AOS.fish.point.02","2022-04-04T16:06Z","2022-04-04T16:43Z","POSE.20220404.02.3.e-fisher",3,4,"COTCAE","Cottus caeruleomentum","species",,,,60,3.2,,,,,"no sample",,,"0000-0003-3114-5862",
"3a5f33a0-461e-42b8-83b0-41d69fcfcafb","D02","POSE","POSE.AOS.fish.point.02","2022-04-04T16:06Z","2022-04-04T16:43Z","POSE.20220404.02.3.e-fisher",3,7,"RHIATR","Rhinichthys atratulus","species",,,,36,0.5,,,,,"no sample",,,"0000-0003-3114-5862",
"382aa10b-9c62-4cd1-af25-8e6cf0173e45","D02","POSE","POSE.AOS.fish.point.02","2022-04-04T16:06Z","2022-04-04T16:43Z","POSE.20220404.02.3.e-fisher",3,8,"RHIATR","Rhinichthys atratulus","species",,,,27,0.3,,,,,"no sample",,,"0000-0003-3114-5862",
"7105955c-ad68-4343-b5d4-aa110c40fc6b","D02","POSE","POSE.AOS.fish.point.02","2022-04-04T16:06Z","2022-04-04T16:43Z","POSE.20220404.02.3.e-fisher",3,5,"COTCAE","Cottus caeruleomentum","species",,,,77,4.6,,,,,"no sample",,,"0000-0003-3114-5862",
"cb4de346-2030-48e4-b6ff-d4ecf7273c03","D02","POSE","POSE.AOS.fish.point.02","2022-04-04T16:06Z","2022-04-04T16:43Z","POSE.20220404.02.3.e-fisher",3,6,"ETHFLA","Etheostoma flabellare","species",,,,58,2.0,,,,,"no sample",,,"0000-0003-3114-5862",
"bc3c7c3e-696a-4fa6-957c-58f76f13ddec","D02","POSE","POSE.AOS.fish.point.02","2022-04-04T16:06Z","2022-04-04T16:43Z","POSE.20220404.02.3.e-fisher",3,2,"RHIATR","Rhinichthys atratulus","species",,,,45,1.0,,,,,"no sample",,,"0000-0003-3114-5862",
"0fd7e634-0c2f-46e7-93b7-005f6ce346d6","D02","POSE","POSE.AOS.fish.point.02","2022-04-04T16:06Z","2022-04-04T16:43Z","POSE.20220404.02.3.e-fisher",3,3,"RHIATR","Rhinichthys atratulus","species",,,,67,2.6,,,,,"no sample",,,"0000-0003-3114-5862",
"e073b842-1c2e-4146-9b82-3b80ae120a59","D02","POSE","POSE.AOS.fish.point.02","2022-04-04T16:06Z","2022-04-04T16:43Z","POSE.20220404.02.3.e-fisher",3,11,"ETHFLA","Etheostoma flabellare","species",,,,45,0.8,,,,,"no sample",,,"0000-0003-3114-5862",
"1df0daee-3f47-4e0f-8543-bb290eaab0e0","D02","POSE","POSE.AOS.fish.point.02","2022-04-04T16:06Z","2022-04-04T16:43Z","POSE.20220404.02.3.e-fisher",3,9,"RHIATR","Rhinichthys atratulus","species",,,,26,0.3,,,,,"no sample",,,"0000-0003-3114-5862",
"fe56ab66-94ee-4c80-bcfa-94451ae2ad65","D02","POSE","POSE.AOS.fish.point.02","2022-04-04T16:06Z","2022-04-04T16:43Z","POSE.20220404.02.3.e-fisher",3,10,"COTCAE","Cottus caeruleomentum","species",,,,33,0.3,,,,,"no sample",,,"0000-0003-3114-5862",
"b3879254-d7db-410d-8308-04ff0deec02b","D02","POSE","POSE.AOS.fish.point.02","2022-04-04T16:06Z","2022-04-04T16:43Z","POSE.20220404.02.3.e-fisher",3,1,"RHIATR","Rhinichthys atratulus","species",,,,38,1.0,,,,,"no sample",,,"0000-0003-3114-5862",
"c1d39062-32c4-4779-b12d-f61cece757cf","D02","POSE","POSE.AOS.fish.point.03","2022-04-04T17:11Z","2022-04-04T18:09Z","POSE.20220404.03.1.e-fisher",1,4,"RHIATR","Rhinichthys atratulus","species",,,,40,0.6,,,,,"no sample",,,"0000-0003-3114-5862",
"3fbddcc8-4515-43fa-9770-5fe083e65da3","D02","POSE","POSE.AOS.fish.point.03","2022-04-04T17:11Z","2022-04-04T18:09Z","POSE.20220404.03.1.e-fisher",1,42,"RHIATR","Rhinichthys atratulus","species",,,,40,0.6,,,,,"no sample",,,"0000-0003-3114-5862",
"00f309fb-ecb4-43f0-a7a7-851a86b210bf","D02","POSE","POSE.AOS.fish.point.03","2022-04-04T17:11Z","2022-04-04T18:09Z","POSE.20220404.03.1.e-fisher",1,25,"RHIATR","Rhinichthys atratulus","species",,,,64,2.6,,,,,"no sample",,,"0000-0003-3114-5862",
"58a12b78-9a26-4d68-bf46-1750af7594ef","D02","POSE","POSE.AOS.fish.point.03","2022-04-04T17:11Z","2022-04-04T18:09Z","POSE.20220404.03.1.e-fisher",1,14,"RHIATR","Rhinichthys atratulus","species",,,,44,0.8,,,,,"no sample",,,"0000-0003-3114-5862",
"6ae1444d-5368-4fd8-b614-2990da506845","D02","POSE","POSE.AOS.fish.point.03","2022-04-04T17:11Z","2022-04-04T18:09Z","POSE.20220404.03.1.e-fisher",1,19,"RHIATR","Rhinichthys atratulus","species",,,,45,0.6,,,,,"no sample",,,"0000-0003-3114-5862",
"96cebfb6-f0ef-40be-8f4f-d53d950a36e0","D02","POSE","POSE.AOS.fish.point.03","2022-04-04T17:11Z","2022-04-04T18:09Z","POSE.20220404.03.1.e-fisher",1,21,"RHIATR","Rhinichthys atratulus","species",,,,31,0.3,,,,,"no sample",,,"0000-0003-3114-5862",
"91e5180b-c284-4c3c-b390-1e698ff7e759","D02","POSE","POSE.AOS.fish.point.03","2022-04-04T17:11Z","2022-04-04T18:09Z","POSE.20220404.03.1.e-fisher",1,39,"RHIATR","Rhinichthys atratulus","species",,,,55,1.9,,,,,"no sample",,,"0000-0003-3114-5862",
"566a2923-bfb4-4815-ba77-0d29256add10","D02","POSE","POSE.AOS.fish.point.03","2022-04-04T17:11Z","2022-04-04T18:09Z","POSE.20220404.03.1.e-fisher",1,13,"COTCAE","Cottus caeruleomentum","species",,,,67,3.5,,,,,"no sample",,,"0000-0003-3114-5862",
"32598c7b-8894-47f8-82b0-df416294ee98","D02","POSE","POSE.AOS.fish.point.03","2022-04-04T17:11Z","2022-04-04T18:09Z","POSE.20220404.03.1.e-fisher",1,17,"RHIATR","Rhinichthys atratulus","species",,,,49,1.3,,,,,"no sample",,,"0000-0003-3114-5862",
"cf1e9271-0974-4425-9c84-782aae904cee","D02","POSE","POSE.AOS.fish.point.03","2022-04-04T17:11Z","2022-04-04T18:09Z","POSE.20220404.03.1.e-fisher",1,27,"RHIATR","Rhinichthys atratulus","species",,,,52,1.4,,,,,"no sample",,,"0000-0003-3114-5862",
"421dc1d6-0f00-48bc-aa26-2dff332e0617","D02","POSE","POSE.AOS.fish.point.03","2022-04-04T17:11Z","2022-04-04T18:09Z","POSE.20220404.03.1.e-fisher",1,29,"RHIATR","Rhinichthys atratulus","species",,,,56,1.9,,,,,"no sample",,,"0000-0003-3114-5862",
"a1c458d6-65b0-467a-86d3-a9356c64656f","D02","POSE","POSE.AOS.fish.point.03","2022-04-04T17:11Z","2022-04-04T18:09Z","POSE.20220404.03.1.e-fisher",1,23,"RHIATR","Rhinichthys atratulus","species",,,,27,0.3,,,,,"no sample",,,"0000-0003-3114-5862",
"692698a3-28d9-4d43-8385-e71670c4671e","D02","POSE","POSE.AOS.fish.point.03","2022-04-04T17:11Z","2022-04-04T18:09Z","POSE.20220404.03.1.e-fisher",1,11,"RHIATR","Rhinichthys atratulus","species",,,,24,0.3,,,,,"no sample",,,"0000-0003-3114-5862",
"f4cb0259-d06d-498f-8174-6d3a2d019366","D02","POSE","POSE.AOS.fish.point.03","2022-04-04T17:11Z","2022-04-04T18:09Z","POSE.20220404.03.1.e-fisher",1,9,"ETHFLA","Etheostoma flabellare","species",,,,42,0.7,,,,,"no sample",,,"0000-0003-3114-5862",
"710425f8-0b61-4362-8f29-839456d694b7","D02","POSE","POSE.AOS.fish.point.03","2022-04-04T17:11Z","2022-04-04T18:09Z","POSE.20220404.03.1.e-fisher",1,24,"ETHFLA","Etheostoma flabellare","species",,,,56,2.2,,,,,"no sample",,,"0000-0003-3114-5862",
"dc4c3c6a-7421-493a-96ed-dda1265e8465","D02","POSE","POSE.AOS.fish.point.03","2022-04-04T17:11Z","2022-04-04T18:09Z","POSE.20220404.03.1.e-fisher",1,45,"RHIATR","Rhinichthys atratulus","species",,,,42,0.7,,,,,"no sample",,,"0000-0003-3114-5862",
"9118e226-6e60-4cf7-a4f4-3b78733ae53d","D02","POSE","POSE.AOS.fish.point.03","2022-04-04T17:11Z","2022-04-04T18:09Z","POSE.20220404.03.1.e-fisher",1,1,"COTCAE","Cottus caeruleomentum","species",,,,80,7.5,,,,,"no sample",,,"0000-0003-3114-5862",
"f9437a6d-cefb-42d3-83be-4016619f0e9a","D02","POSE","POSE.AOS.fish.point.03","2022-04-04T17:11Z","2022-04-04T18:09Z","POSE.20220404.03.1.e-fisher",1,5,"RHIATR","Rhinichthys atratulus","species",,,,41,0.5,,,,,"no sample",,,"0000-0003-3114-5862",
"ffcb47c1-7a46-422b-adc5-6a7d7dd2d64f","D02","POSE","POSE.AOS.fish.point.03","2022-04-04T17:11Z","2022-04-04T18:09Z","POSE.20220404.03.1.e-fisher",1,43,"RHIATR","Rhinichthys atratulus","species",,,,47,1.2,,,,,"no sample",,,"0000-0003-3114-5862",
"49df6763-924d-46d8-8f59-30110ba92f13","D02","POSE","POSE.AOS.fish.point.03","2022-04-04T17:11Z","2022-04-04T18:09Z","POSE.20220404.03.1.e-fisher",1,35,"RHIATR","Rhinichthys atratulus","species",,,,42,0.5,,,,,"no sample",,,"0000-0003-3114-5862",
"d9cf5c4e-dda2-4176-aa0b-1af8030ff65f","D02","POSE","POSE.AOS.fish.point.03","2022-04-04T17:11Z","2022-04-04T18:09Z","POSE.20220404.03.1.e-fisher",1,33,"RHIATR","Rhinichthys atratulus","species",,,,32,0.3,,,,,"no sample",,,"0000-0003-3114-5862",
"09123f7f-2076-44d5-926f-875be20d7403","D02","POSE","POSE.AOS.fish.point.03","2022-04-04T17:11Z","2022-04-04T18:09Z","POSE.20220404.03.1.e-fisher",1,8,"COTCAE","Cottus caeruleomentum","species",,,,62,2.4,,,,,"no sample",,,"0000-0003-3114-5862",
"6fb27235-e32e-406b-b5bc-759319043d9b","D02","POSE","POSE.AOS.fish.point.03","2022-04-04T17:11Z","2022-04-04T18:09Z","POSE.20220404.03.1.e-fisher",1,7,"COTCAE","Cottus caeruleomentum","species",,,,65,3.6,,,,,"no sample",,,"0000-0003-3114-5862",
"de4dd5a9-99c0-4fe4-a425-3cd066bc582d","D02","POSE","POSE.AOS.fish.point.03","2022-04-04T17:11Z","2022-04-04T18:09Z","POSE.20220404.03.1.e-fisher",1,10,"RHIATR","Rhinichthys atratulus","species",,,,23,0.3,,,,,"no sample",,,"0000-0003-3114-5862",
"b7c63922-757b-44b0-ae1b-bf245ff29d49","D02","POSE","POSE.AOS.fish.point.03","2022-04-04T17:11Z","2022-04-04T18:09Z","POSE.20220404.03.1.e-fisher",1,46,"RHIATR","Rhinichthys atratulus","species",,,,64,2.8,,,,,"no sample",,,"0000-0003-3114-5862",
"b0c7b7b5-ae81-4df8-9a67-0a050afa7016","D02","POSE","POSE.AOS.fish.point.03","2022-04-04T17:11Z","2022-04-04T18:09Z","POSE.20220404.03.1.e-fisher",1,3,"RHIATR","Rhinichthys atratulus","species",,,,50,1.3,,,,,"no sample",,,"0000-0003-3114-5862",
"023a4c2c-b942-41d5-a7cc-d67c1c00ae8d","D02","POSE","POSE.AOS.fish.point.03","2022-04-04T17:11Z","2022-04-04T18:09Z","POSE.20220404.03.1.e-fisher",1,30,"RHIATR","Rhinichthys atratulus","species",,,,31,0.3,,,,,"no sample",,,"0000-0003-3114-5862",
"d54c8d29-369e-4464-b8d7-91ef8be599f0","D02","POSE","POSE.AOS.fish.point.03","2022-04-04T17:11Z","2022-04-04T18:09Z","POSE.20220404.03.1.e-fisher",1,32,"RHIATR","Rhinichthys atratulus","species",,,,48,0.9,,,,,"no sample",,,"0000-0003-3114-5862",
"e547f0ea-cf82-4c51-ae02-ca4fe933af26","D02","POSE","POSE.AOS.fish.point.03","2022-04-04T17:11Z","2022-04-04T18:09Z","POSE.20220404.03.1.e-fisher",1,40,"RHIATR","Rhinichthys atratulus","species",,,,36,0.3,,,,,"no sample",,,"0000-0003-3114-5862",
"cd5929c5-9ec1-4b4d-99cd-6bea63ba4c74","D02","POSE","POSE.AOS.fish.point.03","2022-04-04T17:11Z","2022-04-04T18:09Z","POSE.20220404.03.1.e-fisher",1,26,"RHIATR","Rhinichthys atratulus","species",,,,45,1.2,,,,,"no sample",,,"0000-0003-3114-5862",
"50dbd997-bbdd-4575-96cd-dfa95526d0ee","D02","POSE","POSE.AOS.fish.point.03","2022-04-04T17:11Z","2022-04-04T18:09Z","POSE.20220404.03.1.e-fisher",1,41,"RHIATR","Rhinichthys atratulus","species",,,,29,0.3,,,,,"no sample",,,"0000-0003-3114-5862",
"852ce758-b6cd-4868-8845-111413b7d294","D02","POSE","POSE.AOS.fish.point.03","2022-04-04T17:11Z","2022-04-04T18:09Z","POSE.20220404.03.1.e-fisher",1,37,"RHIATR","Rhinichthys atratulus","species",,,,57,2.4,,,,,"no sample",,,"0000-0003-3114-5862",
"05d1b9a2-cce0-4317-a207-f55baabc29ef","D02","POSE","POSE.AOS.fish.point.03","2022-04-04T17:11Z","2022-04-04T18:09Z","POSE.20220404.03.1.e-fisher",1,20,"RHIATR","Rhinichthys atratulus","species",,,,63,2.4,,,,,"no sample",,,"0000-0003-3114-5862",
"2b0221a1-7983-45b5-ac4e-f7f1109c0d81","D02","POSE","POSE.AOS.fish.point.03","2022-04-04T17:11Z","2022-04-04T18:09Z","POSE.20220404.03.1.e-fisher",1,16,"RHIATR","Rhinichthys atratulus","species",,,,38,0.3,,,,,"no sample",,,"0000-0003-3114-5862",
"8b8409bb-038c-46c3-bfcf-cf4be23d17a6","D02","POSE","POSE.AOS.fish.point.03","2022-04-04T17:11Z","2022-04-04T18:09Z","POSE.20220404.03.1.e-fisher",1,15,"RHIATR","Rhinichthys atratulus","species",,,,64,2.4,,,,,"no sample",,,"0000-0003-3114-5862",
"7338f71d-763d-446a-a942-4debab00e769","D02","POSE","POSE.AOS.fish.point.03","2022-04-04T17:11Z","2022-04-04T18:09Z","POSE.20220404.03.1.e-fisher",1,12,"RHIATR","Rhinichthys atratulus","species",,,,49,1.4,,,,,"no sample",,,"0000-0003-3114-5862",
"74b30e79-52f3-4836-8522-e10d8d91ef8c","D02","POSE","POSE.AOS.fish.point.03","2022-04-04T17:11Z","2022-04-04T18:09Z","POSE.20220404.03.1.e-fisher",1,34,"RHIATR","Rhinichthys atratulus","species",,,,39,0.8,,,,,"no sample",,,"0000-0003-3114-5862",
"315851a7-5700-4751-bfad-d94233c799c5","D02","POSE","POSE.AOS.fish.point.03","2022-04-04T17:11Z","2022-04-04T18:09Z","POSE.20220404.03.1.e-fisher",1,36,"RHIATR","Rhinichthys atratulus","species",,,,41,1.7,,,,,"no sample",,,"0000-0003-3114-5862",
"59889dda-8198-4e1d-9949-ac30a7806c5b","D02","POSE","POSE.AOS.fish.point.03","2022-04-04T17:11Z","2022-04-04T18:09Z","POSE.20220404.03.1.e-fisher",1,44,"RHIATR","Rhinichthys atratulus","species",,,,59,1.7,,,,,"no sample",,,"0000-0003-3114-5862",
"99265fb5-8ee9-4d17-b080-86f37d184ab2","D02","POSE","POSE.AOS.fish.point.03","2022-04-04T17:11Z","2022-04-04T18:09Z","POSE.20220404.03.1.e-fisher",1,6,"RHIATR","Rhinichthys atratulus","species",,,,39,0.3,,,,,"no sample",,,"0000-0003-3114-5862",
"b4ed1c3c-8306-4331-a187-0006109a03cc","D02","POSE","POSE.AOS.fish.point.03","2022-04-04T17:11Z","2022-04-04T18:09Z","POSE.20220404.03.1.e-fisher",1,28,"RHIATR","Rhinichthys atratulus","species",,,,36,0.5,,,,,"no sample",,,"0000-0003-3114-5862",
"c87313c5-b8bd-49f5-b04a-4576e7216d98","D02","POSE","POSE.AOS.fish.point.03","2022-04-04T17:11Z","2022-04-04T18:09Z","POSE.20220404.03.1.e-fisher",1,2,"ETHFLA","Etheostoma flabellare","species",,,,60,2.6,,,,,"no sample",,,"0000-0003-3114-5862",
"c9830b2b-9482-4b34-8a81-ad295fe54041","D02","POSE","POSE.AOS.fish.point.03","2022-04-04T17:11Z","2022-04-04T18:09Z","POSE.20220404.03.1.e-fisher",1,18,"COTCAE","Cottus caeruleomentum","species",,,,62,3.0,,,,,"no sample",,,"0000-0003-3114-5862",
"bd34ad06-941f-418f-aab7-7da8561d48d7","D02","POSE","POSE.AOS.fish.point.03","2022-04-04T17:11Z","2022-04-04T18:09Z","POSE.20220404.03.1.e-fisher",1,31,"RHIATR","Rhinichthys atratulus","species",,,,48,1.5,,,,,"no sample",,,"0000-0003-3114-5862",
"28de8571-d27c-4068-9d53-7d36698e7237","D02","POSE","POSE.AOS.fish.point.03","2022-04-04T17:11Z","2022-04-04T18:09Z","POSE.20220404.03.1.e-fisher",1,22,"RHIATR","Rhinichthys atratulus","species",,,,59,2.6,,,,,"no sample",,,"0000-0003-3114-5862",
"dc09c19f-7680-4d70-8af1-5bf5b9c5d5a2","D02","POSE","POSE.AOS.fish.point.03","2022-04-04T17:11Z","2022-04-04T18:09Z","POSE.20220404.03.1.e-fisher",1,38,"RHIATR","Rhinichthys atratulus","species",,,,70,3.6,,,,,"no sample",,,"0000-0003-3114-5862",
"47f1d965-fbbe-4b6c-b941-143f2f856581","D02","POSE","POSE.AOS.fish.point.05","2022-04-05T11:51Z","2022-04-05T13:35Z","POSE.20220405.05.1.e-fisher",1,54,"RHIATR","Rhinichthys atratulus","species",,,,54,1.7,,,,,"no sample",,,"0000-0003-3114-5862",
"8e480e0b-0ab5-4f5f-8957-9145cb2920c8","D02","POSE","POSE.AOS.fish.point.05","2022-04-05T11:51Z","2022-04-05T13:35Z","POSE.20220405.05.1.e-fisher",1,9,"SEMATR","Semotilus atromaculatus","species",,,,130,25.0,,,,,"dna sample only","FSH.POSE.05.20220405.1.0009","FSH.POSE.05.20220405.1.0009.DNA","0000-0003-3114-5862",
"bca53dfd-b003-4fd8-9d6f-50367e40433c","D02","POSE","POSE.AOS.fish.point.05","2022-04-05T11:51Z","2022-04-05T13:35Z","POSE.20220405.05.1.e-fisher",1,37,"RHIATR","Rhinichthys atratulus","species",,,,53,1.4,,,,,"no sample",,,"0000-0003-3114-5862",
"38f8d63e-77a7-4eda-b5e0-35c7aa075f54","D02","POSE","POSE.AOS.fish.point.05","2022-04-05T11:51Z","2022-04-05T13:35Z","POSE.20220405.05.1.e-fisher",1,25,"RHIATR","Rhinichthys atratulus","species",,,,55,1.6,,,,,"no sample",,,"0000-0003-3114-5862",
"6b474092-f17c-4a47-9a49-b5ea88935f58","D02","POSE","POSE.AOS.fish.point.05","2022-04-05T11:51Z","2022-04-05T13:35Z","POSE.20220405.05.1.e-fisher",1,53,"RHIATR","Rhinichthys atratulus","species",,,,53,1.4,,,,,"no sample",,,"0000-0003-3114-5862",
"3944198b-3eba-467c-a05d-6778b031c8eb","D02","POSE","POSE.AOS.fish.point.05","2022-04-05T11:51Z","2022-04-05T13:35Z","POSE.20220405.05.1.e-fisher",1,20,"RHIATR","Rhinichthys atratulus","species",,,,59,2.1,,,,,"no sample",,,"0000-0003-3114-5862",
"3d0f873e-52c7-4670-9c7c-cbba20399ea1","D02","POSE","POSE.AOS.fish.point.05","2022-04-05T11:51Z","2022-04-05T13:35Z","POSE.20220405.05.1.e-fisher",1,16,"RHIATR","Rhinichthys atratulus","species",,,,39,0.7,,,,,"no sample",,,"0000-0003-3114-5862",
"193a47f7-9264-4aa7-a0b6-93770213f078","D02","POSE","POSE.AOS.fish.point.05","2022-04-05T11:51Z","2022-04-05T13:35Z","POSE.20220405.05.1.e-fisher",1,31,"RHIATR","Rhinichthys atratulus","species",,,,40,0.7,,,,,"no sample",,,"0000-0003-3114-5862",
"03348abc-6ec8-4225-afb3-7c3a2ee862b4","D02","POSE","POSE.AOS.fish.point.05","2022-04-05T11:51Z","2022-04-05T13:35Z","POSE.20220405.05.1.e-fisher",1,61,"ETHFLA","Etheostoma flabellare","species",,,,68,2.9,,,,,"no sample",,,"0000-0003-3114-5862",
"32247611-9bf8-46a0-8eae-c5a0faf721aa","D02","POSE","POSE.AOS.fish.point.05","2022-04-05T11:51Z","2022-04-05T13:35Z","POSE.20220405.05.1.e-fisher",1,7,"SEMATR","Semotilus atromaculatus","species",,,,132,26.8,,,,,"dna sample only","FSH.POSE.05.20220405.1.0007","FSH.POSE.05.20220405.1.0007.DNA","0000-0003-3114-5862",
"9661b0bf-304c-40f5-8f59-792fa0559868","D02","POSE","POSE.AOS.fish.point.05","2022-04-05T11:51Z","2022-04-05T13:35Z","POSE.20220405.05.1.e-fisher",1,18,"RHIATR","Rhinichthys atratulus","species",,,,63,3.4,,,,,"no sample",,,"0000-0003-3114-5862",
"cbee5df0-99fd-4c23-8a56-4cb228047e6e","D02","POSE","POSE.AOS.fish.point.05","2022-04-05T11:51Z","2022-04-05T13:35Z","POSE.20220405.05.1.e-fisher",1,8,"RHIATR","Rhinichthys atratulus","species",,,,56,2.2,,,,,"no sample",,,"0000-0003-3114-5862",
"2101e9fb-7498-4e71-a50a-edcfad13affe","D02","POSE","POSE.AOS.fish.point.05","2022-04-05T11:51Z","2022-04-05T13:35Z","POSE.20220405.05.1.e-fisher",1,15,"RHIATR","Rhinichthys atratulus","species",,,,43,1.1,,,,,"no sample",,,"0000-0003-3114-5862",
"68658072-8a42-46d5-97ed-9413ff3d31a9","D02","POSE","POSE.AOS.fish.point.05","2022-04-05T11:51Z","2022-04-05T13:35Z","POSE.20220405.05.1.e-fisher",1,45,"RHIATR","Rhinichthys atratulus","species",,,,40,0.6,,,,,"no sample",,,"0000-0003-3114-5862",
"0c39534b-966a-44f2-adf8-5b55a1f2cca3","D02","POSE","POSE.AOS.fish.point.05","2022-04-05T11:51Z","2022-04-05T13:35Z","POSE.20220405.05.1.e-fisher",1,23,"RHIATR","Rhinichthys atratulus","species",,,,49,1.1,,,,,"no sample",,,"0000-0003-3114-5862",
"88abf689-b6a4-4f48-9ebc-c5a72a487607","D02","POSE","POSE.AOS.fish.point.05","2022-04-05T11:51Z","2022-04-05T13:35Z","POSE.20220405.05.1.e-fisher",1,5,"RHIATR","Rhinichthys atratulus","species",,,,58,2.1,,,,,"no sample",,,"0000-0003-3114-5862",
"b0eecf4e-3bc6-4cf4-847c-5c5bb72ca2d7","D02","POSE","POSE.AOS.fish.point.05","2022-04-05T11:51Z","2022-04-05T13:35Z","POSE.20220405.05.1.e-fisher",1,34,"RHIATR","Rhinichthys atratulus","species",,,,70,3.7,,"Y",,,"voucher sample only","FSH.POSE.05.20220405.1.0034",,"0000-0003-3114-5862",
"11ce6022-392a-4bf8-a56e-a22e01ef4895","D02","POSE","POSE.AOS.fish.point.05","2022-04-05T11:51Z","2022-04-05T13:35Z","POSE.20220405.05.1.e-fisher",1,27,"RHIATR","Rhinichthys atratulus","species",,,,34,0.5,,,,,"no sample",,,"0000-0003-3114-5862",
"2f88de95-5d59-4200-98aa-c6192d29b3e5","D02","POSE","POSE.AOS.fish.point.05","2022-04-05T11:51Z","2022-04-05T13:35Z","POSE.20220405.05.1.e-fisher",1,38,"RHIATR","Rhinichthys atratulus","species",,,,40,0.6,,,,,"no sample",,,"0000-0003-3114-5862",
"22b08062-3493-49b0-9715-02faf887c8d0","D02","POSE","POSE.AOS.fish.point.05","2022-04-05T11:51Z","2022-04-05T13:35Z","POSE.20220405.05.1.e-fisher",1,11,"RHIATR","Rhinichthys atratulus","species",,,,56,2.1,,,,,"no sample",,,"0000-0003-3114-5862",
"3e5a3b0c-a379-4f14-bc7d-9b32384c357c","D02","POSE","POSE.AOS.fish.point.05","2022-04-05T11:51Z","2022-04-05T13:35Z","POSE.20220405.05.1.e-fisher",1,56,"RHIATR","Rhinichthys atratulus","species",,,,28,0.3,,,,,"no sample",,,"0000-0003-3114-5862",
"9e071283-4baa-4e2e-b529-f16e3e9d27d3","D02","POSE","POSE.AOS.fish.point.05","2022-04-05T11:51Z","2022-04-05T13:35Z","POSE.20220405.05.1.e-fisher",1,39,"RHIATR","Rhinichthys atratulus","species",,,,50,1.6,,,,,"no sample",,,"0000-0003-3114-5862",
"1ca29c49-e808-43ee-ab5b-0fe1130fb630","D02","POSE","POSE.AOS.fish.point.05","2022-04-05T11:51Z","2022-04-05T13:35Z","POSE.20220405.05.1.e-fisher",1,47,"RHIATR","Rhinichthys atratulus","species",,,,39,0.6,,,,,"no sample",,,"0000-0003-3114-5862",
"427e8196-c6c1-4426-ac6c-6c0c37fefbd6","D02","POSE","POSE.AOS.fish.point.05","2022-04-05T11:51Z","2022-04-05T13:35Z","POSE.20220405.05.1.e-fisher",1,26,"RHIATR","Rhinichthys atratulus","species",,,,65,2.9,,,,,"no sample",,,"0000-0003-3114-5862",
"43148000-ddb4-4d5d-9e6e-9f975d8992bd","D02","POSE","POSE.AOS.fish.point.05","2022-04-05T11:51Z","2022-04-05T13:35Z","POSE.20220405.05.1.e-fisher",1,58,"COTCAE","Cottus caeruleomentum","species",,,,66,3.1,,,,,"no sample",,,"0000-0003-3114-5862",
"e94e9163-3a59-4aed-8b22-16e65e0a1f06","D02","POSE","POSE.AOS.fish.point.05","2022-04-05T11:51Z","2022-04-05T13:35Z","POSE.20220405.05.1.e-fisher",1,28,"RHIATR","Rhinichthys atratulus","species",,,,37,0.5,,,,,"no sample",,,"0000-0003-3114-5862",
"db6597bf-f801-450c-852a-63b611af3426","D02","POSE","POSE.AOS.fish.point.05","2022-04-05T11:51Z","2022-04-05T13:35Z","POSE.20220405.05.1.e-fisher",1,2,"RHIATR","Rhinichthys atratulus","species",,,,66,2.9,,,,,"no sample",,,"0000-0003-3114-5862",
"7fc53d24-2d0a-4bef-9149-7dad5039e7f8","D02","POSE","POSE.AOS.fish.point.05","2022-04-05T11:51Z","2022-04-05T13:35Z","POSE.20220405.05.1.e-fisher",1,13,"RHIATR","Rhinichthys atratulus","species",,,,54,1.8,,,,,"no sample",,,"0000-0003-3114-5862",
"39a23489-acb7-4f2e-a1d1-7e48a2ac0cdf","D02","POSE","POSE.AOS.fish.point.05","2022-04-05T11:51Z","2022-04-05T13:35Z","POSE.20220405.05.1.e-fisher",1,36,"RHIATR","Rhinichthys atratulus","species",,,,57,2.2,,,,,"no sample",,,"0000-0003-3114-5862",
"36ba5ff3-988d-49bd-acc9-99d257694660","D02","POSE","POSE.AOS.fish.point.05","2022-04-05T11:51Z","2022-04-05T13:35Z","POSE.20220405.05.1.e-fisher",1,48,"COTCAE","Cottus caeruleomentum","species",,,,69,4.0,,,,,"no sample",,,"0000-0003-3114-5862",
"ea69e17a-3c7b-42b2-99ab-dc2adb65c79a","D02","POSE","POSE.AOS.fish.point.05","2022-04-05T11:51Z","2022-04-05T13:35Z","POSE.20220405.05.1.e-fisher",1,55,"RHIATR","Rhinichthys atratulus","species",,,,47,0.8,,,,,"no sample",,,"0000-0003-3114-5862",
"36083884-0a73-4e45-b6f9-bdfd510f9002","D02","POSE","POSE.AOS.fish.point.05","2022-04-05T11:51Z","2022-04-05T13:35Z","POSE.20220405.05.1.e-fisher",1,14,"RHIATR","Rhinichthys atratulus","species",,,,65,2.8,,,,,"no sample",,,"0000-0003-3114-5862",
"35a479b8-a2ad-4df0-84a3-d96b6a52d9cd","D02","POSE","POSE.AOS.fish.point.05","2022-04-05T11:51Z","2022-04-05T13:35Z","POSE.20220405.05.1.e-fisher",1,62,"SEMATR","Semotilus atromaculatus","species",,,,110,13.5,,,,,"dna sample only","FSH.POSE.05.20220405.1.0062","FSH.POSE.05.20220405.1.0062.DNA","0000-0003-3114-5862",
"7785d005-abd9-4150-8869-0912a367a711","D02","POSE","POSE.AOS.fish.point.05","2022-04-05T11:51Z","2022-04-05T13:35Z","POSE.20220405.05.1.e-fisher",1,33,"RHIATR","Rhinichthys atratulus","species",,,,71,4.3,,,,"gravid female","no sample",,,"0000-0003-3114-5862",
"23684b73-82e9-4cbe-b0d9-7193829440db","D02","POSE","POSE.AOS.fish.point.05","2022-04-05T11:51Z","2022-04-05T13:35Z","POSE.20220405.05.1.e-fisher",1,51,"RHIATR","Rhinichthys atratulus","species",,,,50,1.5,,,,,"no sample",,,"0000-0003-3114-5862",
"e5c64536-a76d-45d6-beff-f007e86a15d8","D02","POSE","POSE.AOS.fish.point.05","2022-04-05T11:51Z","2022-04-05T13:35Z","POSE.20220405.05.1.e-fisher",1,29,"RHIATR","Rhinichthys atratulus","species",,,,28,0.5,,,,,"no sample",,,"0000-0003-3114-5862",
"d63a2652-b5c5-4b8f-a73e-a20263a536b9","D02","POSE","POSE.AOS.fish.point.05","2022-04-05T11:51Z","2022-04-05T13:35Z","POSE.20220405.05.1.e-fisher",1,41,"RHIATR","Rhinichthys atratulus","species",,,,57,2.0,,,,,"no sample",,,"0000-0003-3114-5862",
"f3e1bfc3-a936-4c45-8327-49c4f6549536","D02","POSE","POSE.AOS.fish.point.05","2022-04-05T11:51Z","2022-04-05T13:35Z","POSE.20220405.05.1.e-fisher",1,44,"RHIATR","Rhinichthys atratulus","species",,,,48,1.1,,,,,"no sample",,,"0000-0003-3114-5862",
"a338bf15-9a1c-4b43-ab59-42cf5e029e86","D02","POSE","POSE.AOS.fish.point.05","2022-04-05T11:51Z","2022-04-05T13:35Z","POSE.20220405.05.1.e-fisher",1,40,"RHIATR","Rhinichthys atratulus","species",,,,53,1.7,,,,,"no sample",,,"0000-0003-3114-5862",
"2f1b730b-d425-42ad-85e3-49dd03d88418","D02","POSE","POSE.AOS.fish.point.05","2022-04-05T11:51Z","2022-04-05T13:35Z","POSE.20220405.05.1.e-fisher",1,3,"RHIATR","Rhinichthys atratulus","species",,,,59,2.3,,,,,"no sample",,,"0000-0003-3114-5862",
"fb1eb371-14a7-4a92-ac50-96a0ba339d6e","D02","POSE","POSE.AOS.fish.point.05","2022-04-05T11:51Z","2022-04-05T13:35Z","POSE.20220405.05.1.e-fisher",1,43,"RHIATR","Rhinichthys atratulus","species",,,,49,1.1,,,,,"no sample",,,"0000-0003-3114-5862",
"108e9060-f706-4940-aea0-e5a8e1bdccc2","D02","POSE","POSE.AOS.fish.point.05","2022-04-05T11:51Z","2022-04-05T13:35Z","POSE.20220405.05.1.e-fisher",1,63,"SEMATR","Semotilus atromaculatus","species",,,,84,7.0,,,,,"dna sample only","FSH.POSE.05.20220405.1.0063","FSH.POSE.05.20220405.1.0063.DNA","0000-0003-3114-5862",
"b19442d2-9b3e-4b9c-bf30-d4fe8adb17e4","D02","POSE","POSE.AOS.fish.point.05","2022-04-05T11:51Z","2022-04-05T13:35Z","POSE.20220405.05.1.e-fisher",1,49,"RHIATR","Rhinichthys atratulus","species",,,,41,0.7,,,,,"no sample",,,"0000-0003-3114-5862",
"97236c99-7841-4ee6-8b0b-f7d7e70dbb56","D02","POSE","POSE.AOS.fish.point.05","2022-04-05T11:51Z","2022-04-05T13:35Z","POSE.20220405.05.1.e-fisher",1,4,"RHIATR","Rhinichthys atratulus","species",,,,58,2.2,,,,,"no sample",,,"0000-0003-3114-5862",
"42889978-87cb-467e-8f5b-be43ddb7f62b","D02","POSE","POSE.AOS.fish.point.05","2022-04-05T11:51Z","2022-04-05T13:35Z","POSE.20220405.05.1.e-fisher",1,12,"RHIATR","Rhinichthys atratulus","species",,,,54,1.7,,,,,"no sample",,,"0000-0003-3114-5862",
"28cbb278-d951-4f51-9f5f-41ed5fdfc8c8","D02","POSE","POSE.AOS.fish.point.05","2022-04-05T11:51Z","2022-04-05T13:35Z","POSE.20220405.05.1.e-fisher",1,19,"RHIATR","Rhinichthys atratulus","species",,,,43,1.0,,,,,"no sample",,,"0000-0003-3114-5862",
"835714ea-8d34-470e-93fe-784736bbc20b","D02","POSE","POSE.AOS.fish.point.05","2022-04-05T11:51Z","2022-04-05T13:35Z","POSE.20220405.05.1.e-fisher",1,6,"COTCAE","Cottus caeruleomentum","species",,,,64,3.2,,,,,"no sample",,,"0000-0003-3114-5862",
"ba0d4206-2976-484d-b0c9-06f63c2242f5","D02","POSE","POSE.AOS.fish.point.05","2022-04-05T11:51Z","2022-04-05T13:35Z","POSE.20220405.05.1.e-fisher",1,35,"RHIATR","Rhinichthys atratulus","species",,,,56,2.0,,,,,"no sample",,,"0000-0003-3114-5862",
"e1708e15-b089-43cb-99f5-33bb1adb24d9","D02","POSE","POSE.AOS.fish.point.05","2022-04-05T11:51Z","2022-04-05T13:35Z","POSE.20220405.05.1.e-fisher",1,10,"RHIATR","Rhinichthys atratulus","species",,,,49,1.3,,,,,"no sample",,,"0000-0003-3114-5862",
"4582e4d9-15e1-4a5f-8f0e-60299975996f","D02","POSE","POSE.AOS.fish.point.05","2022-04-05T11:51Z","2022-04-05T13:35Z","POSE.20220405.05.1.e-fisher",1,46,"RHIATR","Rhinichthys atratulus","species",,,,29,0.3,,,,,"no sample",,,"0000-0003-3114-5862",
"a1e0cc95-3a7a-4fe8-92b7-a289fc789e9f","D02","POSE","POSE.AOS.fish.point.05","2022-04-05T11:51Z","2022-04-05T13:35Z","POSE.20220405.05.1.e-fisher",1,1,"RHIATR","Rhinichthys atratulus","species",,,,56,1.7,,,,,"no sample",,,"0000-0003-3114-5862",
"2383e80b-b151-4504-8ca9-1956c724d9d0","D02","POSE","POSE.AOS.fish.point.05","2022-04-05T11:51Z","2022-04-05T13:35Z","POSE.20220405.05.1.e-fisher",1,60,"ETHFLA","Etheostoma flabellare","species",,,,68,3.1,,,,,"no sample",,,"0000-0003-3114-5862",
"cfa98096-6098-4f74-bb6f-28715003987e","D02","POSE","POSE.AOS.fish.point.05","2022-04-05T11:51Z","2022-04-05T13:35Z","POSE.20220405.05.1.e-fisher",1,52,"RHIATR","Rhinichthys atratulus","species",,,,32,0.3,,,,,"no sample",,,"0000-0003-3114-5862",
"6993d692-decb-4bbe-9a5d-69befa661a0b","D02","POSE","POSE.AOS.fish.point.05","2022-04-05T11:51Z","2022-04-05T13:35Z","POSE.20220405.05.1.e-fisher",1,50,"RHIATR","Rhinichthys atratulus","species",,,,39,0.5,,,,,"no sample",,,"0000-0003-3114-5862",
"abbe1162-ce5e-4ebe-929a-3d47178b4f1b","D02","POSE","POSE.AOS.fish.point.05","2022-04-05T11:51Z","2022-04-05T13:35Z","POSE.20220405.05.1.e-fisher",1,42,"RHIATR","Rhinichthys atratulus","species",,,,50,1.3,,,,,"no sample",,,"0000-0003-3114-5862",
"8e75771c-3e31-4975-9a4d-1e98bf9768be","D02","POSE","POSE.AOS.fish.point.05","2022-04-05T11:51Z","2022-04-05T13:35Z","POSE.20220405.05.1.e-fisher",1,57,"COTCAE","Cottus caeruleomentum","species",,,,71,4.5,,,,,"no sample",,,"0000-0003-3114-5862",
"83c2b375-be83-49d6-a161-f0b5e0b688b3","D02","POSE","POSE.AOS.fish.point.05","2022-04-05T11:51Z","2022-04-05T13:35Z","POSE.20220405.05.1.e-fisher",1,22,"RHIATR","Rhinichthys atratulus","species",,,,53,1.7,,,,,"no sample",,,"0000-0003-3114-5862",
"8d0f9c1e-8995-44b3-a336-5ad2e54684b3","D02","POSE","POSE.AOS.fish.point.05","2022-04-05T11:51Z","2022-04-05T13:35Z","POSE.20220405.05.1.e-fisher",1,24,"RHIATR","Rhinichthys atratulus","species",,,,45,1.0,,,,,"no sample",,,"0000-0003-3114-5862",
"98186504-eef4-4f2e-ba2c-30f7bb5d8bd7","D02","POSE","POSE.AOS.fish.point.05","2022-04-05T11:51Z","2022-04-05T13:35Z","POSE.20220405.05.1.e-fisher",1,59,"COTCAE","Cottus caeruleomentum","species",,,,31,0.3,,,,,"no sample",,,"0000-0003-3114-5862",
"5ae8fde5-9322-437b-98db-1de2c84e1489","D02","POSE","POSE.AOS.fish.point.05","2022-04-05T11:51Z","2022-04-05T13:35Z","POSE.20220405.05.1.e-fisher",1,30,"RHIATR","Rhinichthys atratulus","species",,,,29,0.3,,,,,"no sample",,,"0000-0003-3114-5862",
"3e0a370a-cd4a-43e2-b950-ef2e5404bfa8","D02","POSE","POSE.AOS.fish.point.05","2022-04-05T11:51Z","2022-04-05T13:35Z","POSE.20220405.05.1.e-fisher",1,17,"RHIATR","Rhinichthys atratulus","species",,,,41,0.7,,,,,"no sample",,,"0000-0003-3114-5862",
"38407e68-f0e2-4708-8271-3af6c5a7d3f6","D02","POSE","POSE.AOS.fish.point.05","2022-04-05T11:51Z","2022-04-05T13:35Z","POSE.20220405.05.1.e-fisher",1,21,"RHIATR","Rhinichthys atratulus","species",,,,54,1.8,,,,,"no sample",,,"0000-0003-3114-5862",
"e71fa0c1-758a-4cb3-ada5-361032f4c4ac","D02","POSE","POSE.AOS.fish.point.05","2022-04-05T11:51Z","2022-04-05T13:35Z","POSE.20220405.05.1.e-fisher",1,32,"RHIATR","Rhinichthys atratulus","species",,,,26,0.3,,,,,"no sample",,,"0000-0003-3114-5862",
"e715d9ff-d206-4708-a626-a35052b0afdb","D02","POSE","POSE.AOS.fish.point.07","2022-04-05T14:33Z","2022-04-05T15:53Z","POSE.20220405.07.1.e-fisher",1,28,"RHIATR","Rhinichthys atratulus","species",,,,45,0.9,,,,,"no sample",,,"0000-0003-3114-5862",
"14ae6e99-33f4-4762-8e65-66678b3fc182","D02","POSE","POSE.AOS.fish.point.07","2022-04-05T14:33Z","2022-04-05T15:53Z","POSE.20220405.07.1.e-fisher",1,22,"RHIATR","Rhinichthys atratulus","species",,,,48,1.0,,,,,"no sample",,,"0000-0003-3114-5862",
"272025fc-1ede-433b-9753-ac4e21cfebb0","D02","POSE","POSE.AOS.fish.point.07","2022-04-05T14:33Z","2022-04-05T15:53Z","POSE.20220405.07.1.e-fisher",1,36,"COTCAE","Cottus caeruleomentum","species",,,,64,2.6,,,,,"no sample",,,"0000-0003-3114-5862",
"b67bbe64-7f87-4e94-bff9-1c203ed9d9e4","D02","POSE","POSE.AOS.fish.point.07","2022-04-05T14:33Z","2022-04-05T15:53Z","POSE.20220405.07.1.e-fisher",1,3,"RHIATR","Rhinichthys atratulus","species",,,,38,0.5,,,,,"no sample",,,"0000-0003-3114-5862",
"00d17b95-4999-4af9-b43c-66da4d905fc4","D02","POSE","POSE.AOS.fish.point.07","2022-04-05T14:33Z","2022-04-05T15:53Z","POSE.20220405.07.1.e-fisher",1,35,"RHIATR","Rhinichthys atratulus","species",,,,41,0.7,,,,,"no sample",,,"0000-0003-3114-5862",
"ea6f3a56-646b-4893-8a88-47ca1410050f","D02","POSE","POSE.AOS.fish.point.07","2022-04-05T14:33Z","2022-04-05T15:53Z","POSE.20220405.07.1.e-fisher",1,27,"COTCAE","Cottus caeruleomentum","species",,,,33,0.5,,,,,"no sample",,,"0000-0003-3114-5862",
"9b67a51b-802d-4e7c-8843-c4733095dc0d","D02","POSE","POSE.AOS.fish.point.07","2022-04-05T14:33Z","2022-04-05T15:53Z","POSE.20220405.07.1.e-fisher",1,4,"RHIATR","Rhinichthys atratulus","species",,,,44,0.8,,,,,"no sample",,,"0000-0003-3114-5862",
"fa924e92-a73e-4c44-99dc-628db6f83a8b","D02","POSE","POSE.AOS.fish.point.07","2022-04-05T14:33Z","2022-04-05T15:53Z","POSE.20220405.07.1.e-fisher",1,9,"RHIATR","Rhinichthys atratulus","species",,,,41,0.7,,,,,"no sample",,,"0000-0003-3114-5862",
"b406f76f-2c1c-46d5-9700-3ac0402135dc","D02","POSE","POSE.AOS.fish.point.07","2022-04-05T14:33Z","2022-04-05T15:53Z","POSE.20220405.07.1.e-fisher",1,17,"COTCAE","Cottus caeruleomentum","species",,,,56,2.1,,,,,"no sample",,,"0000-0003-3114-5862",
"c4768033-ecc2-4069-b29d-da8294717543","D02","POSE","POSE.AOS.fish.point.07","2022-04-05T14:33Z","2022-04-05T15:53Z","POSE.20220405.07.1.e-fisher",1,18,"COTCAE","Cottus caeruleomentum","species",,,,74,4.8,,,,,"no sample",,,"0000-0003-3114-5862",
"43f08309-ca41-4890-9a49-698947cce2b6","D02","POSE","POSE.AOS.fish.point.07","2022-04-05T14:33Z","2022-04-05T15:53Z","POSE.20220405.07.1.e-fisher",1,29,"SEMATR","Semotilus atromaculatus","species",,,,66,2.8,,,,,"dna sample only","FSH.POSE.07.20220405.1.0029","FSH.POSE.07.20220405.1.0029.DNA","0000-0003-3114-5862",
"ba68aace-6770-47d0-920d-56ff976fcc13","D02","POSE","POSE.AOS.fish.point.07","2022-04-05T14:33Z","2022-04-05T15:53Z","POSE.20220405.07.1.e-fisher",1,19,"ETHFLA","Etheostoma flabellare","species",,,,47,1.2,,,,,"no sample",,,"0000-0003-3114-5862",
"562e9911-b905-49a4-ab75-b2865a6e5d6a","D02","POSE","POSE.AOS.fish.point.07","2022-04-05T14:33Z","2022-04-05T15:53Z","POSE.20220405.07.1.e-fisher",1,44,"RHIATR","Rhinichthys atratulus","species",,,,56,1.8,,,,,"no sample",,,"0000-0003-3114-5862",
"5c331430-065c-410e-b1de-7c885be11c9f","D02","POSE","POSE.AOS.fish.point.07","2022-04-05T14:33Z","2022-04-05T15:53Z","POSE.20220405.07.1.e-fisher",1,24,"RHIATR","Rhinichthys atratulus","species",,,,37,0.3,,,,,"no sample",,,"0000-0003-3114-5862",
"53a95013-32b6-4adb-801e-356c3af9e795","D02","POSE","POSE.AOS.fish.point.07","2022-04-05T14:33Z","2022-04-05T15:53Z","POSE.20220405.07.1.e-fisher",1,48,"RHIATR","Rhinichthys atratulus","species",,,,37,0.5,,,,,"no sample",,,"0000-0003-3114-5862",
"42151aea-9d6c-4a98-9a69-088949af2700","D02","POSE","POSE.AOS.fish.point.07","2022-04-05T14:33Z","2022-04-05T15:53Z","POSE.20220405.07.1.e-fisher",1,6,"RHIATR","Rhinichthys atratulus","species",,,,39,0.6,,,,,"no sample",,,"0000-0003-3114-5862",
"23eb063e-a8bf-4506-9c25-6e38e9e612f4","D02","POSE","POSE.AOS.fish.point.07","2022-04-05T14:33Z","2022-04-05T15:53Z","POSE.20220405.07.1.e-fisher",1,16,"RHIATR","Rhinichthys atratulus","species",,,,50,1.1,,,,,"no sample",,,"0000-0003-3114-5862",
"09b8760e-9938-4084-8be2-10e1d11a3e01","D02","POSE","POSE.AOS.fish.point.07","2022-04-05T14:33Z","2022-04-05T15:53Z","POSE.20220405.07.1.e-fisher",1,15,"RHIATR","Rhinichthys atratulus","species",,,,38,0.5,,,,,"no sample",,,"0000-0003-3114-5862",
"9423959c-6365-41bf-ab91-7240b16dac5f","D02","POSE","POSE.AOS.fish.point.07","2022-04-05T14:33Z","2022-04-05T15:53Z","POSE.20220405.07.1.e-fisher",1,25,"RHIATR","Rhinichthys atratulus","species",,,,29,0.3,,,,,"no sample",,,"0000-0003-3114-5862",
"3d173f24-6c2f-4998-8f72-8a4e79a1989b","D02","POSE","POSE.AOS.fish.point.07","2022-04-05T14:33Z","2022-04-05T15:53Z","POSE.20220405.07.1.e-fisher",1,37,"ETHFLA","Etheostoma flabellare","species",,,,47,1.1,,,,,"no sample",,,"0000-0003-3114-5862",
"1d1552a2-a78c-4c32-b174-7550ffd94cc8","D02","POSE","POSE.AOS.fish.point.07","2022-04-05T14:33Z","2022-04-05T15:53Z","POSE.20220405.07.1.e-fisher",1,41,"RHIATR","Rhinichthys atratulus","species",,,,66,3.3,,,,"gravid female","no sample",,,"0000-0003-3114-5862",
"37b24b98-cfe0-4b5d-8ca8-07fc00009fff","D02","POSE","POSE.AOS.fish.point.07","2022-04-05T14:33Z","2022-04-05T15:53Z","POSE.20220405.07.1.e-fisher",1,33,"ETHFLA","Etheostoma flabellare","species",,,,31,0.3,,,,,"no sample",,,"0000-0003-3114-5862",
"4c478079-1f67-4e0d-835d-d832bad3c23b","D02","POSE","POSE.AOS.fish.point.07","2022-04-05T14:33Z","2022-04-05T15:53Z","POSE.20220405.07.1.e-fisher",1,13,"RHIATR","Rhinichthys atratulus","species",,,,27,0.3,,,,,"no sample",,,"0000-0003-3114-5862",
"2cc27349-1920-468d-adf9-096ff9124b28","D02","POSE","POSE.AOS.fish.point.07","2022-04-05T14:33Z","2022-04-05T15:53Z","POSE.20220405.07.1.e-fisher",1,42,"COTCAE","Cottus caeruleomentum","species",,,,75,5.4,,,,,"no sample",,,"0000-0003-3114-5862",
"9ea69938-8383-463b-af89-0fdfd9c40583","D02","POSE","POSE.AOS.fish.point.07","2022-04-05T14:33Z","2022-04-05T15:53Z","POSE.20220405.07.1.e-fisher",1,30,"RHIATR","Rhinichthys atratulus","species",,,,60,2.0,,,,,"no sample",,,"0000-0003-3114-5862",
"97aafc87-daeb-4751-be1f-fa327addd12b","D02","POSE","POSE.AOS.fish.point.07","2022-04-05T14:33Z","2022-04-05T15:53Z","POSE.20220405.07.1.e-fisher",1,47,"COTCAE","Cottus caeruleomentum","species",,,,29,0.3,,,,,"no sample",,,"0000-0003-3114-5862",
"ba808af1-8945-4e0e-a583-08dd24394de9","D02","POSE","POSE.AOS.fish.point.07","2022-04-05T14:33Z","2022-04-05T15:53Z","POSE.20220405.07.1.e-fisher",1,34,"RHIATR","Rhinichthys atratulus","species",,,,63,2.2,,,,,"no sample",,,"0000-0003-3114-5862",
"8c187878-7062-43bd-89ff-d5f38e9b211f","D02","POSE","POSE.AOS.fish.point.07","2022-04-05T14:33Z","2022-04-05T15:53Z","POSE.20220405.07.1.e-fisher",1,21,"RHIATR","Rhinichthys atratulus","species",,,,33,0.3,,,,,"no sample",,,"0000-0003-3114-5862",
"f49f3f02-79b9-48ef-bc6a-cf0977413e97","D02","POSE","POSE.AOS.fish.point.07","2022-04-05T14:33Z","2022-04-05T15:53Z","POSE.20220405.07.1.e-fisher",1,31,"RHIATR","Rhinichthys atratulus","species",,,,42,0.7,,,,,"no sample",,,"0000-0003-3114-5862",
"acaea34b-79e2-416f-8465-a2bf2d8e0dd9","D02","POSE","POSE.AOS.fish.point.07","2022-04-05T14:33Z","2022-04-05T15:53Z","POSE.20220405.07.1.e-fisher",1,7,"RHIATR","Rhinichthys atratulus","species",,,,30,0.3,,,,,"no sample",,,"0000-0003-3114-5862",
"879cb096-b4f0-4966-b421-517c072adec5","D02","POSE","POSE.AOS.fish.point.07","2022-04-05T14:33Z","2022-04-05T15:53Z","POSE.20220405.07.1.e-fisher",1,46,"RHIATR","Rhinichthys atratulus","species",,,,51,1.5,,,,,"no sample",,,"0000-0003-3114-5862",
"6c361049-7083-404c-835b-6f8489803603","D02","POSE","POSE.AOS.fish.point.07","2022-04-05T14:33Z","2022-04-05T15:53Z","POSE.20220405.07.1.e-fisher",1,11,"RHIATR","Rhinichthys atratulus","species",,,,62,2.1,,,,,"no sample",,,"0000-0003-3114-5862",
"8b990463-e273-4730-9ad3-84851d75c1a5","D02","POSE","POSE.AOS.fish.point.07","2022-04-05T14:33Z","2022-04-05T15:53Z","POSE.20220405.07.1.e-fisher",1,20,"RHIATR","Rhinichthys atratulus","species",,,,46,1.0,,,,,"no sample",,,"0000-0003-3114-5862",
"39f97e1b-c580-4558-b990-f8c34ccad035","D02","POSE","POSE.AOS.fish.point.07","2022-04-05T14:33Z","2022-04-05T15:53Z","POSE.20220405.07.1.e-fisher",1,32,"RHIATR","Rhinichthys atratulus","species",,,,47,0.8,,,,,"no sample",,,"0000-0003-3114-5862",
"92918239-31dc-4941-9f5f-46a921f09801","D02","POSE","POSE.AOS.fish.point.07","2022-04-05T14:33Z","2022-04-05T15:53Z","POSE.20220405.07.1.e-fisher",1,1,"RHIATR","Rhinichthys atratulus","species",,,,42,0.6,,,,,"no sample",,,"0000-0003-3114-5862",
"58347e7d-016b-496e-aa79-1e28b3b94232","D02","POSE","POSE.AOS.fish.point.07","2022-04-05T14:33Z","2022-04-05T15:53Z","POSE.20220405.07.1.e-fisher",1,2,"RHIATR","Rhinichthys atratulus","species",,,,21,0.3,,,,,"no sample",,,"0000-0003-3114-5862",
"4e76fb26-ea69-416c-86ae-cd5344698b38","D02","POSE","POSE.AOS.fish.point.07","2022-04-05T14:33Z","2022-04-05T15:53Z","POSE.20220405.07.1.e-fisher",1,8,"COTCAE","Cottus caeruleomentum","species",,,,74,5.7,,,,,"no sample",,,"0000-0003-3114-5862",
"e47eff83-6b48-44ce-bd03-5a66f0467279","D02","POSE","POSE.AOS.fish.point.07","2022-04-05T14:33Z","2022-04-05T15:53Z","POSE.20220405.07.1.e-fisher",1,12,"COTCAE","Cottus caeruleomentum","species",,,,32,0.3,,,,,"no sample",,,"0000-0003-3114-5862",
"7647cdf9-007b-4efb-9235-2a963f128c07","D02","POSE","POSE.AOS.fish.point.07","2022-04-05T14:33Z","2022-04-05T15:53Z","POSE.20220405.07.1.e-fisher",1,5,"ETHFLA","Etheostoma flabellare","species",,,,47,1.1,,,,,"no sample",,,"0000-0003-3114-5862",
"204bbb89-345e-458f-915e-36aee047f442","D02","POSE","POSE.AOS.fish.point.07","2022-04-05T14:33Z","2022-04-05T15:53Z","POSE.20220405.07.1.e-fisher",1,26,"COTCAE","Cottus caeruleomentum","species",,,,66,3.6,,,,,"no sample",,,"0000-0003-3114-5862",
"c6aa86b4-02bb-43d3-a737-f55a3399ea36","D02","POSE","POSE.AOS.fish.point.07","2022-04-05T14:33Z","2022-04-05T15:53Z","POSE.20220405.07.1.e-fisher",1,45,"RHIATR","Rhinichthys atratulus","species",,,,23,0.3,,,,,"no sample",,,"0000-0003-3114-5862",
"2f3ea50e-5a24-414b-b211-cd07aede1468","D02","POSE","POSE.AOS.fish.point.07","2022-04-05T14:33Z","2022-04-05T15:53Z","POSE.20220405.07.1.e-fisher",1,43,"COTCAE","Cottus caeruleomentum","species",,,,65,3.2,,,,,"no sample",,,"0000-0003-3114-5862",
"5757c738-7e48-453f-9bba-9c5e233aa74b","D02","POSE","POSE.AOS.fish.point.07","2022-04-05T14:33Z","2022-04-05T15:53Z","POSE.20220405.07.1.e-fisher",1,14,"RHIATR","Rhinichthys atratulus","species",,,,28,0.3,,,,,"no sample",,,"0000-0003-3114-5862",
"cdb751e7-27a4-4aa8-9fa6-601e99418dbd","D02","POSE","POSE.AOS.fish.point.07","2022-04-05T14:33Z","2022-04-05T15:53Z","POSE.20220405.07.1.e-fisher",1,23,"COTCAE","Cottus caeruleomentum","species",,,,59,2.9,,,,,"no sample",,,"0000-0003-3114-5862",
"e6072412-2ed6-4c49-8464-bd0c056e8073","D02","POSE","POSE.AOS.fish.point.07","2022-04-05T14:33Z","2022-04-05T15:53Z","POSE.20220405.07.1.e-fisher",1,38,"RHIATR","Rhinichthys atratulus","species",,,,60,2.1,,,,,"no sample",,,"0000-0003-3114-5862",
"cba9e45f-e71e-4f34-b914-9db967bbc446","D02","POSE","POSE.AOS.fish.point.07","2022-04-05T14:33Z","2022-04-05T15:53Z","POSE.20220405.07.1.e-fisher",1,40,"RHIATR","Rhinichthys atratulus","species",,,,40,0.5,,,,,"no sample",,,"0000-0003-3114-5862",
"6618d63e-d6bf-4098-9870-00e3913afa38","D02","POSE","POSE.AOS.fish.point.07","2022-04-05T14:33Z","2022-04-05T15:53Z","POSE.20220405.07.1.e-fisher",1,39,"RHIATR","Rhinichthys atratulus","species",,,,54,1.8,,,,,"no sample",,,"0000-0003-3114-5862",
"1c474a66-4441-4f4f-b52c-960587d410be","D02","POSE","POSE.AOS.fish.point.07","2022-04-05T14:33Z","2022-04-05T15:53Z","POSE.20220405.07.1.e-fisher",1,10,"RHIATR","Rhinichthys atratulus","species",,,,50,1.3,,,,,"no sample",,,"0000-0003-3114-5862",
"714d8df4-6dd8-4f76-82f5-882a106eb417","D02","POSE","POSE.AOS.fish.point.07","2022-04-05T16:51Z","2022-04-05T17:27Z","POSE.20220405.07.2.e-fisher",2,3,"RHIATR","Rhinichthys atratulus","species",,,,52,1.7,,,,,"no sample",,,"0000-0003-3114-5862",
"63bd51a5-2f43-4cb7-8a03-8c6f34dfd07d","D02","POSE","POSE.AOS.fish.point.07","2022-04-05T16:51Z","2022-04-05T17:27Z","POSE.20220405.07.2.e-fisher",2,15,"RHIATR","Rhinichthys atratulus","species",,,,59,2.0,,,,,"no sample",,,"0000-0003-3114-5862",
"677e828c-789d-4bb3-87d9-b5a8c653071e","D02","POSE","POSE.AOS.fish.point.07","2022-04-05T16:51Z","2022-04-05T17:27Z","POSE.20220405.07.2.e-fisher",2,7,"RHIATR","Rhinichthys atratulus","species",,,,38,0.5,,,,,"no sample",,,"0000-0003-3114-5862",
"97e277f8-e1c0-48fd-a99f-0b10c937bcae","D02","POSE","POSE.AOS.fish.point.07","2022-04-05T16:51Z","2022-04-05T17:27Z","POSE.20220405.07.2.e-fisher",2,9,"RHIATR","Rhinichthys atratulus","species",,,,35,0.3,,,,,"no sample",,,"0000-0003-3114-5862",
"d7af2911-3d44-4714-98ad-b1a431522c62","D02","POSE","POSE.AOS.fish.point.07","2022-04-05T16:51Z","2022-04-05T17:27Z","POSE.20220405.07.2.e-fisher",2,12,"RHIATR","Rhinichthys atratulus","species",,,,56,1.8,,,,,"no sample",,,"0000-0003-3114-5862",
"aeea81b8-2591-4327-a3f9-8e74c975bf70","D02","POSE","POSE.AOS.fish.point.07","2022-04-05T16:51Z","2022-04-05T17:27Z","POSE.20220405.07.2.e-fisher",2,14,"ETHFLA","Etheostoma flabellare","species",,,,48,0.9,,,,,"no sample",,,"0000-0003-3114-5862",
"34d3f856-5736-4f5c-b54d-30b65ee1ae5d","D02","POSE","POSE.AOS.fish.point.07","2022-04-05T16:51Z","2022-04-05T17:27Z","POSE.20220405.07.2.e-fisher",2,2,"RHIATR","Rhinichthys atratulus","species",,,,56,1.9,,,,,"no sample",,,"0000-0003-3114-5862",
"70914fd8-1f0f-4fb2-b4c3-1d5ed64b4581","D02","POSE","POSE.AOS.fish.point.07","2022-04-05T16:51Z","2022-04-05T17:27Z","POSE.20220405.07.2.e-fisher",2,16,"ETHFLA","Etheostoma flabellare","species",,,,43,0.7,,,,,"no sample",,,"0000-0003-3114-5862",
"3207ffda-3638-47a7-aa53-b2379a8eafe1","D02","POSE","POSE.AOS.fish.point.07","2022-04-05T16:51Z","2022-04-05T17:27Z","POSE.20220405.07.2.e-fisher",2,1,"RHIATR","Rhinichthys atratulus","species",,,,57,2.0,,,,,"no sample",,,"0000-0003-3114-5862",
"01866a65-79a9-4a2c-be4c-d1a55824d24d","D02","POSE","POSE.AOS.fish.point.07","2022-04-05T16:51Z","2022-04-05T17:27Z","POSE.20220405.07.2.e-fisher",2,8,"COTCAE","Cottus caeruleomentum","species",,,,70,4.8,,,,,"no sample",,,"0000-0003-3114-5862",
"6a585904-3701-4a8d-8357-a3dbcffbe2de","D02","POSE","POSE.AOS.fish.point.07","2022-04-05T16:51Z","2022-04-05T17:27Z","POSE.20220405.07.2.e-fisher",2,6,"RHIATR","Rhinichthys atratulus","species",,,,54,1.0,,,,,"no sample",,,"0000-0003-3114-5862",
"1c8c0032-1d14-4a13-91a2-4025a6da1998","D02","POSE","POSE.AOS.fish.point.07","2022-04-05T16:51Z","2022-04-05T17:27Z","POSE.20220405.07.2.e-fisher",2,5,"RHIATR","Rhinichthys atratulus","species",,,,37,0.5,,,,,"no sample",,,"0000-0003-3114-5862",
"3ad4292e-d769-4bb5-91fa-95c494c86df2","D02","POSE","POSE.AOS.fish.point.07","2022-04-05T16:51Z","2022-04-05T17:27Z","POSE.20220405.07.2.e-fisher",2,4,"RHIATR","Rhinichthys atratulus","species",,,,42,0.7,,,,,"no sample",,,"0000-0003-3114-5862",
"de0396d0-6a98-462f-997b-feda9110483a","D02","POSE","POSE.AOS.fish.point.07","2022-04-05T16:51Z","2022-04-05T17:27Z","POSE.20220405.07.2.e-fisher",2,17,"COTCAE","Cottus caeruleomentum","species",,,,43,1.0,,,,,"no sample",,,"0000-0003-3114-5862",
"217409fb-25c9-4320-b73d-8a3f3e04ae3e","D02","POSE","POSE.AOS.fish.point.07","2022-04-05T16:51Z","2022-04-05T17:27Z","POSE.20220405.07.2.e-fisher",2,18,"RHIATR","Rhinichthys atratulus","species",,,,63,2.3,,,,,"no sample",,,"0000-0003-3114-5862",
"b71b063d-e32c-4246-83f2-a6b5af6dda1a","D02","POSE","POSE.AOS.fish.point.07","2022-04-05T16:51Z","2022-04-05T17:27Z","POSE.20220405.07.2.e-fisher",2,13,"COTCAE","Cottus caeruleomentum","species",,,,57,1.9,,,,,"no sample",,,"0000-0003-3114-5862",
"0e22e31c-5a23-47af-8096-e000d4733adb","D02","POSE","POSE.AOS.fish.point.07","2022-04-05T16:51Z","2022-04-05T17:27Z","POSE.20220405.07.2.e-fisher",2,11,"ETHFLA","Etheostoma flabellare","species",,,,42,0.7,,,,,"no sample",,,"0000-0003-3114-5862",
"88c7f234-a64c-46c9-b776-a4e9f4223de5","D02","POSE","POSE.AOS.fish.point.07","2022-04-05T16:51Z","2022-04-05T17:27Z","POSE.20220405.07.2.e-fisher",2,19,"COTCAE","Cottus caeruleomentum","species",,,,32,0.3,,,,,"no sample",,,"0000-0003-3114-5862",
"0c8222d4-bcd8-4114-b805-be36349910f1","D02","POSE","POSE.AOS.fish.point.07","2022-04-05T16:51Z","2022-04-05T17:27Z","POSE.20220405.07.2.e-fisher",2,10,"RHIATR","Rhinichthys atratulus","species",,,,25,0.3,,,,,"no sample",,,"0000-0003-3114-5862",
"a183a731-174f-4192-9350-aaa8193a7424","D02","POSE","POSE.AOS.fish.point.07","2022-04-05T17:48Z","2022-04-05T18:39Z","POSE.20220405.07.3.e-fisher",3,4,"COTCAE","Cottus caeruleomentum","species",,,,82,5.3,,,,,"no sample",,,"0000-0003-3114-5862",
"9e49966e-f88a-45cf-914e-38f3083e995a","D02","POSE","POSE.AOS.fish.point.07","2022-04-05T17:48Z","2022-04-05T18:39Z","POSE.20220405.07.3.e-fisher",3,7,"RHIATR","Rhinichthys atratulus","species",,,,58,2.1,,,,,"no sample",,,"0000-0003-3114-5862",
"0d9cce16-1577-4ec7-b07d-4fa602afd40b","D02","POSE","POSE.AOS.fish.point.07","2022-04-05T17:48Z","2022-04-05T18:39Z","POSE.20220405.07.3.e-fisher",3,1,"COTCAE","Cottus caeruleomentum","species",,,,75,6.3,,,,,"no sample",,,"0000-0003-3114-5862",
"c97b96e1-f364-43f8-a453-9db8977d89b8","D02","POSE","POSE.AOS.fish.point.07","2022-04-05T17:48Z","2022-04-05T18:39Z","POSE.20220405.07.3.e-fisher",3,9,"COTCAE","Cottus caeruleomentum","species",,,,62,3.2,,,,,"no sample",,,"0000-0003-3114-5862",
"f83b9e54-091f-4689-afb0-d766872f14fd","D02","POSE","POSE.AOS.fish.point.07","2022-04-05T17:48Z","2022-04-05T18:39Z","POSE.20220405.07.3.e-fisher",3,2,"COTCAE","Cottus caeruleomentum","species",,,,72,4.7,,,,,"no sample",,,"0000-0003-3114-5862",
"57c6fd17-7f51-4898-b2b3-89ce86cba638","D02","POSE","POSE.AOS.fish.point.07","2022-04-05T17:48Z","2022-04-05T18:39Z","POSE.20220405.07.3.e-fisher",3,3,"COTCAE","Cottus caeruleomentum","species",,,,53,1.8,,,,,"no sample",,,"0000-0003-3114-5862",
"51300d3d-137d-4df1-8473-525adcca6e77","D02","POSE","POSE.AOS.fish.point.07","2022-04-05T17:48Z","2022-04-05T18:39Z","POSE.20220405.07.3.e-fisher",3,6,"RHIATR","Rhinichthys atratulus","species",,,,74,3.8,,,,,"no sample",,,"0000-0003-3114-5862",
"b1437750-6c7f-4d26-a48a-276ab287a1bb","D02","POSE","POSE.AOS.fish.point.07","2022-04-05T17:48Z","2022-04-05T18:39Z","POSE.20220405.07.3.e-fisher",3,8,"COTCAE","Cottus caeruleomentum","species",,,,34,0.3,,,,,"no sample",,,"0000-0003-3114-5862",
"d6818841-1b8c-402b-82ac-21d7a9d449e6","D02","POSE","POSE.AOS.fish.point.07","2022-04-05T17:48Z","2022-04-05T18:39Z","POSE.20220405.07.3.e-fisher",3,5,"ETHFLA","Etheostoma flabellare","species",,,,29,0.3,,,,,"no sample",,,"0000-0003-3114-5862",
"9835e55b-28ed-45ac-a5e2-2e910ce7f6dc","D02","POSE","POSE.AOS.fish.point.08","2022-04-06T13:13Z","2022-04-06T13:14Z","POSE.20220406.08.1.e-fisher",1,22,"ETHFLA","Etheostoma flabellare","species",,,,66,3.1,,,,,"no sample",,,"0000-0003-3114-5862",
"6cf72734-c04e-4c2a-b4d6-4f6d4859c258","D02","POSE","POSE.AOS.fish.point.08","2022-04-06T13:13Z","2022-04-06T13:14Z","POSE.20220406.08.1.e-fisher",1,2,"COTCAE","Cottus caeruleomentum","species",,,,63,3.4,,,,,"no sample",,,"0000-0003-3114-5862",
"94274fe4-e43f-4a14-ba57-8d1b6c41b806","D02","POSE","POSE.AOS.fish.point.08","2022-04-06T13:13Z","2022-04-06T13:14Z","POSE.20220406.08.1.e-fisher",1,12,"COTCAE","Cottus caeruleomentum","species",,,,60,2.1,,,,,"no sample",,,"0000-0003-3114-5862",
"7be3a51e-30dc-41c1-ae9c-e3fc3f06e2c0","D02","POSE","POSE.AOS.fish.point.08","2022-04-06T13:13Z","2022-04-06T13:14Z","POSE.20220406.08.1.e-fisher",1,20,"ETHFLA","Etheostoma flabellare","species",,,,68,3.2,,,,,"no sample",,,"0000-0003-3114-5862",
"f5996bea-f6e9-444d-98f3-e6744c65b39d","D02","POSE","POSE.AOS.fish.point.08","2022-04-06T13:13Z","2022-04-06T13:14Z","POSE.20220406.08.1.e-fisher",1,13,"RHIATR","Rhinichthys atratulus","species",,,,61,2.1,,,,,"no sample",,,"0000-0003-3114-5862",
"4dfb0527-47f6-4c8a-872d-94685bea4333","D02","POSE","POSE.AOS.fish.point.08","2022-04-06T13:13Z","2022-04-06T13:14Z","POSE.20220406.08.1.e-fisher",1,17,"RHIATR","Rhinichthys atratulus","species",,,,64,2.5,,,,,"no sample",,,"0000-0003-3114-5862",
"c7449c41-192d-4945-ad37-38ba426d59b3","D02","POSE","POSE.AOS.fish.point.08","2022-04-06T13:13Z","2022-04-06T13:14Z","POSE.20220406.08.1.e-fisher",1,3,"RHIATR","Rhinichthys atratulus","species",,,,69,4.4,,,,"gravid female","no sample",,,"0000-0003-3114-5862",
"8051f059-83d1-4835-a4b2-5c606bb5c6c1","D02","POSE","POSE.AOS.fish.point.08","2022-04-06T13:13Z","2022-04-06T13:14Z","POSE.20220406.08.1.e-fisher",1,21,"COTCAE","Cottus caeruleomentum","species",,,,70,4.8,,,,,"no sample",,,"0000-0003-3114-5862",
"abac385a-2319-495a-88a0-ff44c617a779","D02","POSE","POSE.AOS.fish.point.08","2022-04-06T13:13Z","2022-04-06T13:14Z","POSE.20220406.08.1.e-fisher",1,11,"RHIATR","Rhinichthys atratulus","species",,,,35,0.3,,,,,"no sample",,,"0000-0003-3114-5862",
"15548220-e7e7-49b6-b3c6-438f3d771817","D02","POSE","POSE.AOS.fish.point.08","2022-04-06T13:13Z","2022-04-06T13:14Z","POSE.20220406.08.1.e-fisher",1,15,"ETHFLA","Etheostoma flabellare","species",,,,39,0.6,,,,,"no sample",,,"0000-0003-3114-5862",
"95e4c74a-bf64-43c3-a732-927ac823ea6b","D02","POSE","POSE.AOS.fish.point.08","2022-04-06T13:13Z","2022-04-06T13:14Z","POSE.20220406.08.1.e-fisher",1,23,"COTCAE","Cottus caeruleomentum","species",,,,40,0.8,,,,,"no sample",,,"0000-0003-3114-5862",
"43505ad4-55d1-4041-a119-0399ca8ad5f8","D02","POSE","POSE.AOS.fish.point.08","2022-04-06T13:13Z","2022-04-06T13:14Z","POSE.20220406.08.1.e-fisher",1,4,"RHIATR","Rhinichthys atratulus","species",,,,41,0.6,,,,,"no sample",,,"0000-0003-3114-5862",
"839dea41-f2b1-4376-a5ac-ba07f605c8e5","D02","POSE","POSE.AOS.fish.point.08","2022-04-06T13:13Z","2022-04-06T13:14Z","POSE.20220406.08.1.e-fisher",1,14,"COTCAE","Cottus caeruleomentum","species",,,,57,1.8,,,,,"no sample",,,"0000-0003-3114-5862",
"065d6419-7d51-4f06-9ebb-b558aaad00ef","D02","POSE","POSE.AOS.fish.point.08","2022-04-06T13:13Z","2022-04-06T13:14Z","POSE.20220406.08.1.e-fisher",1,16,"RHIATR","Rhinichthys atratulus","species",,,,56,1.7,,,,,"no sample",,,"0000-0003-3114-5862",
"33bb6ef2-ac99-47e5-9e17-c0ccdfb42101","D02","POSE","POSE.AOS.fish.point.08","2022-04-06T13:13Z","2022-04-06T13:14Z","POSE.20220406.08.1.e-fisher",1,7,"COTCAE","Cottus caeruleomentum","species",,,,60,2.9,,,,,"no sample",,,"0000-0003-3114-5862",
"c15fc514-58ba-4271-a743-1d3a11d039cc","D02","POSE","POSE.AOS.fish.point.08","2022-04-06T13:13Z","2022-04-06T13:14Z","POSE.20220406.08.1.e-fisher",1,19,"COTCAE","Cottus caeruleomentum","species",,,,56,1.8,,,,,"no sample",,,"0000-0003-3114-5862",
"61b71e71-bc88-49e2-86a8-b1612e849708","D02","POSE","POSE.AOS.fish.point.08","2022-04-06T13:13Z","2022-04-06T13:14Z","POSE.20220406.08.1.e-fisher",1,10,"RHIATR","Rhinichthys atratulus","species",,,,36,0.3,,,,,"no sample",,,"0000-0003-3114-5862",
"8972a2e3-9505-4015-92e9-10dd71368f7d","D02","POSE","POSE.AOS.fish.point.08","2022-04-06T13:13Z","2022-04-06T13:14Z","POSE.20220406.08.1.e-fisher",1,6,"COTCAE","Cottus caeruleomentum","species",,,,52,2.1,,,,,"no sample",,,"0000-0003-3114-5862",
"0ce61534-fc10-4da8-b84b-a74f6470b38e","D02","POSE","POSE.AOS.fish.point.08","2022-04-06T13:13Z","2022-04-06T13:14Z","POSE.20220406.08.1.e-fisher",1,18,"COTCAE","Cottus caeruleomentum","species",,,,33,0.3,,,,,"no sample",,,"0000-0003-3114-5862",
"1470aef6-2d25-4aa4-b2d8-191b26806f70","D02","POSE","POSE.AOS.fish.point.08","2022-04-06T13:13Z","2022-04-06T13:14Z","POSE.20220406.08.1.e-fisher",1,5,"RHIATR","Rhinichthys atratulus","species",,,,58,2.5,,,,,"no sample",,,"0000-0003-3114-5862",
"82472da3-d30a-40cc-9ebc-2dbed432bc3b","D02","POSE","POSE.AOS.fish.point.08","2022-04-06T13:13Z","2022-04-06T13:14Z","POSE.20220406.08.1.e-fisher",1,1,"ETHFLA","Etheostoma flabellare","species",,,,47,0.9,,,,,"no sample",,,"0000-0003-3114-5862",
"b44a9a43-fb19-4bd6-867d-3650c0ceb0b5","D02","POSE","POSE.AOS.fish.point.08","2022-04-06T13:13Z","2022-04-06T13:14Z","POSE.20220406.08.1.e-fisher",1,8,"RHIATR","Rhinichthys atratulus","species",,,,64,3.4,,,,"gravid female","no sample",,,"0000-0003-3114-5862",
"a5914a55-2413-4371-8351-1c3f03e85d6c","D02","POSE","POSE.AOS.fish.point.08","2022-04-06T13:13Z","2022-04-06T13:14Z","POSE.20220406.08.1.e-fisher",1,9,"ETHFLA","Etheostoma flabellare","species",,,,53,1.6,,,,,"no sample",,,"0000-0003-3114-5862",
"2b01922f-4cfb-4463-8046-9a7e49a04a49","D02","POSE","POSE.AOS.fish.point.09","2022-04-06T13:44Z","2022-04-06T15:02Z","POSE.20220406.09.1.e-fisher",1,30,"COTCAE","Cottus caeruleomentum","species",,,,33,0.3,,,,,"no sample",,,"0000-0003-3114-5862",
"20821a5d-75b4-4d9b-84df-48079135433a","D02","POSE","POSE.AOS.fish.point.09","2022-04-06T13:44Z","2022-04-06T15:02Z","POSE.20220406.09.1.e-fisher",1,28,"ETHFLA","Etheostoma flabellare","species",,,,33,0.3,,,,,"no sample",,,"0000-0003-3114-5862",
"ad42e7c2-b596-4e43-8bf5-822d9c711a88","D02","POSE","POSE.AOS.fish.point.09","2022-04-06T13:44Z","2022-04-06T15:02Z","POSE.20220406.09.1.e-fisher",1,1,"RHIATR","Rhinichthys atratulus","species",,,,47,1.1,,,,,"no sample",,,"0000-0003-3114-5862",
"19960678-743b-458a-8a04-629f41420459","D02","POSE","POSE.AOS.fish.point.09","2022-04-06T13:44Z","2022-04-06T15:02Z","POSE.20220406.09.1.e-fisher",1,9,"COTCAE","Cottus caeruleomentum","species",,,,57,2.8,,,,,"no sample",,,"0000-0003-3114-5862",
"ff2d5ff5-8d83-4f20-af5e-0ddf1a7a04f5","D02","POSE","POSE.AOS.fish.point.09","2022-04-06T13:44Z","2022-04-06T15:02Z","POSE.20220406.09.1.e-fisher",1,3,"COTCAE","Cottus caeruleomentum","species",,,,72,3.9,,,,,"no sample",,,"0000-0003-3114-5862",
"7d5a6489-4b88-4fbb-887c-3062311f2414","D02","POSE","POSE.AOS.fish.point.09","2022-04-06T13:44Z","2022-04-06T15:02Z","POSE.20220406.09.1.e-fisher",1,21,"COTCAE","Cottus caeruleomentum","species",,,,66,4.0,,,,,"no sample",,,"0000-0003-3114-5862",
"9d28c151-dde4-4482-a7f9-d8a081711af4","D02","POSE","POSE.AOS.fish.point.09","2022-04-06T13:44Z","2022-04-06T15:02Z","POSE.20220406.09.1.e-fisher",1,15,"COTCAE","Cottus caeruleomentum","species",,,,65,3.3,,,,,"no sample",,,"0000-0003-3114-5862",
"fc429694-1dbe-4069-80f5-d0bc9e1c495a","D02","POSE","POSE.AOS.fish.point.09","2022-04-06T13:44Z","2022-04-06T15:02Z","POSE.20220406.09.1.e-fisher",1,12,"RHIATR","Rhinichthys atratulus","species",,,,40,0.7,,,,,"no sample",,,"0000-0003-3114-5862",
"421329b8-840d-4781-bf0c-2de9f6017363","D02","POSE","POSE.AOS.fish.point.09","2022-04-06T13:44Z","2022-04-06T15:02Z","POSE.20220406.09.1.e-fisher",1,7,"COTCAE","Cottus caeruleomentum","species",,,,72,5.1,,,,,"no sample",,,"0000-0003-3114-5862",
"900fa2c6-bfc3-4a30-acba-cc6139e146db","D02","POSE","POSE.AOS.fish.point.09","2022-04-06T13:44Z","2022-04-06T15:02Z","POSE.20220406.09.1.e-fisher",1,23,"RHIATR","Rhinichthys atratulus","species",,,,23,0.3,,,,,"no sample",,,"0000-0003-3114-5862",
"00eb52a0-eb33-4cad-8ada-34ab80f79e47","D02","POSE","POSE.AOS.fish.point.09","2022-04-06T13:44Z","2022-04-06T15:02Z","POSE.20220406.09.1.e-fisher",1,5,"COTCAE","Cottus caeruleomentum","species",,,,28,0.3,,,,,"no sample",,,"0000-0003-3114-5862",
"88a62cb2-cd22-4f2b-a537-f3faf1743945","D02","POSE","POSE.AOS.fish.point.09","2022-04-06T13:44Z","2022-04-06T15:02Z","POSE.20220406.09.1.e-fisher",1,10,"COTCAE","Cottus caeruleomentum","species",,,,74,5.6,,,,,"no sample",,,"0000-0003-3114-5862",
"804a04fc-d00a-46f3-aa28-0a025ed550ca","D02","POSE","POSE.AOS.fish.point.09","2022-04-06T13:44Z","2022-04-06T15:02Z","POSE.20220406.09.1.e-fisher",1,20,"RHIATR","Rhinichthys atratulus","species",,,,64,3.0,,,,,"no sample",,,"0000-0003-3114-5862",
"1f114cf6-2670-4e79-8754-0c42965ca589","D02","POSE","POSE.AOS.fish.point.09","2022-04-06T13:44Z","2022-04-06T15:02Z","POSE.20220406.09.1.e-fisher",1,11,"RHIATR","Rhinichthys atratulus","species",,,,66,3.4,,,,"gravid female","no sample",,,"0000-0003-3114-5862",
"cb4b77ad-94bf-4348-b559-36b5df9efb82","D02","POSE","POSE.AOS.fish.point.09","2022-04-06T13:44Z","2022-04-06T15:02Z","POSE.20220406.09.1.e-fisher",1,17,"COTCAE","Cottus caeruleomentum","species",,,,71,4.6,,,,,"no sample",,,"0000-0003-3114-5862",
"9075ec11-f968-4908-9bc9-c1c21357035a","D02","POSE","POSE.AOS.fish.point.09","2022-04-06T13:44Z","2022-04-06T15:02Z","POSE.20220406.09.1.e-fisher",1,14,"RHIATR","Rhinichthys atratulus","species",,,,58,2.7,,,,"gravid female","no sample",,,"0000-0003-3114-5862",
"e53c2225-ec53-4e8e-8e7b-be374f332bdd","D02","POSE","POSE.AOS.fish.point.09","2022-04-06T13:44Z","2022-04-06T15:02Z","POSE.20220406.09.1.e-fisher",1,25,"RHIATR","Rhinichthys atratulus","species",,,,26,0.3,,,,,"no sample",,,"0000-0003-3114-5862",
"caaf3bcd-0717-45e5-8c9c-3eb15ee65d53","D02","POSE","POSE.AOS.fish.point.09","2022-04-06T13:44Z","2022-04-06T15:02Z","POSE.20220406.09.1.e-fisher",1,22,"SEMATR","Semotilus atromaculatus","species",,,,70,3.8,,,,,"no sample",,,"0000-0003-3114-5862",
"198baa4b-0685-40bb-a010-2944a7f7d718","D02","POSE","POSE.AOS.fish.point.09","2022-04-06T13:44Z","2022-04-06T15:02Z","POSE.20220406.09.1.e-fisher",1,19,"ETHFLA","Etheostoma flabellare","species",,,,42,1.0,,,,,"no sample",,,"0000-0003-3114-5862",
"c3741379-a466-450b-bf01-1d21fba51238","D02","POSE","POSE.AOS.fish.point.09","2022-04-06T13:44Z","2022-04-06T15:02Z","POSE.20220406.09.1.e-fisher",1,6,"RHIATR","Rhinichthys atratulus","species",,,,45,1.0,,,,,"no sample",,,"0000-0003-3114-5862",
"917ddac8-b25f-43d5-b1d9-e4082f7c1480","D02","POSE","POSE.AOS.fish.point.09","2022-04-06T13:44Z","2022-04-06T15:02Z","POSE.20220406.09.1.e-fisher",1,29,"COTCAE","Cottus caeruleomentum","species",,,,54,2.0,,,,,"no sample",,,"0000-0003-3114-5862",
"e3c9e608-13fc-427d-bbe3-1c1a1c6e620a","D02","POSE","POSE.AOS.fish.point.09","2022-04-06T13:44Z","2022-04-06T15:02Z","POSE.20220406.09.1.e-fisher",1,24,"RHIATR","Rhinichthys atratulus","species",,,,50,1.7,,,,,"no sample",,,"0000-0003-3114-5862",
"d530f132-bf08-4238-9428-a20d4ef87325","D02","POSE","POSE.AOS.fish.point.09","2022-04-06T13:44Z","2022-04-06T15:02Z","POSE.20220406.09.1.e-fisher",1,2,"RHIATR","Rhinichthys atratulus","species",,,,27,0.3,,,,,"no sample",,,"0000-0003-3114-5862",
"bf8fad59-ec8c-44ae-bca4-7da5d3479f81","D02","POSE","POSE.AOS.fish.point.09","2022-04-06T13:44Z","2022-04-06T15:02Z","POSE.20220406.09.1.e-fisher",1,8,"COTCAE","Cottus caeruleomentum","species",,,,32,0.3,,,,,"no sample",,,"0000-0003-3114-5862",
"fd06a71e-63a9-44c5-bcc2-e6be1774724d","D02","POSE","POSE.AOS.fish.point.09","2022-04-06T13:44Z","2022-04-06T15:02Z","POSE.20220406.09.1.e-fisher",1,26,"COTCAE","Cottus caeruleomentum","species",,,,56,2.3,,,,,"no sample",,,"0000-0003-3114-5862",
"70892524-7c36-401c-8c67-937e2c44f241","D02","POSE","POSE.AOS.fish.point.09","2022-04-06T13:44Z","2022-04-06T15:02Z","POSE.20220406.09.1.e-fisher",1,27,"RHIATR","Rhinichthys atratulus","species",,,,46,0.8,,,,,"no sample",,,"0000-0003-3114-5862",
"7cf2d927-392e-4473-b23c-0211dfab329d","D02","POSE","POSE.AOS.fish.point.09","2022-04-06T13:44Z","2022-04-06T15:02Z","POSE.20220406.09.1.e-fisher",1,16,"RHIATR","Rhinichthys atratulus","species",,,,39,0.5,,,,,"no sample",,,"0000-0003-3114-5862",
"7aa5cb25-0410-4685-9e17-53c4004e0724","D02","POSE","POSE.AOS.fish.point.09","2022-04-06T13:44Z","2022-04-06T15:02Z","POSE.20220406.09.1.e-fisher",1,4,"COTCAE","Cottus caeruleomentum","species",,,,30,0.3,,,,,"no sample",,,"0000-0003-3114-5862",
"8504bafc-713b-4a17-b980-3f4d0292e9b6","D02","POSE","POSE.AOS.fish.point.09","2022-04-06T13:44Z","2022-04-06T15:02Z","POSE.20220406.09.1.e-fisher",1,18,"COTCAE","Cottus caeruleomentum","species",,,,57,2.3,,,,,"no sample",,,"0000-0003-3114-5862",
"ddfac311-c3db-4c10-bf93-ad9ff39128be","D02","POSE","POSE.AOS.fish.point.09","2022-04-06T13:44Z","2022-04-06T15:02Z","POSE.20220406.09.1.e-fisher",1,13,"ETHFLA","Etheostoma flabellare","species",,,,39,0.5,,,,,"no sample",,,"0000-0003-3114-5862",
"02ebdebb-61b5-4e65-a7f7-a81448afe401","D02","POSE","POSE.AOS.fish.point.09","2022-04-06T16:06Z","2022-04-06T16:07Z","POSE.20220406.09.2.e-fisher",2,4,"COTCAE","Cottus caeruleomentum","species",,,,32,0.3,,,,,"no sample",,,"0000-0003-3114-5862",
"637ace2b-21b4-4cb4-8018-2543e64c86ff","D02","POSE","POSE.AOS.fish.point.09","2022-04-06T16:06Z","2022-04-06T16:07Z","POSE.20220406.09.2.e-fisher",2,7,"RHIATR","Rhinichthys atratulus","species",,,,37,0.5,,,,,"no sample",,,"0000-0003-3114-5862",
"509247c3-45c9-4b0a-a1d4-93a1d28c6389","D02","POSE","POSE.AOS.fish.point.09","2022-04-06T16:06Z","2022-04-06T16:07Z","POSE.20220406.09.2.e-fisher",2,5,"RHIATR","Rhinichthys atratulus","species",,,,56,1.9,,,,,"no sample",,,"0000-0003-3114-5862",
"e69c9e73-0175-47ea-868d-2a5f58e5fbfc","D02","POSE","POSE.AOS.fish.point.09","2022-04-06T16:06Z","2022-04-06T16:07Z","POSE.20220406.09.2.e-fisher",2,1,"COTCAE","Cottus caeruleomentum","species",,,,54,2.0,,,,,"no sample",,,"0000-0003-3114-5862",
"7d4a0331-0084-40c2-b042-756711d15d6b","D02","POSE","POSE.AOS.fish.point.09","2022-04-06T16:06Z","2022-04-06T16:07Z","POSE.20220406.09.2.e-fisher",2,2,"SEMATR","Semotilus atromaculatus","species",,,,70,4.0,,,,,"no sample",,,"0000-0003-3114-5862",
"6327afbd-331e-4482-9f63-94f52897e406","D02","POSE","POSE.AOS.fish.point.09","2022-04-06T16:06Z","2022-04-06T16:07Z","POSE.20220406.09.2.e-fisher",2,3,"ETHFLA","Etheostoma flabellare","species",,,,37,0.6,,,,,"no sample",,,"0000-0003-3114-5862",
"bbc30434-4972-4c58-9489-db951b420450","D02","POSE","POSE.AOS.fish.point.09","2022-04-06T16:06Z","2022-04-06T16:07Z","POSE.20220406.09.2.e-fisher",2,6,"RHIATR","Rhinichthys atratulus","species",,,,56,1.7,,,,,"no sample",,,"0000-0003-3114-5862",
"1136ee7e-324b-4f0b-9c94-9bfb614038f8","D02","POSE","POSE.AOS.fish.point.09","2022-04-06T16:15Z","2022-04-06T17:18Z","POSE.20220406.09.3.e-fisher",3,3,"COTCAE","Cottus caeruleomentum","species",,,,63,4.2,,,,,"no sample",,,"0000-0003-3114-5862",
"447686af-cfce-447c-a29e-7af8fcc16489","D02","POSE","POSE.AOS.fish.point.09","2022-04-06T16:15Z","2022-04-06T17:18Z","POSE.20220406.09.3.e-fisher",3,6,"COTCAE","Cottus caeruleomentum","species",,,,29,0.3,,,,,"no sample",,,"0000-0003-3114-5862",
"6f582546-f246-408f-97cc-ee8d665ca755","D02","POSE","POSE.AOS.fish.point.09","2022-04-06T16:15Z","2022-04-06T17:18Z","POSE.20220406.09.3.e-fisher",3,5,"COTCAE","Cottus caeruleomentum","species",,,,35,0.5,,,,,"no sample",,,"0000-0003-3114-5862",
"025a6392-176a-4d01-8cc7-4f21b0818281","D02","POSE","POSE.AOS.fish.point.09","2022-04-06T16:15Z","2022-04-06T17:18Z","POSE.20220406.09.3.e-fisher",3,8,"COTCAE","Cottus caeruleomentum","species",,,,35,0.6,,,,,"no sample",,,"0000-0003-3114-5862",
"407a7bde-f95f-49ed-9bca-b5754fc62a09","D02","POSE","POSE.AOS.fish.point.09","2022-04-06T16:15Z","2022-04-06T17:18Z","POSE.20220406.09.3.e-fisher",3,7,"COTCAE","Cottus caeruleomentum","species",,,,70,5.0,,,,,"no sample",,,"0000-0003-3114-5862",
"452cfd8b-e0fd-4f48-9594-2996c3dffa24","D02","POSE","POSE.AOS.fish.point.09","2022-04-06T16:15Z","2022-04-06T17:18Z","POSE.20220406.09.3.e-fisher",3,4,"COTCAE","Cottus caeruleomentum","species",,,,50,1.4,,,,,"no sample",,,"0000-0003-3114-5862",
"f20bb766-0bdc-42e4-b7b1-79158b65c572","D02","POSE","POSE.AOS.fish.point.09","2022-04-06T16:15Z","2022-04-06T17:18Z","POSE.20220406.09.3.e-fisher",3,1,"ETHFLA","Etheostoma flabellare","species",,,,45,1.2,,,,,"no sample",,,"0000-0003-3114-5862",
"5a27a504-ae55-49c1-862d-82a62ab19c6c","D02","POSE","POSE.AOS.fish.point.09","2022-04-06T16:15Z","2022-04-06T17:18Z","POSE.20220406.09.3.e-fisher",3,2,"COTCAE","Cottus caeruleomentum","species",,,,56,3.0,,,,,"no sample",,,"0000-0003-3114-5862",
