uid,recorduid,domainID,siteID,namedLocation,hoboSampleID,startDate,measurementNumber,dateTimeLogger,lowRangeHobo,fullRangeHobo,waterTemp,fullRangeSpCondLinear,lowRangeSpCondLinear,fullRangeSpCondNonlinear,lowRangeSpCondNonlinear
"2c6c3a4a-6e47-4356-b0b0-be74aebd82eb","784daef3-57fb-459c-93a2-d8a362220b76","D17","BIGC","BIGC.AOS.reaeration.station.04","BIGC_S4_20170620","2017-06-20T16:46Z",354,"2017-06-20T17:58:50Z",,75.00,15.39,91.86,,92.56,
"5d17a9cb-e1cd-400e-a609-d210d142ba89","784daef3-57fb-459c-93a2-d8a362220b76","D17","BIGC","BIGC.AOS.reaeration.station.04","BIGC_S4_20170620","2017-06-20T16:46Z",27,"2017-06-20T17:04:20Z",,74.60,14.96,92.30,,93.00,
"c6d20576-391a-435a-8c21-fcb3cbed5182","784daef3-57fb-459c-93a2-d8a362220b76","D17","BIGC","BIGC.AOS.reaeration.station.04","BIGC_S4_20170620","2017-06-20T16:46Z",134,"2017-06-20T17:22:10Z",,74.60,15.05,92.10,,92.81,
"47b641e0-ad3c-4330-8175-76a0d5301826","784daef3-57fb-459c-93a2-d8a362220b76","D17","BIGC","BIGC.AOS.reaeration.station.04","BIGC_S4_20170620","2017-06-20T16:46Z",408,"2017-06-20T18:07:50Z",,75.40,15.47,92.18,,92.88,
"44c8c459-c1f1-4355-b52a-81451f34a69b","784daef3-57fb-459c-93a2-d8a362220b76","D17","BIGC","BIGC.AOS.reaeration.station.04","BIGC_S4_20170620","2017-06-20T16:46Z",91,"2017-06-20T17:15:00Z",,74.60,15.01,92.19,,92.89,
"428e280c-b357-4b5c-896b-0614459c01fa","784daef3-57fb-459c-93a2-d8a362220b76","D17","BIGC","BIGC.AOS.reaeration.station.04","BIGC_S4_20170620","2017-06-20T16:46Z",557,"2017-06-20T18:32:40Z",,79.50,15.86,96.31,,97.03,
"74f1f210-701f-4ca9-808e-e8bd03fcea13","784daef3-57fb-459c-93a2-d8a362220b76","D17","BIGC","BIGC.AOS.reaeration.station.04","BIGC_S4_20170620","2017-06-20T16:46Z",684,"2017-06-20T18:53:50Z",,80.60,16.32,96.62,,97.33,
"53e6cdcd-c142-461b-b5ad-27bf22a8e592","784daef3-57fb-459c-93a2-d8a362220b76","D17","BIGC","BIGC.AOS.reaeration.station.04","BIGC_S4_20170620","2017-06-20T16:46Z",5,"2017-06-20T17:00:40Z",,74.20,14.96,91.80,,92.51,
"90711fe3-e6e6-4c7f-8dc9-0a36e4d3850e","784daef3-57fb-459c-93a2-d8a362220b76","D17","BIGC","BIGC.AOS.reaeration.station.04","BIGC_S4_20170620","2017-06-20T16:46Z",663,"2017-06-20T18:50:20Z",,80.60,16.23,96.82,,97.53,
"658eaadb-03a4-4a13-8ee8-645f94ed1b38","784daef3-57fb-459c-93a2-d8a362220b76","D17","BIGC","BIGC.AOS.reaeration.station.04","BIGC_S4_20170620","2017-06-20T16:46Z",98,"2017-06-20T17:16:10Z",,74.60,15.02,92.17,,92.87,
"21409245-57bc-4965-ba74-806fa1f49a79","784daef3-57fb-459c-93a2-d8a362220b76","D17","BIGC","BIGC.AOS.reaeration.station.04","BIGC_S4_20170620","2017-06-20T16:46Z",768,"2017-06-20T19:07:50Z",,81.70,16.66,97.18,,97.88,
"ee8ecde9-d5ec-4667-8d86-2a27536ae5c7","784daef3-57fb-459c-93a2-d8a362220b76","D17","BIGC","BIGC.AOS.reaeration.station.04","BIGC_S4_20170620","2017-06-20T16:46Z",493,"2017-06-20T18:22:00Z",,75.70,15.67,92.12,,92.81,
"d117810c-9229-470e-9308-614023335de8","784daef3-57fb-459c-93a2-d8a362220b76","D17","BIGC","BIGC.AOS.reaeration.station.04","BIGC_S4_20170620","2017-06-20T16:46Z",400,"2017-06-20T18:06:30Z",,75.40,15.46,92.20,,92.90,
"dbe5a9e8-72d7-4b14-a51c-26afa932121f","784daef3-57fb-459c-93a2-d8a362220b76","D17","BIGC","BIGC.AOS.reaeration.station.04","BIGC_S4_20170620","2017-06-20T16:46Z",188,"2017-06-20T17:31:10Z",,74.60,15.14,91.91,,92.61,
"361c8ba5-9958-4261-ac3c-94cbd2187c1b","784daef3-57fb-459c-93a2-d8a362220b76","D17","BIGC","BIGC.AOS.reaeration.station.04","BIGC_S4_20170620","2017-06-20T16:46Z",797,"2017-06-20T19:12:40Z",,81.00,16.78,96.09,,96.77,
"9f8f8862-801c-4aaf-98fe-d9bdd63a3661","784daef3-57fb-459c-93a2-d8a362220b76","D17","BIGC","BIGC.AOS.reaeration.station.04","BIGC_S4_20170620","2017-06-20T16:46Z",442,"2017-06-20T18:13:30Z",,75.30,15.55,91.88,,92.58,
"67321f03-cbcd-411e-85bc-487cb03dbe6e","784daef3-57fb-459c-93a2-d8a362220b76","D17","BIGC","BIGC.AOS.reaeration.station.04","BIGC_S4_20170620","2017-06-20T16:46Z",751,"2017-06-20T19:05:00Z",,81.40,16.59,96.98,,97.68,
"0a9b978a-871d-4a64-86fa-f7932df460a5","784daef3-57fb-459c-93a2-d8a362220b76","D17","BIGC","BIGC.AOS.reaeration.station.04","BIGC_S4_20170620","2017-06-20T16:46Z",846,"2017-06-20T19:20:50Z",,50.30,21.46,53.95,,54.16,
"9bf97e3a-93f8-461b-8366-d54e54883fd9","784daef3-57fb-459c-93a2-d8a362220b76","D17","BIGC","BIGC.AOS.reaeration.station.04","BIGC_S4_20170620","2017-06-20T16:46Z",809,"2017-06-20T19:14:40Z",,46.30,18.51,52.85,,53.18,
"a0f4fea4-c35e-4d2d-90c7-1572679befb2","784daef3-57fb-459c-93a2-d8a362220b76","D17","BIGC","BIGC.AOS.reaeration.station.04","BIGC_S4_20170620","2017-06-20T16:46Z",461,"2017-06-20T18:16:40Z",,75.30,15.59,91.80,,92.49,
"a3582b72-b8c8-4dd5-8ec4-04ba994d332f","784daef3-57fb-459c-93a2-d8a362220b76","D17","BIGC","BIGC.AOS.reaeration.station.04","BIGC_S4_20170620","2017-06-20T16:46Z",499,"2017-06-20T18:23:00Z",,76.50,15.69,93.05,,93.74,
"3fb7b6c2-4dfb-47dc-9f9f-2edee8e76200","784daef3-57fb-459c-93a2-d8a362220b76","D17","BIGC","BIGC.AOS.reaeration.station.04","BIGC_S4_20170620","2017-06-20T16:46Z",393,"2017-06-20T18:05:20Z",,75.40,15.46,92.20,,92.90,
"73026334-3b95-4012-8dc0-4071284799ea","784daef3-57fb-459c-93a2-d8a362220b76","D17","BIGC","BIGC.AOS.reaeration.station.04","BIGC_S4_20170620","2017-06-20T16:46Z",619,"2017-06-20T18:43:00Z",,80.30,16.08,96.79,,97.51,
"3dcce128-3d68-4d9b-bd79-84a4e960ea1d","784daef3-57fb-459c-93a2-d8a362220b76","D17","BIGC","BIGC.AOS.reaeration.station.04","BIGC_S4_20170620","2017-06-20T16:46Z",749,"2017-06-20T19:04:40Z",,81.40,16.58,97.00,,97.70,
"cb63afff-f4b8-4527-96ad-4ea97dd02326","784daef3-57fb-459c-93a2-d8a362220b76","D17","BIGC","BIGC.AOS.reaeration.station.04","BIGC_S4_20170620","2017-06-20T16:46Z",225,"2017-06-20T17:37:20Z",,74.60,15.16,91.87,,92.56,
"68377cbf-de41-4165-8294-7f5f3f981eb7","784daef3-57fb-459c-93a2-d8a362220b76","D17","BIGC","BIGC.AOS.reaeration.station.04","BIGC_S4_20170620","2017-06-20T16:46Z",376,"2017-06-20T18:02:30Z",,75.00,15.42,91.80,,92.49,
"8659ad58-7ff8-45dd-bab0-c46b5d2661cc","784daef3-57fb-459c-93a2-d8a362220b76","D17","BIGC","BIGC.AOS.reaeration.station.04","BIGC_S4_20170620","2017-06-20T16:46Z",767,"2017-06-20T19:07:40Z",,81.40,16.65,96.85,,97.54,
"b0a95005-eb1d-492e-baa1-2bd8d35cb2c2","784daef3-57fb-459c-93a2-d8a362220b76","D17","BIGC","BIGC.AOS.reaeration.station.04","BIGC_S4_20170620","2017-06-20T16:46Z",223,"2017-06-20T17:37:00Z",,74.60,15.16,91.87,,92.56,
"e20c8f46-1806-4a28-a7c6-a25756486b31","784daef3-57fb-459c-93a2-d8a362220b76","D17","BIGC","BIGC.AOS.reaeration.station.04","BIGC_S4_20170620","2017-06-20T16:46Z",666,"2017-06-20T18:50:50Z",,80.60,16.26,96.75,,97.46,
"a6d72ebd-7d91-45ee-8173-6699e034e6ba","784daef3-57fb-459c-93a2-d8a362220b76","D17","BIGC","BIGC.AOS.reaeration.station.04","BIGC_S4_20170620","2017-06-20T16:46Z",156,"2017-06-20T17:25:50Z",,74.60,15.09,92.02,,92.72,
"8c94dfb0-4339-4936-b7a3-afe1fc4b2dc5","784daef3-57fb-459c-93a2-d8a362220b76","D17","BIGC","BIGC.AOS.reaeration.station.04","BIGC_S4_20170620","2017-06-20T16:46Z",326,"2017-06-20T17:54:10Z",,75.00,15.33,91.99,,92.69,
"8d24db09-9867-4a97-bd60-8d0a5fbd58fe","784daef3-57fb-459c-93a2-d8a362220b76","D17","BIGC","BIGC.AOS.reaeration.station.04","BIGC_S4_20170620","2017-06-20T16:46Z",775,"2017-06-20T19:09:00Z",,81.70,16.69,97.11,,97.81,
"a7d8b670-4ca1-40f8-a40f-b4312a7ab78f","784daef3-57fb-459c-93a2-d8a362220b76","D17","BIGC","BIGC.AOS.reaeration.station.04","BIGC_S4_20170620","2017-06-20T16:46Z",260,"2017-06-20T17:43:10Z",,74.60,15.23,91.71,,92.41,
"4873b226-c5a2-4270-8b0c-7262ba9ed40e","784daef3-57fb-459c-93a2-d8a362220b76","D17","BIGC","BIGC.AOS.reaeration.station.04","BIGC_S4_20170620","2017-06-20T16:46Z",742,"2017-06-20T19:03:30Z",,81.40,16.56,97.04,,97.75,
"28830970-5d3d-4c63-a848-91872ffd0ad7","784daef3-57fb-459c-93a2-d8a362220b76","D17","BIGC","BIGC.AOS.reaeration.station.04","BIGC_S4_20170620","2017-06-20T16:46Z",148,"2017-06-20T17:24:30Z",,74.60,15.10,92.00,,92.70,
"f27d26cb-a85c-4954-a066-000156dd7b0b","784daef3-57fb-459c-93a2-d8a362220b76","D17","BIGC","BIGC.AOS.reaeration.station.04","BIGC_S4_20170620","2017-06-20T16:46Z",450,"2017-06-20T18:14:50Z",,75.30,15.58,91.82,,92.51,
"390fb3f8-abae-420d-8df0-1aed72868638","784daef3-57fb-459c-93a2-d8a362220b76","D17","BIGC","BIGC.AOS.reaeration.station.04","BIGC_S4_20170620","2017-06-20T16:46Z",635,"2017-06-20T18:45:40Z",,80.30,16.13,96.68,,97.39,
"52bce334-1aca-4183-ab8f-c81b42f88e06","784daef3-57fb-459c-93a2-d8a362220b76","D17","BIGC","BIGC.AOS.reaeration.station.04","BIGC_S4_20170620","2017-06-20T16:46Z",112,"2017-06-20T17:18:30Z",,74.20,15.03,91.65,,92.35,
"7c019b2b-fd39-4c77-8d38-0939b421f05d","784daef3-57fb-459c-93a2-d8a362220b76","D17","BIGC","BIGC.AOS.reaeration.station.04","BIGC_S4_20170620","2017-06-20T16:46Z",755,"2017-06-20T19:05:40Z",,81.40,16.60,96.96,,97.66,
"6b53ac4c-3d9e-48f9-a1c3-4d86f414e91f","784daef3-57fb-459c-93a2-d8a362220b76","D17","BIGC","BIGC.AOS.reaeration.station.04","BIGC_S4_20170620","2017-06-20T16:46Z",560,"2017-06-20T18:33:10Z",,79.50,15.88,96.27,,96.99,
"b468b6b0-09de-458f-988e-5ab46570dc69","784daef3-57fb-459c-93a2-d8a362220b76","D17","BIGC","BIGC.AOS.reaeration.station.04","BIGC_S4_20170620","2017-06-20T16:46Z",785,"2017-06-20T19:10:40Z",,81.70,16.73,97.03,,97.72,
"f35c20f9-91f4-4192-ad05-e3c278304fb1","784daef3-57fb-459c-93a2-d8a362220b76","D17","BIGC","BIGC.AOS.reaeration.station.04","BIGC_S4_20170620","2017-06-20T16:46Z",728,"2017-06-20T19:01:10Z",,81.00,16.50,96.70,,97.40,
"94a022fa-3314-48d6-a827-9bd75a8700e5","784daef3-57fb-459c-93a2-d8a362220b76","D17","BIGC","BIGC.AOS.reaeration.station.04","BIGC_S4_20170620","2017-06-20T16:46Z",335,"2017-06-20T17:55:40Z",,75.00,15.35,91.95,,92.64,
"5cb03a60-a84f-4b47-b5a5-82b126694b27","784daef3-57fb-459c-93a2-d8a362220b76","D17","BIGC","BIGC.AOS.reaeration.station.04","BIGC_S4_20170620","2017-06-20T16:46Z",508,"2017-06-20T18:24:30Z",,77.60,15.71,94.34,,95.05,
"9b6f899c-5788-4fb8-a030-22656c1a47a2","784daef3-57fb-459c-93a2-d8a362220b76","D17","BIGC","BIGC.AOS.reaeration.station.04","BIGC_S4_20170620","2017-06-20T16:46Z",806,"2017-06-20T19:14:10Z",,45.60,17.99,52.65,,52.99,
"37178d60-6a9a-493c-83f7-31f8357bd263","784daef3-57fb-459c-93a2-d8a362220b76","D17","BIGC","BIGC.AOS.reaeration.station.04","BIGC_S4_20170620","2017-06-20T16:46Z",727,"2017-06-20T19:01:00Z",,81.00,16.50,96.70,,97.40,
"a92af637-0ff3-445e-a562-cc72484b9433","784daef3-57fb-459c-93a2-d8a362220b76","D17","BIGC","BIGC.AOS.reaeration.station.04","BIGC_S4_20170620","2017-06-20T16:46Z",121,"2017-06-20T17:20:00Z",,74.60,15.04,92.13,,92.83,
"9e675fc0-f982-41ac-88ef-9b195ef0e7a0","784daef3-57fb-459c-93a2-d8a362220b76","D17","BIGC","BIGC.AOS.reaeration.station.04","BIGC_S4_20170620","2017-06-20T16:46Z",210,"2017-06-20T17:34:50Z",,74.60,15.20,91.78,,92.48,
"9bca2df9-6eef-463b-905c-ea4c6275e27f","784daef3-57fb-459c-93a2-d8a362220b76","D17","BIGC","BIGC.AOS.reaeration.station.04","BIGC_S4_20170620","2017-06-20T16:46Z",9,"2017-06-20T17:01:20Z",,74.20,14.95,91.83,,92.53,
"0632c63a-ecd0-4e0a-bab5-059c6800ced1","784daef3-57fb-459c-93a2-d8a362220b76","D17","BIGC","BIGC.AOS.reaeration.station.04","BIGC_S4_20170620","2017-06-20T16:46Z",235,"2017-06-20T17:39:00Z",,75.00,15.21,92.25,,92.95,
"f70039d0-0269-49e9-9fc9-cd0953aca0ed","784daef3-57fb-459c-93a2-d8a362220b76","D17","BIGC","BIGC.AOS.reaeration.station.04","BIGC_S4_20170620","2017-06-20T16:46Z",503,"2017-06-20T18:23:40Z",,76.50,15.71,93.00,,93.70,
"48807ca8-4986-43b9-8182-ea1504a7a777","784daef3-57fb-459c-93a2-d8a362220b76","D17","BIGC","BIGC.AOS.reaeration.station.04","BIGC_S4_20170620","2017-06-20T16:46Z",355,"2017-06-20T17:59:00Z",,75.00,15.38,91.88,,92.58,
"fc082961-7fa9-4319-9920-958597344231","784daef3-57fb-459c-93a2-d8a362220b76","D17","BIGC","BIGC.AOS.reaeration.station.04","BIGC_S4_20170620","2017-06-20T16:46Z",837,"2017-06-20T19:19:20Z",,49.60,20.76,53.97,,54.21,
"5d8694c8-7211-4648-9a84-72957dfbda31","784daef3-57fb-459c-93a2-d8a362220b76","D17","BIGC","BIGC.AOS.reaeration.station.04","BIGC_S4_20170620","2017-06-20T16:46Z",31,"2017-06-20T17:05:00Z",,74.20,14.96,91.80,,92.51,
"5de413fd-c606-4097-9e00-bcf5356e7fe9","784daef3-57fb-459c-93a2-d8a362220b76","D17","BIGC","BIGC.AOS.reaeration.station.04","BIGC_S4_20170620","2017-06-20T16:46Z",230,"2017-06-20T17:38:10Z",,74.60,15.17,91.84,,92.54,
"abc1f463-eca7-4a5b-afa6-0ad19d40d69a","784daef3-57fb-459c-93a2-d8a362220b76","D17","BIGC","BIGC.AOS.reaeration.station.04","BIGC_S4_20170620","2017-06-20T16:46Z",448,"2017-06-20T18:14:30Z",,75.30,15.57,91.84,,92.53,
"2364a3f4-a448-4ed9-bea6-d7c683e01dff","784daef3-57fb-459c-93a2-d8a362220b76","D17","BIGC","BIGC.AOS.reaeration.station.04","BIGC_S4_20170620","2017-06-20T16:46Z",459,"2017-06-20T18:16:20Z",,75.30,15.59,91.80,,92.49,
"16a92978-c861-4fb1-b632-69dcaed01888","784daef3-57fb-459c-93a2-d8a362220b76","D17","BIGC","BIGC.AOS.reaeration.station.04","BIGC_S4_20170620","2017-06-20T16:46Z",674,"2017-06-20T18:52:10Z",,80.60,16.28,96.71,,97.42,
"9223eb78-85a7-4148-b19b-b9e512aba2bb","784daef3-57fb-459c-93a2-d8a362220b76","D17","BIGC","BIGC.AOS.reaeration.station.04","BIGC_S4_20170620","2017-06-20T16:46Z",184,"2017-06-20T17:30:30Z",,74.60,15.14,91.91,,92.61,
"f7c1cfc0-dfaf-4f3d-89c8-3fdaa6494940","784daef3-57fb-459c-93a2-d8a362220b76","D17","BIGC","BIGC.AOS.reaeration.station.04","BIGC_S4_20170620","2017-06-20T16:46Z",644,"2017-06-20T18:47:10Z",,80.20,16.17,96.47,,97.18,
"63244419-7c1c-40ac-911c-aa4584cb5b80","784daef3-57fb-459c-93a2-d8a362220b76","D17","BIGC","BIGC.AOS.reaeration.station.04","BIGC_S4_20170620","2017-06-20T16:46Z",243,"2017-06-20T17:40:20Z",,74.60,15.20,91.78,,92.48,
"39aea3b3-577a-42c7-8069-e72fd505c748","784daef3-57fb-459c-93a2-d8a362220b76","D17","BIGC","BIGC.AOS.reaeration.station.04","BIGC_S4_20170620","2017-06-20T16:46Z",614,"2017-06-20T18:42:10Z",,80.30,16.07,96.81,,97.53,
"9b6718ba-49d5-400e-bde3-7ced3bd679e7","784daef3-57fb-459c-93a2-d8a362220b76","D17","BIGC","BIGC.AOS.reaeration.station.04","BIGC_S4_20170620","2017-06-20T16:46Z",295,"2017-06-20T17:49:00Z",,75.00,15.29,92.08,,92.78,
"199a270a-b0aa-4652-a59e-07dda41cb229","784daef3-57fb-459c-93a2-d8a362220b76","D17","BIGC","BIGC.AOS.reaeration.station.04","BIGC_S4_20170620","2017-06-20T16:46Z",165,"2017-06-20T17:27:20Z",,74.60,15.11,91.97,,92.67,
"671a4ea0-aa44-48fb-aa1d-84a63bfbb6af","784daef3-57fb-459c-93a2-d8a362220b76","D17","BIGC","BIGC.AOS.reaeration.station.04","BIGC_S4_20170620","2017-06-20T16:46Z",68,"2017-06-20T17:11:10Z",,74.60,14.98,92.26,,92.96,
"6fb1886c-38fd-4ecd-a5d2-9a32d32edf43","784daef3-57fb-459c-93a2-d8a362220b76","D17","BIGC","BIGC.AOS.reaeration.station.04","BIGC_S4_20170620","2017-06-20T16:46Z",263,"2017-06-20T17:43:40Z",,75.00,15.22,92.23,,92.93,
"7242ada8-be26-42d8-8706-455b0662ca6d","784daef3-57fb-459c-93a2-d8a362220b76","D17","BIGC","BIGC.AOS.reaeration.station.04","BIGC_S4_20170620","2017-06-20T16:46Z",449,"2017-06-20T18:14:40Z",,75.30,15.58,91.82,,92.51,
"d2520fd8-3094-4632-9774-8ddf7d38d58b","784daef3-57fb-459c-93a2-d8a362220b76","D17","BIGC","BIGC.AOS.reaeration.station.04","BIGC_S4_20170620","2017-06-20T16:46Z",194,"2017-06-20T17:32:10Z",,74.60,15.16,91.87,,92.56,
"c72325ef-8fd3-473c-b1cb-f8dc88ef5b1d","784daef3-57fb-459c-93a2-d8a362220b76","D17","BIGC","BIGC.AOS.reaeration.station.04","BIGC_S4_20170620","2017-06-20T16:46Z",416,"2017-06-20T18:09:10Z",,75.40,15.48,92.16,,92.85,
"e6b65bc6-4309-4fb0-82d6-7b00e6639d18","784daef3-57fb-459c-93a2-d8a362220b76","D17","BIGC","BIGC.AOS.reaeration.station.04","BIGC_S4_20170620","2017-06-20T16:46Z",310,"2017-06-20T17:51:30Z",,75.00,15.30,92.06,,92.75,
"1fea7da7-dd67-40d5-9de3-5ead4a3c6204","784daef3-57fb-459c-93a2-d8a362220b76","D17","BIGC","BIGC.AOS.reaeration.station.04","BIGC_S4_20170620","2017-06-20T16:46Z",141,"2017-06-20T17:23:20Z",,74.60,15.09,92.02,,92.72,
"0f42f692-d7b0-408f-862b-cee558f8bfbd","784daef3-57fb-459c-93a2-d8a362220b76","D17","BIGC","BIGC.AOS.reaeration.station.04","BIGC_S4_20170620","2017-06-20T16:46Z",835,"2017-06-20T19:19:00Z",,49.20,20.47,53.86,,54.12,
"64c41864-5ec5-4648-9e1e-c80e761890ee","784daef3-57fb-459c-93a2-d8a362220b76","D17","BIGC","BIGC.AOS.reaeration.station.04","BIGC_S4_20170620","2017-06-20T16:46Z",525,"2017-06-20T18:27:20Z",,78.80,15.77,95.67,,96.38,
"c1642b07-7dbb-44a3-b11e-f323c674adb3","784daef3-57fb-459c-93a2-d8a362220b76","D17","BIGC","BIGC.AOS.reaeration.station.04","BIGC_S4_20170620","2017-06-20T16:46Z",527,"2017-06-20T18:27:40Z",,78.80,15.77,95.67,,96.38,
"1aa7446a-2a21-47cb-8404-b4b14f0cfcfc","784daef3-57fb-459c-93a2-d8a362220b76","D17","BIGC","BIGC.AOS.reaeration.station.04","BIGC_S4_20170620","2017-06-20T16:46Z",572,"2017-06-20T18:35:10Z",,79.90,15.92,96.66,,97.38,
"aa807409-ed3a-44bf-ad89-81a3e9ba16ac","784daef3-57fb-459c-93a2-d8a362220b76","D17","BIGC","BIGC.AOS.reaeration.station.04","BIGC_S4_20170620","2017-06-20T16:46Z",544,"2017-06-20T18:30:30Z",,79.10,15.82,95.92,,96.63,
"060257cc-459b-472f-9afa-0dffa1bb829d","784daef3-57fb-459c-93a2-d8a362220b76","D17","BIGC","BIGC.AOS.reaeration.station.04","BIGC_S4_20170620","2017-06-20T16:46Z",704,"2017-06-20T18:57:10Z",,81.00,16.40,96.92,,97.63,
"6f7b94bc-8a20-4bfd-a988-4af1f7a6aeb8","784daef3-57fb-459c-93a2-d8a362220b76","D17","BIGC","BIGC.AOS.reaeration.station.04","BIGC_S4_20170620","2017-06-20T16:46Z",860,"2017-06-20T19:22:48Z",,,,,,,
"07735211-baf3-4db1-b260-3aea14cd56ba","784daef3-57fb-459c-93a2-d8a362220b76","D17","BIGC","BIGC.AOS.reaeration.station.04","BIGC_S4_20170620","2017-06-20T16:46Z",812,"2017-06-20T19:15:10Z",,46.70,18.71,53.08,,53.40,
"04da1df5-cf5e-4f6c-b485-d3d83d16b711","784daef3-57fb-459c-93a2-d8a362220b76","D17","BIGC","BIGC.AOS.reaeration.station.04","BIGC_S4_20170620","2017-06-20T16:46Z",621,"2017-06-20T18:43:20Z",,80.30,16.08,96.79,,97.51,
"9df49b2e-33f7-43a1-ab39-f8eb6855e9d8","784daef3-57fb-459c-93a2-d8a362220b76","D17","BIGC","BIGC.AOS.reaeration.station.04","BIGC_S4_20170620","2017-06-20T16:46Z",530,"2017-06-20T18:28:10Z",,78.80,15.78,95.64,,96.36,
"13ea4f4b-bb05-4a8a-bcd0-cc3878f8dcde","784daef3-57fb-459c-93a2-d8a362220b76","D17","BIGC","BIGC.AOS.reaeration.station.04","BIGC_S4_20170620","2017-06-20T16:46Z",538,"2017-06-20T18:29:30Z",,79.10,15.81,95.94,,96.66,
"e8845b73-2db0-4c52-8151-478a4b20ae51","784daef3-57fb-459c-93a2-d8a362220b76","D17","BIGC","BIGC.AOS.reaeration.station.04","BIGC_S4_20170620","2017-06-20T16:46Z",342,"2017-06-20T17:56:50Z",,75.00,15.36,91.93,,92.62,
"02021175-eeec-4f4d-a3db-aa701b2c10c2","784daef3-57fb-459c-93a2-d8a362220b76","D17","BIGC","BIGC.AOS.reaeration.station.04","BIGC_S4_20170620","2017-06-20T16:46Z",435,"2017-06-20T18:12:20Z",,75.30,15.54,91.91,,92.60,
"f68a0054-2ff2-44c1-a526-7e4f1b9a14f6","784daef3-57fb-459c-93a2-d8a362220b76","D17","BIGC","BIGC.AOS.reaeration.station.04","BIGC_S4_20170620","2017-06-20T16:46Z",462,"2017-06-20T18:16:50Z",,75.30,15.60,91.78,,92.47,
"b7ee784a-ed96-47a5-952d-43ec6e74017b","784daef3-57fb-459c-93a2-d8a362220b76","D17","BIGC","BIGC.AOS.reaeration.station.04","BIGC_S4_20170620","2017-06-20T16:46Z",201,"2017-06-20T17:33:20Z",,74.60,15.16,91.87,,92.56,
"0876c1a8-4651-4486-a153-3098872fb63c","784daef3-57fb-459c-93a2-d8a362220b76","D17","BIGC","BIGC.AOS.reaeration.station.04","BIGC_S4_20170620","2017-06-20T16:46Z",675,"2017-06-20T18:52:20Z",,80.60,16.29,96.68,,97.39,
"47f85854-b2a7-4dc7-b49c-6f6dd47c0450","784daef3-57fb-459c-93a2-d8a362220b76","D17","BIGC","BIGC.AOS.reaeration.station.04","BIGC_S4_20170620","2017-06-20T16:46Z",77,"2017-06-20T17:12:40Z",,74.20,15.02,91.67,,92.37,
"d90b2d21-6fab-40ca-b9ba-8db9a5bc64b5","784daef3-57fb-459c-93a2-d8a362220b76","D17","BIGC","BIGC.AOS.reaeration.station.04","BIGC_S4_20170620","2017-06-20T16:46Z",828,"2017-06-20T19:17:50Z",,48.10,19.92,53.27,,53.55,
"1f1f5551-b706-4bea-8b62-ad4ed0c7f7da","784daef3-57fb-459c-93a2-d8a362220b76","D17","BIGC","BIGC.AOS.reaeration.station.04","BIGC_S4_20170620","2017-06-20T16:46Z",356,"2017-06-20T17:59:10Z",,75.00,15.39,91.86,,92.56,
"22b65cb7-4335-43e6-8c2d-cfb606f4682a","784daef3-57fb-459c-93a2-d8a362220b76","D17","BIGC","BIGC.AOS.reaeration.station.04","BIGC_S4_20170620","2017-06-20T16:46Z",678,"2017-06-20T18:52:50Z",,80.60,16.29,96.68,,97.39,
"581f1dda-4a35-42c1-acf8-3bc54d8083f0","784daef3-57fb-459c-93a2-d8a362220b76","D17","BIGC","BIGC.AOS.reaeration.station.04","BIGC_S4_20170620","2017-06-20T16:46Z",752,"2017-06-20T19:05:10Z",,81.40,16.59,96.98,,97.68,
"eb564564-d51f-400d-ba04-3cab2afb8824","784daef3-57fb-459c-93a2-d8a362220b76","D17","BIGC","BIGC.AOS.reaeration.station.04","BIGC_S4_20170620","2017-06-20T16:46Z",368,"2017-06-20T18:01:10Z",,75.00,15.41,91.82,,92.51,
"c0b0324d-3912-46a9-9439-ecf0663f7131","784daef3-57fb-459c-93a2-d8a362220b76","D17","BIGC","BIGC.AOS.reaeration.station.04","BIGC_S4_20170620","2017-06-20T16:46Z",118,"2017-06-20T17:19:30Z",,74.60,15.04,92.13,,92.83,
"399a12eb-5327-48ba-9a7a-9f8f46d16040","784daef3-57fb-459c-93a2-d8a362220b76","D17","BIGC","BIGC.AOS.reaeration.station.04","BIGC_S4_20170620","2017-06-20T16:46Z",57,"2017-06-20T17:09:20Z",,74.20,14.99,91.74,,92.44,
"c249b548-c2f0-45d0-9c0b-6c64896c5231","784daef3-57fb-459c-93a2-d8a362220b76","D17","BIGC","BIGC.AOS.reaeration.station.04","BIGC_S4_20170620","2017-06-20T16:46Z",543,"2017-06-20T18:30:20Z",,79.50,15.83,96.38,,97.10,
"f944ad59-cf6c-4bd0-9011-2b973f2cd160","784daef3-57fb-459c-93a2-d8a362220b76","D17","BIGC","BIGC.AOS.reaeration.station.04","BIGC_S4_20170620","2017-06-20T16:46Z",294,"2017-06-20T17:48:50Z",,75.00,15.28,92.10,,92.80,
"ae166790-f43d-453a-bc45-12606edc2a9a","784daef3-57fb-459c-93a2-d8a362220b76","D17","BIGC","BIGC.AOS.reaeration.station.04","BIGC_S4_20170620","2017-06-20T16:46Z",146,"2017-06-20T17:24:10Z",,74.60,15.09,92.02,,92.72,
"a8edb147-cfb7-4c01-92bb-898709f808a2","784daef3-57fb-459c-93a2-d8a362220b76","D17","BIGC","BIGC.AOS.reaeration.station.04","BIGC_S4_20170620","2017-06-20T16:46Z",456,"2017-06-20T18:15:50Z",,75.30,15.58,91.82,,92.51,
"e35be5b2-6d1f-4477-81cf-24595a1fd0ec","784daef3-57fb-459c-93a2-d8a362220b76","D17","BIGC","BIGC.AOS.reaeration.station.04","BIGC_S4_20170620","2017-06-20T16:46Z",585,"2017-06-20T18:37:20Z",,79.90,15.96,96.58,,97.29,
"d04972fc-17ec-40c7-966c-229965f4ea37","784daef3-57fb-459c-93a2-d8a362220b76","D17","BIGC","BIGC.AOS.reaeration.station.04","BIGC_S4_20170620","2017-06-20T16:46Z",364,"2017-06-20T18:00:30Z",,75.00,15.40,91.84,,92.53,
"a0dff715-4657-4a86-a5bf-499badaadf7c","784daef3-57fb-459c-93a2-d8a362220b76","D17","BIGC","BIGC.AOS.reaeration.station.04","BIGC_S4_20170620","2017-06-20T16:46Z",24,"2017-06-20T17:03:50Z",,74.20,14.97,91.78,,92.48,
"21dfabb7-7300-4c4c-906c-9967d5558e26","784daef3-57fb-459c-93a2-d8a362220b76","D17","BIGC","BIGC.AOS.reaeration.station.04","BIGC_S4_20170620","2017-06-20T16:46Z",686,"2017-06-20T18:54:10Z",,81.00,16.33,97.08,,97.79,
"53254461-ec61-471e-a16f-dcf4bd3873f9","784daef3-57fb-459c-93a2-d8a362220b76","D17","BIGC","BIGC.AOS.reaeration.station.04","BIGC_S4_20170620","2017-06-20T16:46Z",341,"2017-06-20T17:56:40Z",,75.00,15.36,91.93,,92.62,
"de078d90-8987-4dda-96e1-991cdc982434","784daef3-57fb-459c-93a2-d8a362220b76","D17","BIGC","BIGC.AOS.reaeration.station.04","BIGC_S4_20170620","2017-06-20T16:46Z",820,"2017-06-20T19:16:30Z",,47.80,19.30,53.64,,53.95,
"31e288ea-e8e7-4447-bf34-60948d6bb340","784daef3-57fb-459c-93a2-d8a362220b76","D17","BIGC","BIGC.AOS.reaeration.station.04","BIGC_S4_20170620","2017-06-20T16:46Z",825,"2017-06-20T19:17:20Z",,48.10,19.72,53.49,,53.78,
"6e81ed29-e907-419f-868d-10e2383fd3c6","784daef3-57fb-459c-93a2-d8a362220b76","D17","BIGC","BIGC.AOS.reaeration.station.04","BIGC_S4_20170620","2017-06-20T16:46Z",100,"2017-06-20T17:16:30Z",,74.60,15.03,92.15,,92.85,
"6db66d5d-5448-4192-8ea6-f66812e6b469","784daef3-57fb-459c-93a2-d8a362220b76","D17","BIGC","BIGC.AOS.reaeration.station.04","BIGC_S4_20170620","2017-06-20T16:46Z",532,"2017-06-20T18:28:30Z",,78.80,15.79,95.62,,96.34,
"3b7cc475-3fb6-403e-9bfc-e7d2cf9bb354","784daef3-57fb-459c-93a2-d8a362220b76","D17","BIGC","BIGC.AOS.reaeration.station.04","BIGC_S4_20170620","2017-06-20T16:46Z",51,"2017-06-20T17:08:20Z",,74.20,14.99,91.74,,92.44,
"3b6db768-fc55-4ef5-aeca-ba374b86483e","784daef3-57fb-459c-93a2-d8a362220b76","D17","BIGC","BIGC.AOS.reaeration.station.04","BIGC_S4_20170620","2017-06-20T16:46Z",157,"2017-06-20T17:26:00Z",,74.60,15.10,92.00,,92.70,
"d38efaf9-e743-4da9-99f6-67322f6a30e8","784daef3-57fb-459c-93a2-d8a362220b76","D17","BIGC","BIGC.AOS.reaeration.station.04","BIGC_S4_20170620","2017-06-20T16:46Z",149,"2017-06-20T17:24:40Z",,74.60,15.09,92.02,,92.72,
"965a69be-3ebd-4c09-b4ba-e1e1b4919b45","784daef3-57fb-459c-93a2-d8a362220b76","D17","BIGC","BIGC.AOS.reaeration.station.04","BIGC_S4_20170620","2017-06-20T16:46Z",209,"2017-06-20T17:34:40Z",,74.60,15.20,91.78,,92.48,
"a67aeefa-18c6-4578-acb8-c596c21f7d4d","784daef3-57fb-459c-93a2-d8a362220b76","D17","BIGC","BIGC.AOS.reaeration.station.04","BIGC_S4_20170620","2017-06-20T16:46Z",332,"2017-06-20T17:55:10Z",,75.00,15.35,91.95,,92.64,
"5ac27d77-89a7-4d01-8d15-cd68f8c59f22","784daef3-57fb-459c-93a2-d8a362220b76","D17","BIGC","BIGC.AOS.reaeration.station.04","BIGC_S4_20170620","2017-06-20T16:46Z",388,"2017-06-20T18:04:30Z",,75.40,15.44,92.24,,92.94,
"fd667e3d-20b9-4679-a479-18c1bbcd75f7","784daef3-57fb-459c-93a2-d8a362220b76","D17","BIGC","BIGC.AOS.reaeration.station.04","BIGC_S4_20170620","2017-06-20T16:46Z",292,"2017-06-20T17:48:30Z",,75.00,15.28,92.10,,92.80,
"5e6acc45-f1f6-480e-b98d-2fe04ebac24a","784daef3-57fb-459c-93a2-d8a362220b76","D17","BIGC","BIGC.AOS.reaeration.station.04","BIGC_S4_20170620","2017-06-20T16:46Z",839,"2017-06-20T19:19:40Z",,49.60,20.90,53.81,,54.05,
"8af2ed4d-65cf-407f-b961-65fd3eb6eccd","784daef3-57fb-459c-93a2-d8a362220b76","D17","BIGC","BIGC.AOS.reaeration.station.04","BIGC_S4_20170620","2017-06-20T16:46Z",802,"2017-06-20T19:13:30Z",,81.00,16.79,96.06,,96.75,
"39121c5d-f80c-48b8-814d-3c3ab60f603d","784daef3-57fb-459c-93a2-d8a362220b76","D17","BIGC","BIGC.AOS.reaeration.station.04","BIGC_S4_20170620","2017-06-20T16:46Z",48,"2017-06-20T17:07:50Z",,74.20,14.98,91.76,,92.46,
"55b706c1-cf73-40f0-b132-522a8cf50a25","784daef3-57fb-459c-93a2-d8a362220b76","D17","BIGC","BIGC.AOS.reaeration.station.04","BIGC_S4_20170620","2017-06-20T16:46Z",152,"2017-06-20T17:25:10Z",,74.60,15.08,92.04,,92.74,
"8eff2d5d-e8dc-4467-99ba-66befbe8f305","784daef3-57fb-459c-93a2-d8a362220b76","D17","BIGC","BIGC.AOS.reaeration.station.04","BIGC_S4_20170620","2017-06-20T16:46Z",415,"2017-06-20T18:09:00Z",,75.40,15.48,92.16,,92.85,
"e559acf8-6480-4c1b-ba2e-edff49e68971","784daef3-57fb-459c-93a2-d8a362220b76","D17","BIGC","BIGC.AOS.reaeration.station.04","BIGC_S4_20170620","2017-06-20T16:46Z",634,"2017-06-20T18:45:30Z",,80.30,16.13,96.68,,97.39,
"da80c2cb-61e3-4888-af14-0d320e16f258","784daef3-57fb-459c-93a2-d8a362220b76","D17","BIGC","BIGC.AOS.reaeration.station.04","BIGC_S4_20170620","2017-06-20T16:46Z",42,"2017-06-20T17:06:50Z",,74.20,14.98,91.76,,92.46,
"d8741359-a918-4f8f-a5c3-eea13a58d64e","784daef3-57fb-459c-93a2-d8a362220b76","D17","BIGC","BIGC.AOS.reaeration.station.04","BIGC_S4_20170620","2017-06-20T16:46Z",204,"2017-06-20T17:33:50Z",,74.60,15.19,91.80,,92.50,
"3c8deec0-6372-415f-905a-79f3fa94ce7b","784daef3-57fb-459c-93a2-d8a362220b76","D17","BIGC","BIGC.AOS.reaeration.station.04","BIGC_S4_20170620","2017-06-20T16:46Z",304,"2017-06-20T17:50:30Z",,75.00,15.30,92.06,,92.75,
"f60cb30b-dabc-4fbd-bb84-65212bdb08b7","784daef3-57fb-459c-93a2-d8a362220b76","D17","BIGC","BIGC.AOS.reaeration.station.04","BIGC_S4_20170620","2017-06-20T16:46Z",636,"2017-06-20T18:45:50Z",,80.30,16.14,96.66,,97.37,
"12a894b5-b6ad-491b-8738-c6f496842f68","784daef3-57fb-459c-93a2-d8a362220b76","D17","BIGC","BIGC.AOS.reaeration.station.04","BIGC_S4_20170620","2017-06-20T16:46Z",526,"2017-06-20T18:27:30Z",,78.80,15.77,95.67,,96.38,
"1b9783e0-0aba-43a0-bc9e-0223826bd7b0","784daef3-57fb-459c-93a2-d8a362220b76","D17","BIGC","BIGC.AOS.reaeration.station.04","BIGC_S4_20170620","2017-06-20T16:46Z",161,"2017-06-20T17:26:40Z",,74.60,15.10,92.00,,92.70,
"a3e4c405-d145-41d9-9f7c-d4ebbf91b88f","784daef3-57fb-459c-93a2-d8a362220b76","D17","BIGC","BIGC.AOS.reaeration.station.04","BIGC_S4_20170620","2017-06-20T16:46Z",786,"2017-06-20T19:10:50Z",,81.30,16.72,96.57,,97.27,
"6d8f64aa-0144-485c-a80d-d67e74f181c1","784daef3-57fb-459c-93a2-d8a362220b76","D17","BIGC","BIGC.AOS.reaeration.station.04","BIGC_S4_20170620","2017-06-20T16:46Z",117,"2017-06-20T17:19:20Z",,74.20,15.04,91.63,,92.33,
"4f49e1c6-8993-43f1-8ab1-8d235c523625","784daef3-57fb-459c-93a2-d8a362220b76","D17","BIGC","BIGC.AOS.reaeration.station.04","BIGC_S4_20170620","2017-06-20T16:46Z",440,"2017-06-20T18:13:10Z",,75.30,15.55,91.88,,92.58,
"82a0cd74-6f15-4c16-8597-5bd029effc56","784daef3-57fb-459c-93a2-d8a362220b76","D17","BIGC","BIGC.AOS.reaeration.station.04","BIGC_S4_20170620","2017-06-20T16:46Z",434,"2017-06-20T18:12:10Z",,75.30,15.54,91.91,,92.60,
"cc538e6c-8d5c-466f-a5a6-c51cc60cac8b","784daef3-57fb-459c-93a2-d8a362220b76","D17","BIGC","BIGC.AOS.reaeration.station.04","BIGC_S4_20170620","2017-06-20T16:46Z",333,"2017-06-20T17:55:20Z",,75.00,15.35,91.95,,92.64,
"273f6e71-4288-459f-80c4-c42fa6a2aea9","784daef3-57fb-459c-93a2-d8a362220b76","D17","BIGC","BIGC.AOS.reaeration.station.04","BIGC_S4_20170620","2017-06-20T16:46Z",632,"2017-06-20T18:45:10Z",,80.30,16.13,96.68,,97.39,
"bc57d36f-f326-45e8-b7bb-926af4fcfd28","784daef3-57fb-459c-93a2-d8a362220b76","D17","BIGC","BIGC.AOS.reaeration.station.04","BIGC_S4_20170620","2017-06-20T16:46Z",92,"2017-06-20T17:15:10Z",,74.20,15.02,91.67,,92.37,
"5829f71c-506e-4e60-b27c-76553017c39e","784daef3-57fb-459c-93a2-d8a362220b76","D17","BIGC","BIGC.AOS.reaeration.station.04","BIGC_S4_20170620","2017-06-20T16:46Z",285,"2017-06-20T17:47:20Z",,75.00,15.28,92.10,,92.80,
"0993bf02-3066-4fea-9850-25cb4efb7160","784daef3-57fb-459c-93a2-d8a362220b76","D17","BIGC","BIGC.AOS.reaeration.station.04","BIGC_S4_20170620","2017-06-20T16:46Z",514,"2017-06-20T18:25:30Z",,77.60,15.73,94.30,,95.00,
"e5eb221c-85c3-4178-ad58-ff6594668479","784daef3-57fb-459c-93a2-d8a362220b76","D17","BIGC","BIGC.AOS.reaeration.station.04","BIGC_S4_20170620","2017-06-20T16:46Z",637,"2017-06-20T18:46:00Z",,80.60,16.15,97.00,,97.71,
"81d6c9d7-e4b8-4281-ab30-bda375de4c1c","784daef3-57fb-459c-93a2-d8a362220b76","D17","BIGC","BIGC.AOS.reaeration.station.04","BIGC_S4_20170620","2017-06-20T16:46Z",460,"2017-06-20T18:16:30Z",,75.30,15.60,91.78,,92.47,
"fe315022-a17e-4a76-83aa-12ed37ba2db6","784daef3-57fb-459c-93a2-d8a362220b76","D17","BIGC","BIGC.AOS.reaeration.station.04","BIGC_S4_20170620","2017-06-20T16:46Z",345,"2017-06-20T17:57:20Z",,75.00,15.36,91.93,,92.62,
"236414f9-26ba-44b5-a450-48ffcde5246e","784daef3-57fb-459c-93a2-d8a362220b76","D17","BIGC","BIGC.AOS.reaeration.station.04","BIGC_S4_20170620","2017-06-20T16:46Z",602,"2017-06-20T18:40:10Z",,79.90,16.02,96.44,,97.16,
"191a1a1c-1221-462f-a2e9-86117df51ed8","784daef3-57fb-459c-93a2-d8a362220b76","D17","BIGC","BIGC.AOS.reaeration.station.04","BIGC_S4_20170620","2017-06-20T16:46Z",464,"2017-06-20T18:17:10Z",,75.30,15.60,91.78,,92.47,
"680ceb60-8a08-4fe8-8351-14f218fce445","784daef3-57fb-459c-93a2-d8a362220b76","D17","BIGC","BIGC.AOS.reaeration.station.04","BIGC_S4_20170620","2017-06-20T16:46Z",321,"2017-06-20T17:53:20Z",,75.00,15.32,92.01,,92.71,
"d4265ceb-69bc-42f4-84dd-80736225e6d2","784daef3-57fb-459c-93a2-d8a362220b76","D17","BIGC","BIGC.AOS.reaeration.station.04","BIGC_S4_20170620","2017-06-20T16:46Z",624,"2017-06-20T18:43:50Z",,80.30,16.09,96.77,,97.48,
"47e7633d-ce1c-4deb-b02b-33a79811bcfc","784daef3-57fb-459c-93a2-d8a362220b76","D17","BIGC","BIGC.AOS.reaeration.station.04","BIGC_S4_20170620","2017-06-20T16:46Z",289,"2017-06-20T17:48:00Z",,75.00,15.27,92.12,,92.82,
"344e9049-a882-4008-b4cb-09e0c2f3e3f1","784daef3-57fb-459c-93a2-d8a362220b76","D17","BIGC","BIGC.AOS.reaeration.station.04","BIGC_S4_20170620","2017-06-20T16:46Z",672,"2017-06-20T18:51:50Z",,80.20,16.28,96.23,,96.93,
"a2f2db07-3a7e-44b7-ac63-0ec2d7671475","784daef3-57fb-459c-93a2-d8a362220b76","D17","BIGC","BIGC.AOS.reaeration.station.04","BIGC_S4_20170620","2017-06-20T16:46Z",127,"2017-06-20T17:21:00Z",,74.20,15.04,91.63,,92.33,
"18d3de7e-b05f-4a0c-a730-01c70d8e978a","784daef3-57fb-459c-93a2-d8a362220b76","D17","BIGC","BIGC.AOS.reaeration.station.04","BIGC_S4_20170620","2017-06-20T16:46Z",706,"2017-06-20T18:57:30Z",,81.00,16.40,96.92,,97.63,
"ad297889-af7a-488c-925e-dcade57b31a2","784daef3-57fb-459c-93a2-d8a362220b76","D17","BIGC","BIGC.AOS.reaeration.station.04","BIGC_S4_20170620","2017-06-20T16:46Z",314,"2017-06-20T17:52:10Z",,75.00,15.32,92.01,,92.71,
"e6f22d34-ec00-4bb9-967a-18fee7818ebc","784daef3-57fb-459c-93a2-d8a362220b76","D17","BIGC","BIGC.AOS.reaeration.station.04","BIGC_S4_20170620","2017-06-20T16:46Z",650,"2017-06-20T18:48:10Z",,80.20,16.19,96.43,,97.14,
"e315bd5f-c6e4-46aa-ad7a-735c43223673","784daef3-57fb-459c-93a2-d8a362220b76","D17","BIGC","BIGC.AOS.reaeration.station.04","BIGC_S4_20170620","2017-06-20T16:46Z",226,"2017-06-20T17:37:30Z",,74.60,15.19,91.80,,92.50,
"457c35ea-5070-48d3-adfd-66a5482c66c8","784daef3-57fb-459c-93a2-d8a362220b76","D17","BIGC","BIGC.AOS.reaeration.station.04","BIGC_S4_20170620","2017-06-20T16:46Z",14,"2017-06-20T17:02:10Z",,74.20,14.95,91.83,,92.53,
"ada7d185-474e-4ec4-bf32-9d6fa5f0d6a3","784daef3-57fb-459c-93a2-d8a362220b76","D17","BIGC","BIGC.AOS.reaeration.station.04","BIGC_S4_20170620","2017-06-20T16:46Z",708,"2017-06-20T18:57:50Z",,80.60,16.42,96.40,,97.10,
"d08238a4-8b5d-4417-8d87-899f264b34d5","784daef3-57fb-459c-93a2-d8a362220b76","D17","BIGC","BIGC.AOS.reaeration.station.04","BIGC_S4_20170620","2017-06-20T16:46Z",36,"2017-06-20T17:05:50Z",,74.20,14.97,91.78,,92.48,
"37d93c6a-66a3-471e-9721-077b2bdaf7be","784daef3-57fb-459c-93a2-d8a362220b76","D17","BIGC","BIGC.AOS.reaeration.station.04","BIGC_S4_20170620","2017-06-20T16:46Z",653,"2017-06-20T18:48:40Z",,80.20,16.21,96.38,,97.09,
"d7dc0525-0e32-46ff-add9-6f1a329db699","784daef3-57fb-459c-93a2-d8a362220b76","D17","BIGC","BIGC.AOS.reaeration.station.04","BIGC_S4_20170620","2017-06-20T16:46Z",329,"2017-06-20T17:54:40Z",,75.00,15.33,91.99,,92.69,
"4bcf6dc3-0145-45a4-b7e3-084a6184905c","784daef3-57fb-459c-93a2-d8a362220b76","D17","BIGC","BIGC.AOS.reaeration.station.04","BIGC_S4_20170620","2017-06-20T16:46Z",607,"2017-06-20T18:41:00Z",,80.30,16.03,96.90,,97.62,
"89c3dee4-a590-4266-8c3e-f399324c628f","784daef3-57fb-459c-93a2-d8a362220b76","D17","BIGC","BIGC.AOS.reaeration.station.04","BIGC_S4_20170620","2017-06-20T16:46Z",65,"2017-06-20T17:10:40Z",,74.20,14.99,91.74,,92.44,
"b999a72c-f552-44e9-bc07-f3300af4f37c","784daef3-57fb-459c-93a2-d8a362220b76","D17","BIGC","BIGC.AOS.reaeration.station.04","BIGC_S4_20170620","2017-06-20T16:46Z",171,"2017-06-20T17:28:20Z",,74.60,15.11,91.97,,92.67,
"5f8fc1b2-cfc4-4caa-acbb-d6165714093a","784daef3-57fb-459c-93a2-d8a362220b76","D17","BIGC","BIGC.AOS.reaeration.station.04","BIGC_S4_20170620","2017-06-20T16:46Z",803,"2017-06-20T19:13:40Z",,44.10,17.26,51.75,,52.11,
"73f1c105-2176-4ffb-8547-97f9d6c6b8dd","784daef3-57fb-459c-93a2-d8a362220b76","D17","BIGC","BIGC.AOS.reaeration.station.04","BIGC_S4_20170620","2017-06-20T16:46Z",814,"2017-06-20T19:15:30Z",,47.00,18.89,53.21,,53.53,
"53083b6e-3313-4336-b43a-6a7e735ce52a","784daef3-57fb-459c-93a2-d8a362220b76","D17","BIGC","BIGC.AOS.reaeration.station.04","BIGC_S4_20170620","2017-06-20T16:46Z",389,"2017-06-20T18:04:40Z",,75.40,15.44,92.24,,92.94,
"57b4a837-968c-43d7-a9bd-260f5c50fae1","784daef3-57fb-459c-93a2-d8a362220b76","D17","BIGC","BIGC.AOS.reaeration.station.04","BIGC_S4_20170620","2017-06-20T16:46Z",829,"2017-06-20T19:18:00Z",,48.50,19.98,53.64,,53.92,
"bb0a0f81-f4e1-46b2-b1e1-888ff304a11c","784daef3-57fb-459c-93a2-d8a362220b76","D17","BIGC","BIGC.AOS.reaeration.station.04","BIGC_S4_20170620","2017-06-20T16:46Z",671,"2017-06-20T18:51:40Z",,81.00,16.28,97.19,,97.90,
"61278b0c-5313-4e55-acb6-9ef5a00e758a","784daef3-57fb-459c-93a2-d8a362220b76","D17","BIGC","BIGC.AOS.reaeration.station.04","BIGC_S4_20170620","2017-06-20T16:46Z",316,"2017-06-20T17:52:30Z",,75.00,15.32,92.01,,92.71,
"7be93ef0-f30a-4973-a0ec-f0c4d3890370","784daef3-57fb-459c-93a2-d8a362220b76","D17","BIGC","BIGC.AOS.reaeration.station.04","BIGC_S4_20170620","2017-06-20T16:46Z",520,"2017-06-20T18:26:30Z",,78.40,15.76,95.20,,95.91,
"dd3157a6-7570-4a53-acf4-ec5c9b7b5e7c","784daef3-57fb-459c-93a2-d8a362220b76","D17","BIGC","BIGC.AOS.reaeration.station.04","BIGC_S4_20170620","2017-06-20T16:46Z",577,"2017-06-20T18:36:00Z",,79.50,15.92,96.18,,96.90,
"206563aa-fc91-4d4f-8787-e7b159a1a811","784daef3-57fb-459c-93a2-d8a362220b76","D17","BIGC","BIGC.AOS.reaeration.station.04","BIGC_S4_20170620","2017-06-20T16:46Z",466,"2017-06-20T18:17:30Z",,75.70,15.60,92.27,,92.96,
"d7ded065-83c2-4631-8ee3-9841d0bbc41d","784daef3-57fb-459c-93a2-d8a362220b76","D17","BIGC","BIGC.AOS.reaeration.station.04","BIGC_S4_20170620","2017-06-20T16:46Z",76,"2017-06-20T17:12:30Z",,74.60,14.99,92.23,,92.94,
"4aa5d690-15df-4292-b8a7-c088e2023e44","784daef3-57fb-459c-93a2-d8a362220b76","D17","BIGC","BIGC.AOS.reaeration.station.04","BIGC_S4_20170620","2017-06-20T16:46Z",215,"2017-06-20T17:35:40Z",,74.60,15.17,91.84,,92.54,
"c71a34ab-7b9a-4b76-8fa2-8b89e81d7a66","784daef3-57fb-459c-93a2-d8a362220b76","D17","BIGC","BIGC.AOS.reaeration.station.04","BIGC_S4_20170620","2017-06-20T16:46Z",506,"2017-06-20T18:24:10Z",,76.90,15.71,93.49,,94.19,
"6f559b3a-112d-4ace-b271-825216a4e14a","784daef3-57fb-459c-93a2-d8a362220b76","D17","BIGC","BIGC.AOS.reaeration.station.04","BIGC_S4_20170620","2017-06-20T16:46Z",299,"2017-06-20T17:49:40Z",,74.60,15.29,91.59,,92.28,
"8659b86e-a2cf-4ce2-bab6-314cb46f58b0","784daef3-57fb-459c-93a2-d8a362220b76","D17","BIGC","BIGC.AOS.reaeration.station.04","BIGC_S4_20170620","2017-06-20T16:46Z",427,"2017-06-20T18:11:00Z",,75.30,15.53,91.93,,92.62,
"828961d2-9b9b-4d63-936f-22140284df2f","784daef3-57fb-459c-93a2-d8a362220b76","D17","BIGC","BIGC.AOS.reaeration.station.04","BIGC_S4_20170620","2017-06-20T16:46Z",784,"2017-06-20T19:10:30Z",,81.30,16.72,96.57,,97.27,
"83541f55-5b5e-47f4-8ca6-942e8df28c68","784daef3-57fb-459c-93a2-d8a362220b76","D17","BIGC","BIGC.AOS.reaeration.station.04","BIGC_S4_20170620","2017-06-20T16:46Z",848,"2017-06-20T19:21:10Z",,50.70,21.64,54.18,,54.38,
"1c3a2df6-6ca2-4fd8-9e6a-2fa2be67e510","784daef3-57fb-459c-93a2-d8a362220b76","D17","BIGC","BIGC.AOS.reaeration.station.04","BIGC_S4_20170620","2017-06-20T16:46Z",659,"2017-06-20T18:49:40Z",,80.60,16.23,96.82,,97.53,
"3f05b844-b229-4f6f-8157-de25a5b781fe","784daef3-57fb-459c-93a2-d8a362220b76","D17","BIGC","BIGC.AOS.reaeration.station.04","BIGC_S4_20170620","2017-06-20T16:46Z",689,"2017-06-20T18:54:40Z",,80.60,16.35,96.55,,97.26,
"0ac9c3eb-79e8-480e-8d3c-38f4dc084c80","784daef3-57fb-459c-93a2-d8a362220b76","D17","BIGC","BIGC.AOS.reaeration.station.04","BIGC_S4_20170620","2017-06-20T16:46Z",53,"2017-06-20T17:08:40Z",,74.20,14.97,91.78,,92.48,
"65c70f3d-0c27-4f4f-9cae-2312248c5f3d","784daef3-57fb-459c-93a2-d8a362220b76","D17","BIGC","BIGC.AOS.reaeration.station.04","BIGC_S4_20170620","2017-06-20T16:46Z",371,"2017-06-20T18:01:40Z",,75.00,15.41,91.82,,92.51,
"bf013d62-1fba-472c-b757-e102458cebf8","784daef3-57fb-459c-93a2-d8a362220b76","D17","BIGC","BIGC.AOS.reaeration.station.04","BIGC_S4_20170620","2017-06-20T16:46Z",739,"2017-06-20T19:03:00Z",,81.40,16.53,97.11,,97.81,
"44a5403d-e8c3-4578-b672-aad007356e9b","784daef3-57fb-459c-93a2-d8a362220b76","D17","BIGC","BIGC.AOS.reaeration.station.04","BIGC_S4_20170620","2017-06-20T16:46Z",641,"2017-06-20T18:46:40Z",,80.20,16.16,96.49,,97.20,
"f442a895-2232-43ee-9f0b-b33a6a2f4cec","784daef3-57fb-459c-93a2-d8a362220b76","D17","BIGC","BIGC.AOS.reaeration.station.04","BIGC_S4_20170620","2017-06-20T16:46Z",311,"2017-06-20T17:51:40Z",,75.00,15.30,92.06,,92.75,
"5283f029-7324-4fd5-9f57-f4ab461b981b","784daef3-57fb-459c-93a2-d8a362220b76","D17","BIGC","BIGC.AOS.reaeration.station.04","BIGC_S4_20170620","2017-06-20T16:46Z",6,"2017-06-20T17:00:50Z",,74.20,14.95,91.83,,92.53,
"c4ba7871-0ad8-4970-bc9c-c06e8da83890","784daef3-57fb-459c-93a2-d8a362220b76","D17","BIGC","BIGC.AOS.reaeration.station.04","BIGC_S4_20170620","2017-06-20T16:46Z",344,"2017-06-20T17:57:10Z",,75.00,15.36,91.93,,92.62,
"80972b00-ffe6-4988-b633-23d81fcd3c49","784daef3-57fb-459c-93a2-d8a362220b76","D17","BIGC","BIGC.AOS.reaeration.station.04","BIGC_S4_20170620","2017-06-20T16:46Z",713,"2017-06-20T18:58:40Z",,81.00,16.45,96.81,,97.51,
"18d4b40a-829b-4fa9-b268-3b7f1cadc792","784daef3-57fb-459c-93a2-d8a362220b76","D17","BIGC","BIGC.AOS.reaeration.station.04","BIGC_S4_20170620","2017-06-20T16:46Z",359,"2017-06-20T17:59:40Z",,75.00,15.39,91.86,,92.56,
"97fd2acd-5cbf-421f-8b13-6066331a79b6","784daef3-57fb-459c-93a2-d8a362220b76","D17","BIGC","BIGC.AOS.reaeration.station.04","BIGC_S4_20170620","2017-06-20T16:46Z",679,"2017-06-20T18:53:00Z",,81.00,16.31,97.12,,97.83,
"dae68b7a-c907-4059-94f9-bbb4bab9d111","784daef3-57fb-459c-93a2-d8a362220b76","D17","BIGC","BIGC.AOS.reaeration.station.04","BIGC_S4_20170620","2017-06-20T16:46Z",657,"2017-06-20T18:49:20Z",,80.60,16.22,96.84,,97.55,
"933bf629-b78a-426e-8bea-d2a54ce399ec","784daef3-57fb-459c-93a2-d8a362220b76","D17","BIGC","BIGC.AOS.reaeration.station.04","BIGC_S4_20170620","2017-06-20T16:46Z",237,"2017-06-20T17:39:20Z",,74.60,15.22,91.74,,92.43,
"63d50e87-f21c-48b6-af65-19ab04061066","784daef3-57fb-459c-93a2-d8a362220b76","D17","BIGC","BIGC.AOS.reaeration.station.04","BIGC_S4_20170620","2017-06-20T16:46Z",271,"2017-06-20T17:45:00Z",,75.00,15.24,92.18,,92.89,
"1046c123-4dda-4556-88d4-452335e7e5a2","784daef3-57fb-459c-93a2-d8a362220b76","D17","BIGC","BIGC.AOS.reaeration.station.04","BIGC_S4_20170620","2017-06-20T16:46Z",712,"2017-06-20T18:58:30Z",,81.00,16.42,96.88,,97.58,
"6e66d884-71c5-40b0-aea5-579e5e879246","784daef3-57fb-459c-93a2-d8a362220b76","D17","BIGC","BIGC.AOS.reaeration.station.04","BIGC_S4_20170620","2017-06-20T16:46Z",404,"2017-06-20T18:07:10Z",,75.40,15.47,92.18,,92.88,
"d1b8b4cc-e8e7-486d-be04-61678aa818f8","784daef3-57fb-459c-93a2-d8a362220b76","D17","BIGC","BIGC.AOS.reaeration.station.04","BIGC_S4_20170620","2017-06-20T16:46Z",616,"2017-06-20T18:42:30Z",,80.30,16.07,96.81,,97.53,
"aeb9ddfa-b596-46aa-954c-0330cfc5eae3","784daef3-57fb-459c-93a2-d8a362220b76","D17","BIGC","BIGC.AOS.reaeration.station.04","BIGC_S4_20170620","2017-06-20T16:46Z",114,"2017-06-20T17:18:50Z",,74.20,15.04,91.63,,92.33,
"c77e785c-5298-42ce-9e15-0e70eeea94fd","784daef3-57fb-459c-93a2-d8a362220b76","D17","BIGC","BIGC.AOS.reaeration.station.04","BIGC_S4_20170620","2017-06-20T16:46Z",102,"2017-06-20T17:16:50Z",,74.20,15.03,91.65,,92.35,
"dc4e456b-855e-4c87-bf61-2f47fbb6745a","784daef3-57fb-459c-93a2-d8a362220b76","D17","BIGC","BIGC.AOS.reaeration.station.04","BIGC_S4_20170620","2017-06-20T16:46Z",261,"2017-06-20T17:43:20Z",,74.60,15.23,91.71,,92.41,
"700ab78f-eda7-4f0d-bc58-deec4c7f85b8","784daef3-57fb-459c-93a2-d8a362220b76","D17","BIGC","BIGC.AOS.reaeration.station.04","BIGC_S4_20170620","2017-06-20T16:46Z",840,"2017-06-20T19:19:50Z",,49.90,20.98,54.05,,54.28,
"79c8670e-53da-40a2-999f-9bb8965d227b","784daef3-57fb-459c-93a2-d8a362220b76","D17","BIGC","BIGC.AOS.reaeration.station.04","BIGC_S4_20170620","2017-06-20T16:46Z",296,"2017-06-20T17:49:10Z",,75.00,15.29,92.08,,92.78,
"81afdde8-5447-410a-b45e-88ee53514bb9","784daef3-57fb-459c-93a2-d8a362220b76","D17","BIGC","BIGC.AOS.reaeration.station.04","BIGC_S4_20170620","2017-06-20T16:46Z",717,"2017-06-20T18:59:20Z",,81.00,16.45,96.81,,97.51,
"35055fee-14c9-4dd6-9b8a-88303ebde5db","784daef3-57fb-459c-93a2-d8a362220b76","D17","BIGC","BIGC.AOS.reaeration.station.04","BIGC_S4_20170620","2017-06-20T16:46Z",370,"2017-06-20T18:01:30Z",,75.40,15.41,92.31,,93.01,
"b63a707f-b674-48ca-bf6e-49af0e3bf43b","784daef3-57fb-459c-93a2-d8a362220b76","D17","BIGC","BIGC.AOS.reaeration.station.04","BIGC_S4_20170620","2017-06-20T16:46Z",424,"2017-06-20T18:10:30Z",,75.30,15.52,91.95,,92.64,
"1d8ee9f8-00cd-4b31-8de1-e80a6a9d0cdd","784daef3-57fb-459c-93a2-d8a362220b76","D17","BIGC","BIGC.AOS.reaeration.station.04","BIGC_S4_20170620","2017-06-20T16:46Z",216,"2017-06-20T17:35:50Z",,74.60,15.17,91.84,,92.54,
"def1730e-f7fc-4610-87bd-908991d3ddc3","784daef3-57fb-459c-93a2-d8a362220b76","D17","BIGC","BIGC.AOS.reaeration.station.04","BIGC_S4_20170620","2017-06-20T16:46Z",38,"2017-06-20T17:06:10Z",,74.20,14.97,91.78,,92.48,
"80ada57b-4cc6-44a8-bf51-24cf81ff6b8e","784daef3-57fb-459c-93a2-d8a362220b76","D17","BIGC","BIGC.AOS.reaeration.station.04","BIGC_S4_20170620","2017-06-20T16:46Z",79,"2017-06-20T17:13:00Z",,74.20,15.02,91.67,,92.37,
"da860171-3582-4ecc-97a6-1aa8a56d29a5","784daef3-57fb-459c-93a2-d8a362220b76","D17","BIGC","BIGC.AOS.reaeration.station.04","BIGC_S4_20170620","2017-06-20T16:46Z",754,"2017-06-20T19:05:30Z",,81.40,16.60,96.96,,97.66,
"f6688be4-bbb0-4cf0-aff4-660b09769ccf","784daef3-57fb-459c-93a2-d8a362220b76","D17","BIGC","BIGC.AOS.reaeration.station.04","BIGC_S4_20170620","2017-06-20T16:46Z",568,"2017-06-20T18:34:30Z",,79.50,15.90,96.22,,96.94,
"f75de726-9e74-4129-8c98-2f33ab9bbea2","784daef3-57fb-459c-93a2-d8a362220b76","D17","BIGC","BIGC.AOS.reaeration.station.04","BIGC_S4_20170620","2017-06-20T16:46Z",59,"2017-06-20T17:09:40Z",,74.20,14.98,91.76,,92.46,
"5a07eec6-895b-47a0-b0c6-a6f2d0ee461c","784daef3-57fb-459c-93a2-d8a362220b76","D17","BIGC","BIGC.AOS.reaeration.station.04","BIGC_S4_20170620","2017-06-20T16:46Z",593,"2017-06-20T18:38:40Z",,79.90,15.98,96.53,,97.25,
"64111ebf-9c28-4b2d-bdc4-e2909b8b7bb5","784daef3-57fb-459c-93a2-d8a362220b76","D17","BIGC","BIGC.AOS.reaeration.station.04","BIGC_S4_20170620","2017-06-20T16:46Z",740,"2017-06-20T19:03:10Z",,81.00,16.54,96.61,,97.31,
"5b8165fe-d5af-4ac0-81c6-00c77d733497","784daef3-57fb-459c-93a2-d8a362220b76","D17","BIGC","BIGC.AOS.reaeration.station.04","BIGC_S4_20170620","2017-06-20T16:46Z",242,"2017-06-20T17:40:10Z",,74.60,15.20,91.78,,92.48,
"395e981c-be19-4ea0-82dd-575c86242602","784daef3-57fb-459c-93a2-d8a362220b76","D17","BIGC","BIGC.AOS.reaeration.station.04","BIGC_S4_20170620","2017-06-20T16:46Z",172,"2017-06-20T17:28:30Z",,74.60,15.11,91.97,,92.67,
"eee1f060-900f-4bb5-9883-627d2c8a54ac","784daef3-57fb-459c-93a2-d8a362220b76","D17","BIGC","BIGC.AOS.reaeration.station.04","BIGC_S4_20170620","2017-06-20T16:46Z",418,"2017-06-20T18:09:30Z",,75.30,15.51,91.97,,92.66,
"49e7a85a-dae5-43b4-936e-726fa3ad955b","784daef3-57fb-459c-93a2-d8a362220b76","D17","BIGC","BIGC.AOS.reaeration.station.04","BIGC_S4_20170620","2017-06-20T16:46Z",248,"2017-06-20T17:41:10Z",,74.60,15.20,91.78,,92.48,
"c250338b-cfaf-479e-9b73-fb42c5bee60b","784daef3-57fb-459c-93a2-d8a362220b76","D17","BIGC","BIGC.AOS.reaeration.station.04","BIGC_S4_20170620","2017-06-20T16:46Z",696,"2017-06-20T18:55:50Z",,81.00,16.37,96.99,,97.70,
"0e166203-b2ee-4d35-82bc-207f11c12d8f","784daef3-57fb-459c-93a2-d8a362220b76","D17","BIGC","BIGC.AOS.reaeration.station.04","BIGC_S4_20170620","2017-06-20T16:46Z",385,"2017-06-20T18:04:00Z",,75.00,15.44,91.75,,92.45,
"eb4b5fa4-2390-42b6-8351-0ba9fcbebb99","784daef3-57fb-459c-93a2-d8a362220b76","D17","BIGC","BIGC.AOS.reaeration.station.04","BIGC_S4_20170620","2017-06-20T16:46Z",567,"2017-06-20T18:34:20Z",,79.90,15.90,96.71,,97.43,
"77425827-c0a9-4f44-9a79-8ed87725ce9e","784daef3-57fb-459c-93a2-d8a362220b76","D17","BIGC","BIGC.AOS.reaeration.station.04","BIGC_S4_20170620","2017-06-20T16:46Z",819,"2017-06-20T19:16:20Z",,47.40,19.19,53.32,,53.62,
"e45be1b4-b512-4c1e-9e10-d796c6933305","784daef3-57fb-459c-93a2-d8a362220b76","D17","BIGC","BIGC.AOS.reaeration.station.04","BIGC_S4_20170620","2017-06-20T16:46Z",695,"2017-06-20T18:55:40Z",,81.00,16.37,96.99,,97.70,
"b5dd139f-c1a1-434a-a054-a075baba0694","784daef3-57fb-459c-93a2-d8a362220b76","D17","BIGC","BIGC.AOS.reaeration.station.04","BIGC_S4_20170620","2017-06-20T16:46Z",558,"2017-06-20T18:32:50Z",,79.50,15.88,96.27,,96.99,
"26f71afe-711f-4bda-868b-00622847684f","784daef3-57fb-459c-93a2-d8a362220b76","D17","BIGC","BIGC.AOS.reaeration.station.04","BIGC_S4_20170620","2017-06-20T16:46Z",845,"2017-06-20T19:20:40Z",,50.30,21.40,54.01,,54.23,
"6d39eee8-b7d3-4bea-9e94-eeef71081c49","784daef3-57fb-459c-93a2-d8a362220b76","D17","BIGC","BIGC.AOS.reaeration.station.04","BIGC_S4_20170620","2017-06-20T16:46Z",328,"2017-06-20T17:54:30Z",,75.00,15.34,91.97,,92.67,
"212852ea-fe84-4754-9418-8ebb4c348f42","784daef3-57fb-459c-93a2-d8a362220b76","D17","BIGC","BIGC.AOS.reaeration.station.04","BIGC_S4_20170620","2017-06-20T16:46Z",794,"2017-06-20T19:12:10Z",,81.30,16.76,96.49,,97.18,
"88031d50-5649-4866-8c63-b887e791a20b","784daef3-57fb-459c-93a2-d8a362220b76","D17","BIGC","BIGC.AOS.reaeration.station.04","BIGC_S4_20170620","2017-06-20T16:46Z",844,"2017-06-20T19:20:30Z",,50.30,21.33,54.09,,54.31,
"13fe06d6-33ce-46a5-a9f0-f9c56bfeaf20","784daef3-57fb-459c-93a2-d8a362220b76","D17","BIGC","BIGC.AOS.reaeration.station.04","BIGC_S4_20170620","2017-06-20T16:46Z",608,"2017-06-20T18:41:10Z",,79.90,16.04,96.40,,97.11,
"8d71f092-c95c-43a2-9c66-cba68fb3fcf6","784daef3-57fb-459c-93a2-d8a362220b76","D17","BIGC","BIGC.AOS.reaeration.station.04","BIGC_S4_20170620","2017-06-20T16:46Z",774,"2017-06-20T19:08:50Z",,81.70,16.68,97.14,,97.83,
"fa5d84d8-885c-462e-8f46-5839d0de2379","784daef3-57fb-459c-93a2-d8a362220b76","D17","BIGC","BIGC.AOS.reaeration.station.04","BIGC_S4_20170620","2017-06-20T16:46Z",664,"2017-06-20T18:50:30Z",,80.60,16.25,96.77,,97.48,
"879b3bc1-1be7-4cf1-b976-00475174c65e","784daef3-57fb-459c-93a2-d8a362220b76","D17","BIGC","BIGC.AOS.reaeration.station.04","BIGC_S4_20170620","2017-06-20T16:46Z",694,"2017-06-20T18:55:30Z",,81.00,16.37,96.99,,97.70,
"0638fc5a-781b-4b97-a753-46922abd60a3","784daef3-57fb-459c-93a2-d8a362220b76","D17","BIGC","BIGC.AOS.reaeration.station.04","BIGC_S4_20170620","2017-06-20T16:46Z",16,"2017-06-20T17:02:30Z",,74.20,14.96,91.80,,92.51,
"a8664b35-5d7b-4af2-a2c0-862c37dd5139","784daef3-57fb-459c-93a2-d8a362220b76","D17","BIGC","BIGC.AOS.reaeration.station.04","BIGC_S4_20170620","2017-06-20T16:46Z",381,"2017-06-20T18:03:20Z",,75.00,15.44,91.75,,92.45,
"58b84f70-fe7a-4289-8256-d8f8a0b64b20","784daef3-57fb-459c-93a2-d8a362220b76","D17","BIGC","BIGC.AOS.reaeration.station.04","BIGC_S4_20170620","2017-06-20T16:46Z",238,"2017-06-20T17:39:30Z",,74.60,15.21,91.76,,92.46,
"5e7abb66-d65a-4d14-99f7-3c5efe718eb4","784daef3-57fb-459c-93a2-d8a362220b76","D17","BIGC","BIGC.AOS.reaeration.station.04","BIGC_S4_20170620","2017-06-20T16:46Z",453,"2017-06-20T18:15:20Z",,75.30,15.58,91.82,,92.51,
"e2087a40-ad7d-4e45-80f9-24ad9ce6a3b5","784daef3-57fb-459c-93a2-d8a362220b76","D17","BIGC","BIGC.AOS.reaeration.station.04","BIGC_S4_20170620","2017-06-20T16:46Z",834,"2017-06-20T19:18:50Z",,48.50,20.31,53.27,,53.53,
"c7c9258b-1c82-40f8-bef8-3188d9748b61","784daef3-57fb-459c-93a2-d8a362220b76","D17","BIGC","BIGC.AOS.reaeration.station.04","BIGC_S4_20170620","2017-06-20T16:46Z",737,"2017-06-20T19:02:40Z",,81.00,16.53,96.63,,97.33,
"bf801f1f-e452-4cea-8ff1-8bb6af846f7d","784daef3-57fb-459c-93a2-d8a362220b76","D17","BIGC","BIGC.AOS.reaeration.station.04","BIGC_S4_20170620","2017-06-20T16:46Z",232,"2017-06-20T17:38:30Z",,74.60,15.20,91.78,,92.48,
"f065aecc-408d-4425-93aa-8750b09a496b","784daef3-57fb-459c-93a2-d8a362220b76","D17","BIGC","BIGC.AOS.reaeration.station.04","BIGC_S4_20170620","2017-06-20T16:46Z",300,"2017-06-20T17:49:50Z",,75.00,15.29,92.08,,92.78,
"10f0c670-d6d0-4dac-81ea-20fd94d509e7","784daef3-57fb-459c-93a2-d8a362220b76","D17","BIGC","BIGC.AOS.reaeration.station.04","BIGC_S4_20170620","2017-06-20T16:46Z",735,"2017-06-20T19:02:20Z",,81.00,16.53,96.63,,97.33,
"358cb0cc-ab0c-4e98-8c86-cb1bba223d89","784daef3-57fb-459c-93a2-d8a362220b76","D17","BIGC","BIGC.AOS.reaeration.station.04","BIGC_S4_20170620","2017-06-20T16:46Z",793,"2017-06-20T19:12:00Z",,81.30,16.76,96.49,,97.18,
"5a0d800c-9acb-4128-b83b-a3f185a43477","784daef3-57fb-459c-93a2-d8a362220b76","D17","BIGC","BIGC.AOS.reaeration.station.04","BIGC_S4_20170620","2017-06-20T16:46Z",680,"2017-06-20T18:53:10Z",,80.60,16.31,96.64,,97.35,
"a7c5607e-7d6b-43da-afe4-df123ee7bb14","784daef3-57fb-459c-93a2-d8a362220b76","D17","BIGC","BIGC.AOS.reaeration.station.04","BIGC_S4_20170620","2017-06-20T16:46Z",772,"2017-06-20T19:08:30Z",,81.30,16.68,96.66,,97.36,
"bea8e5d4-d801-42da-9570-99000ca67979","784daef3-57fb-459c-93a2-d8a362220b76","D17","BIGC","BIGC.AOS.reaeration.station.04","BIGC_S4_20170620","2017-06-20T16:46Z",247,"2017-06-20T17:41:00Z",,74.60,15.20,91.78,,92.48,
"8b4d74c0-56a8-46b0-a03a-9087ceac67e2","784daef3-57fb-459c-93a2-d8a362220b76","D17","BIGC","BIGC.AOS.reaeration.station.04","BIGC_S4_20170620","2017-06-20T16:46Z",150,"2017-06-20T17:24:50Z",,74.60,15.08,92.04,,92.74,
"78b46d29-d29b-41fe-9e88-346a2446cac8","784daef3-57fb-459c-93a2-d8a362220b76","D17","BIGC","BIGC.AOS.reaeration.station.04","BIGC_S4_20170620","2017-06-20T16:46Z",327,"2017-06-20T17:54:20Z",,75.00,15.34,91.97,,92.67,
"8adbb354-36e4-4c35-ac33-066f8f6fff00","784daef3-57fb-459c-93a2-d8a362220b76","D17","BIGC","BIGC.AOS.reaeration.station.04","BIGC_S4_20170620","2017-06-20T16:46Z",733,"2017-06-20T19:02:00Z",,81.40,16.52,97.13,,97.84,
"3eb5c66b-e8ee-4619-b6e9-34a2957f57af","784daef3-57fb-459c-93a2-d8a362220b76","D17","BIGC","BIGC.AOS.reaeration.station.04","BIGC_S4_20170620","2017-06-20T16:46Z",729,"2017-06-20T19:01:20Z",,81.00,16.50,96.70,,97.40,
"1d07613e-88af-466e-a00c-16dc247d68be","784daef3-57fb-459c-93a2-d8a362220b76","D17","BIGC","BIGC.AOS.reaeration.station.04","BIGC_S4_20170620","2017-06-20T16:46Z",63,"2017-06-20T17:10:20Z",,74.20,14.99,91.74,,92.44,
"379901e5-2fcd-4e55-8af3-3549de0829ff","784daef3-57fb-459c-93a2-d8a362220b76","D17","BIGC","BIGC.AOS.reaeration.station.04","BIGC_S4_20170620","2017-06-20T16:46Z",343,"2017-06-20T17:57:00Z",,75.00,15.36,91.93,,92.62,
"3d2061f4-7c6f-4cc7-8a68-358c5b621433","784daef3-57fb-459c-93a2-d8a362220b76","D17","BIGC","BIGC.AOS.reaeration.station.04","BIGC_S4_20170620","2017-06-20T16:46Z",213,"2017-06-20T17:35:20Z",,74.60,15.19,91.80,,92.50,
"af167943-b62f-4f13-9fc6-4f47e4b398cd","784daef3-57fb-459c-93a2-d8a362220b76","D17","BIGC","BIGC.AOS.reaeration.station.04","BIGC_S4_20170620","2017-06-20T16:46Z",744,"2017-06-20T19:03:50Z",,81.40,16.56,97.04,,97.75,
"e3e85127-7256-48d2-aceb-94580bcf47b0","784daef3-57fb-459c-93a2-d8a362220b76","D17","BIGC","BIGC.AOS.reaeration.station.04","BIGC_S4_20170620","2017-06-20T16:46Z",120,"2017-06-20T17:19:50Z",,74.60,15.04,92.13,,92.83,
"8b62be3a-7391-4e96-9a56-865350f77e53","784daef3-57fb-459c-93a2-d8a362220b76","D17","BIGC","BIGC.AOS.reaeration.station.04","BIGC_S4_20170620","2017-06-20T16:46Z",330,"2017-06-20T17:54:50Z",,75.00,15.34,91.97,,92.67,
"390c5b50-baa4-4163-9e18-5e7f99950db3","784daef3-57fb-459c-93a2-d8a362220b76","D17","BIGC","BIGC.AOS.reaeration.station.04","BIGC_S4_20170620","2017-06-20T16:46Z",511,"2017-06-20T18:25:00Z",,77.60,15.72,94.32,,95.02,
"87a144a0-687f-4e50-8241-f0c39f5beed9","784daef3-57fb-459c-93a2-d8a362220b76","D17","BIGC","BIGC.AOS.reaeration.station.04","BIGC_S4_20170620","2017-06-20T16:46Z",469,"2017-06-20T18:18:00Z",,75.30,15.61,91.76,,92.45,
"45a7e1d9-b775-4498-bf91-6b96dbd2154d","784daef3-57fb-459c-93a2-d8a362220b76","D17","BIGC","BIGC.AOS.reaeration.station.04","BIGC_S4_20170620","2017-06-20T16:46Z",66,"2017-06-20T17:10:50Z",,74.20,14.99,91.74,,92.44,
"b22dd490-3c40-4a4e-94e8-f000f1b1d330","784daef3-57fb-459c-93a2-d8a362220b76","D17","BIGC","BIGC.AOS.reaeration.station.04","BIGC_S4_20170620","2017-06-20T16:46Z",685,"2017-06-20T18:54:00Z",,80.60,16.33,96.60,,97.30,
"adc6ff04-593c-4858-915d-2fb6ab18e334","784daef3-57fb-459c-93a2-d8a362220b76","D17","BIGC","BIGC.AOS.reaeration.station.04","BIGC_S4_20170620","2017-06-20T16:46Z",413,"2017-06-20T18:08:40Z",,75.40,15.50,92.11,,92.81,
"d0a48624-8dc8-48fd-a152-d2fbd10e5e95","784daef3-57fb-459c-93a2-d8a362220b76","D17","BIGC","BIGC.AOS.reaeration.station.04","BIGC_S4_20170620","2017-06-20T16:46Z",555,"2017-06-20T18:32:20Z",,79.50,15.85,96.34,,97.06,
"3a29d45a-4a11-431a-b3ff-9fe90a4dbf12","784daef3-57fb-459c-93a2-d8a362220b76","D17","BIGC","BIGC.AOS.reaeration.station.04","BIGC_S4_20170620","2017-06-20T16:46Z",64,"2017-06-20T17:10:30Z",,74.20,14.99,91.74,,92.44,
"b7160b12-b76f-4af1-a185-91adb378504f","784daef3-57fb-459c-93a2-d8a362220b76","D17","BIGC","BIGC.AOS.reaeration.station.04","BIGC_S4_20170620","2017-06-20T16:46Z",267,"2017-06-20T17:44:20Z",,75.00,15.26,92.14,,92.84,
"90fc9561-a640-484a-8dd6-51314629adf6","784daef3-57fb-459c-93a2-d8a362220b76","D17","BIGC","BIGC.AOS.reaeration.station.04","BIGC_S4_20170620","2017-06-20T16:46Z",240,"2017-06-20T17:39:50Z",,74.60,15.21,91.76,,92.46,
"2a922d38-bb11-44ad-b5e1-a18e2290d84d","784daef3-57fb-459c-93a2-d8a362220b76","D17","BIGC","BIGC.AOS.reaeration.station.04","BIGC_S4_20170620","2017-06-20T16:46Z",90,"2017-06-20T17:14:50Z",,74.20,15.01,91.70,,92.40,
"1d2aa53b-b868-4990-8c2d-4b55366d35ef","784daef3-57fb-459c-93a2-d8a362220b76","D17","BIGC","BIGC.AOS.reaeration.station.04","BIGC_S4_20170620","2017-06-20T16:46Z",519,"2017-06-20T18:26:20Z",,78.40,15.76,95.20,,95.91,
"e78443bf-e95b-4ad7-9679-f4db4e798f51","784daef3-57fb-459c-93a2-d8a362220b76","D17","BIGC","BIGC.AOS.reaeration.station.04","BIGC_S4_20170620","2017-06-20T16:46Z",401,"2017-06-20T18:06:40Z",,75.40,15.47,92.18,,92.88,
"d7268de9-7d3e-4de1-98ae-56a7e5aeb8e7","784daef3-57fb-459c-93a2-d8a362220b76","D17","BIGC","BIGC.AOS.reaeration.station.04","BIGC_S4_20170620","2017-06-20T16:46Z",756,"2017-06-20T19:05:50Z",,81.40,16.62,96.91,,97.61,
"790142cf-69a4-4335-96da-d9113d08e695","784daef3-57fb-459c-93a2-d8a362220b76","D17","BIGC","BIGC.AOS.reaeration.station.04","BIGC_S4_20170620","2017-06-20T16:46Z",169,"2017-06-20T17:28:00Z",,74.60,15.11,91.97,,92.67,
"db12ba3e-dddc-44df-89ba-4ac98d7aa924","784daef3-57fb-459c-93a2-d8a362220b76","D17","BIGC","BIGC.AOS.reaeration.station.04","BIGC_S4_20170620","2017-06-20T16:46Z",626,"2017-06-20T18:44:10Z",,80.30,16.10,96.75,,97.46,
"755ddc21-733b-4590-8258-df870022258b","784daef3-57fb-459c-93a2-d8a362220b76","D17","BIGC","BIGC.AOS.reaeration.station.04","BIGC_S4_20170620","2017-06-20T16:46Z",601,"2017-06-20T18:40:00Z",,79.90,16.02,96.44,,97.16,
"9cce99ed-769d-46e0-a59c-69df293364c3","784daef3-57fb-459c-93a2-d8a362220b76","D17","BIGC","BIGC.AOS.reaeration.station.04","BIGC_S4_20170620","2017-06-20T16:46Z",420,"2017-06-20T18:09:50Z",,75.30,15.52,91.95,,92.64,
"92ba8354-a805-412b-8561-ca6b7928436f","784daef3-57fb-459c-93a2-d8a362220b76","D17","BIGC","BIGC.AOS.reaeration.station.04","BIGC_S4_20170620","2017-06-20T16:46Z",159,"2017-06-20T17:26:20Z",,74.60,15.10,92.00,,92.70,
"e5ea2476-f61a-4418-aa86-49994f268b49","784daef3-57fb-459c-93a2-d8a362220b76","D17","BIGC","BIGC.AOS.reaeration.station.04","BIGC_S4_20170620","2017-06-20T16:46Z",658,"2017-06-20T18:49:30Z",,80.60,16.22,96.84,,97.55,
"a2f19e52-53de-4622-9be8-b4b64106b4bb","784daef3-57fb-459c-93a2-d8a362220b76","D17","BIGC","BIGC.AOS.reaeration.station.04","BIGC_S4_20170620","2017-06-20T16:46Z",236,"2017-06-20T17:39:10Z",,74.60,15.20,91.78,,92.48,
"d862a34c-e84e-4fa3-b7c1-2ef4033070e2","784daef3-57fb-459c-93a2-d8a362220b76","D17","BIGC","BIGC.AOS.reaeration.station.04","BIGC_S4_20170620","2017-06-20T16:46Z",709,"2017-06-20T18:58:00Z",,81.00,16.42,96.88,,97.58,
"dba04ae3-fc7a-4ec1-b765-44ae6495c787","784daef3-57fb-459c-93a2-d8a362220b76","D17","BIGC","BIGC.AOS.reaeration.station.04","BIGC_S4_20170620","2017-06-20T16:46Z",622,"2017-06-20T18:43:30Z",,80.30,16.08,96.79,,97.51,
"70072005-05b2-40e2-af2b-60f43b7696b2","784daef3-57fb-459c-93a2-d8a362220b76","D17","BIGC","BIGC.AOS.reaeration.station.04","BIGC_S4_20170620","2017-06-20T16:46Z",23,"2017-06-20T17:03:40Z",,74.20,14.96,91.80,,92.51,
"e05f84e2-fe87-467b-b5dc-f388069a6920","784daef3-57fb-459c-93a2-d8a362220b76","D17","BIGC","BIGC.AOS.reaeration.station.04","BIGC_S4_20170620","2017-06-20T16:46Z",669,"2017-06-20T18:51:20Z",,80.60,16.27,96.73,,97.44,
"a08a07f8-de46-4b2d-b4af-56adc2090a76","784daef3-57fb-459c-93a2-d8a362220b76","D17","BIGC","BIGC.AOS.reaeration.station.04","BIGC_S4_20170620","2017-06-20T16:46Z",580,"2017-06-20T18:36:30Z",,79.90,15.94,96.62,,97.34,
"545593c7-7bf3-42bd-afe2-f8687560920c","784daef3-57fb-459c-93a2-d8a362220b76","D17","BIGC","BIGC.AOS.reaeration.station.04","BIGC_S4_20170620","2017-06-20T16:46Z",656,"2017-06-20T18:49:10Z",,80.60,16.21,96.86,,97.57,
"d30df19b-1eb8-42e0-b050-21c7b315292a","784daef3-57fb-459c-93a2-d8a362220b76","D17","BIGC","BIGC.AOS.reaeration.station.04","BIGC_S4_20170620","2017-06-20T16:46Z",155,"2017-06-20T17:25:40Z",,74.60,15.08,92.04,,92.74,
"b485f0ea-e8dc-4f91-8dfc-49f6d155100e","784daef3-57fb-459c-93a2-d8a362220b76","D17","BIGC","BIGC.AOS.reaeration.station.04","BIGC_S4_20170620","2017-06-20T16:46Z",697,"2017-06-20T18:56:00Z",,81.00,16.37,96.99,,97.70,
"5ef34618-4cb8-44ca-8a7e-0e9b53819c07","784daef3-57fb-459c-93a2-d8a362220b76","D17","BIGC","BIGC.AOS.reaeration.station.04","BIGC_S4_20170620","2017-06-20T16:46Z",465,"2017-06-20T18:17:20Z",,75.30,15.60,91.78,,92.47,
"ebb42aa7-5234-45b5-8e21-9b9a8ae03b4f","784daef3-57fb-459c-93a2-d8a362220b76","D17","BIGC","BIGC.AOS.reaeration.station.04","BIGC_S4_20170620","2017-06-20T16:46Z",291,"2017-06-20T17:48:20Z",,75.00,15.28,92.10,,92.80,
"f66b12ab-c6d1-4547-8a0b-0bfd7345c912","784daef3-57fb-459c-93a2-d8a362220b76","D17","BIGC","BIGC.AOS.reaeration.station.04","BIGC_S4_20170620","2017-06-20T16:46Z",207,"2017-06-20T17:34:20Z",,74.60,15.16,91.87,,92.56,
"99b5b559-5c99-4174-bb75-1c2066c54def","784daef3-57fb-459c-93a2-d8a362220b76","D17","BIGC","BIGC.AOS.reaeration.station.04","BIGC_S4_20170620","2017-06-20T16:46Z",801,"2017-06-20T19:13:20Z",,81.00,16.79,96.06,,96.75,
"70fbdcc0-18ad-4e62-b746-59dc3e549a6b","784daef3-57fb-459c-93a2-d8a362220b76","D17","BIGC","BIGC.AOS.reaeration.station.04","BIGC_S4_20170620","2017-06-20T16:46Z",200,"2017-06-20T17:33:10Z",,74.60,15.16,91.87,,92.56,
"56ac0296-d97a-493c-8a0d-fb0ef85ff023","784daef3-57fb-459c-93a2-d8a362220b76","D17","BIGC","BIGC.AOS.reaeration.station.04","BIGC_S4_20170620","2017-06-20T16:46Z",26,"2017-06-20T17:04:10Z",,74.20,14.97,91.78,,92.48,
"3d194aeb-a6b0-423a-9992-97804ac4d5ae","784daef3-57fb-459c-93a2-d8a362220b76","D17","BIGC","BIGC.AOS.reaeration.station.04","BIGC_S4_20170620","2017-06-20T16:46Z",640,"2017-06-20T18:46:30Z",,80.20,16.16,96.49,,97.20,
"9b563278-100e-4535-a891-cf26257517fc","784daef3-57fb-459c-93a2-d8a362220b76","D17","BIGC","BIGC.AOS.reaeration.station.04","BIGC_S4_20170620","2017-06-20T16:46Z",771,"2017-06-20T19:08:20Z",,81.70,16.68,97.14,,97.83,
"6fd1d099-3dc3-46f8-b74e-a41057ea0b11","784daef3-57fb-459c-93a2-d8a362220b76","D17","BIGC","BIGC.AOS.reaeration.station.04","BIGC_S4_20170620","2017-06-20T16:46Z",282,"2017-06-20T17:46:50Z",,75.00,15.27,92.12,,92.82,
"e5fa6d22-81a3-4e93-b893-b89aa828b1d0","784daef3-57fb-459c-93a2-d8a362220b76","D17","BIGC","BIGC.AOS.reaeration.station.04","BIGC_S4_20170620","2017-06-20T16:46Z",524,"2017-06-20T18:27:10Z",,78.80,15.76,95.69,,96.40,
"eb904413-db4c-4298-b795-3d43ccc1f902","784daef3-57fb-459c-93a2-d8a362220b76","D17","BIGC","BIGC.AOS.reaeration.station.04","BIGC_S4_20170620","2017-06-20T16:46Z",854,"2017-06-20T19:22:10Z",,51.00,22.03,54.07,,54.25,
"9aab8197-f9e9-4ab0-a508-8778aa92420a","784daef3-57fb-459c-93a2-d8a362220b76","D17","BIGC","BIGC.AOS.reaeration.station.04","BIGC_S4_20170620","2017-06-20T16:46Z",578,"2017-06-20T18:36:10Z",,79.90,15.94,96.62,,97.34,
"7ac2ea54-39c8-409c-9f03-795409be779c","784daef3-57fb-459c-93a2-d8a362220b76","D17","BIGC","BIGC.AOS.reaeration.station.04","BIGC_S4_20170620","2017-06-20T16:46Z",612,"2017-06-20T18:41:50Z",,80.30,16.06,96.83,,97.55,
"23624c47-d1f9-44c1-9944-060fbf1777d2","784daef3-57fb-459c-93a2-d8a362220b76","D17","BIGC","BIGC.AOS.reaeration.station.04","BIGC_S4_20170620","2017-06-20T16:46Z",473,"2017-06-20T18:18:40Z",,75.30,15.61,91.76,,92.45,
"3d758c0d-750f-4679-a7c6-8bb87a1b7ab1","784daef3-57fb-459c-93a2-d8a362220b76","D17","BIGC","BIGC.AOS.reaeration.station.04","BIGC_S4_20170620","2017-06-20T16:46Z",781,"2017-06-20T19:10:00Z",,81.30,16.71,96.59,,97.29,
"a5d5329c-f3e1-4552-8ac5-658d69bd1a69","784daef3-57fb-459c-93a2-d8a362220b76","D17","BIGC","BIGC.AOS.reaeration.station.04","BIGC_S4_20170620","2017-06-20T16:46Z",668,"2017-06-20T18:51:10Z",,80.60,16.26,96.75,,97.46,
"1ecf8b2d-5271-426a-a69f-b065d5a5e57b","784daef3-57fb-459c-93a2-d8a362220b76","D17","BIGC","BIGC.AOS.reaeration.station.04","BIGC_S4_20170620","2017-06-20T16:46Z",805,"2017-06-20T19:14:00Z",,44.80,17.71,52.05,,52.40,
"27f7dfe9-66a6-4a27-a8b7-b0f7e201c268","784daef3-57fb-459c-93a2-d8a362220b76","D17","BIGC","BIGC.AOS.reaeration.station.04","BIGC_S4_20170620","2017-06-20T16:46Z",766,"2017-06-20T19:07:30Z",,81.40,16.65,96.85,,97.54,
"a4f3892b-925b-418a-82eb-c9e7e56b8eb2","784daef3-57fb-459c-93a2-d8a362220b76","D17","BIGC","BIGC.AOS.reaeration.station.04","BIGC_S4_20170620","2017-06-20T16:46Z",451,"2017-06-20T18:15:00Z",,75.30,15.57,91.84,,92.53,
"8a3ff56c-7caf-4a9e-b842-d9434932c642","784daef3-57fb-459c-93a2-d8a362220b76","D17","BIGC","BIGC.AOS.reaeration.station.04","BIGC_S4_20170620","2017-06-20T16:46Z",790,"2017-06-20T19:11:30Z",,81.30,16.75,96.51,,97.20,
"b6d65cb7-ce27-4403-9ef6-b3793db56f00","784daef3-57fb-459c-93a2-d8a362220b76","D17","BIGC","BIGC.AOS.reaeration.station.04","BIGC_S4_20170620","2017-06-20T16:46Z",777,"2017-06-20T19:09:20Z",,81.70,16.69,97.11,,97.81,
"f3e68cef-c5fc-43cb-b716-3299d0d76561","784daef3-57fb-459c-93a2-d8a362220b76","D17","BIGC","BIGC.AOS.reaeration.station.04","BIGC_S4_20170620","2017-06-20T16:46Z",859,"2017-06-20T19:22:40Z",,165.90,22.78,173.25,,173.69,
"8d08a7e7-f465-4b28-b91e-0dee2d46b116","784daef3-57fb-459c-93a2-d8a362220b76","D17","BIGC","BIGC.AOS.reaeration.station.04","BIGC_S4_20170620","2017-06-20T16:46Z",500,"2017-06-20T18:23:10Z",,76.50,15.69,93.05,,93.74,
"b0795c5b-a44f-4cbf-8a58-f431aee359e8","784daef3-57fb-459c-93a2-d8a362220b76","D17","BIGC","BIGC.AOS.reaeration.station.04","BIGC_S4_20170620","2017-06-20T16:46Z",447,"2017-06-20T18:14:20Z",,75.30,15.57,91.84,,92.53,
"1115228c-6774-469e-8f8f-d4e00b4208fe","784daef3-57fb-459c-93a2-d8a362220b76","D17","BIGC","BIGC.AOS.reaeration.station.04","BIGC_S4_20170620","2017-06-20T16:46Z",831,"2017-06-20T19:18:20Z",,48.50,20.04,53.58,,53.85,
"f0065947-de2b-4f83-814d-74e049c2f9cd","784daef3-57fb-459c-93a2-d8a362220b76","D17","BIGC","BIGC.AOS.reaeration.station.04","BIGC_S4_20170620","2017-06-20T16:46Z",252,"2017-06-20T17:41:50Z",,74.60,15.21,91.76,,92.46,
"8ad76f28-b930-433c-865d-1d22cbd10719","784daef3-57fb-459c-93a2-d8a362220b76","D17","BIGC","BIGC.AOS.reaeration.station.04","BIGC_S4_20170620","2017-06-20T16:46Z",52,"2017-06-20T17:08:30Z",,74.20,14.99,91.74,,92.44,
"ce2daa9a-5c8d-4c03-99f2-acc15d637cda","784daef3-57fb-459c-93a2-d8a362220b76","D17","BIGC","BIGC.AOS.reaeration.station.04","BIGC_S4_20170620","2017-06-20T16:46Z",731,"2017-06-20T19:01:40Z",,81.00,16.51,96.68,,97.38,
"c8ff459e-6ba3-4e6b-82b6-d2cc93ea01cd","784daef3-57fb-459c-93a2-d8a362220b76","D17","BIGC","BIGC.AOS.reaeration.station.04","BIGC_S4_20170620","2017-06-20T16:46Z",241,"2017-06-20T17:40:00Z",,74.60,15.21,91.76,,92.46,
"660830bb-10c5-4871-a67b-e7de48fd45d6","784daef3-57fb-459c-93a2-d8a362220b76","D17","BIGC","BIGC.AOS.reaeration.station.04","BIGC_S4_20170620","2017-06-20T16:46Z",158,"2017-06-20T17:26:10Z",,74.60,15.08,92.04,,92.74,
"7c9b1891-bce9-4250-88f5-81975ff6481c","784daef3-57fb-459c-93a2-d8a362220b76","D17","BIGC","BIGC.AOS.reaeration.station.04","BIGC_S4_20170620","2017-06-20T16:46Z",392,"2017-06-20T18:05:10Z",,75.40,15.45,92.22,,92.92,
"1543b019-4f19-459d-850d-dd0a3bdc623c","784daef3-57fb-459c-93a2-d8a362220b76","D17","BIGC","BIGC.AOS.reaeration.station.04","BIGC_S4_20170620","2017-06-20T16:46Z",625,"2017-06-20T18:44:00Z",,80.30,16.10,96.75,,97.46,
"234a7b9c-233e-4111-8aa9-427b64906006","784daef3-57fb-459c-93a2-d8a362220b76","D17","BIGC","BIGC.AOS.reaeration.station.04","BIGC_S4_20170620","2017-06-20T16:46Z",406,"2017-06-20T18:07:30Z",,75.40,15.47,92.18,,92.88,
"b6c7c63c-b317-410a-9ede-6ffd1417c92b","784daef3-57fb-459c-93a2-d8a362220b76","D17","BIGC","BIGC.AOS.reaeration.station.04","BIGC_S4_20170620","2017-06-20T16:46Z",191,"2017-06-20T17:31:40Z",,74.60,15.14,91.91,,92.61,
"592bc159-a259-4a33-98c7-6488d21b653a","784daef3-57fb-459c-93a2-d8a362220b76","D17","BIGC","BIGC.AOS.reaeration.station.04","BIGC_S4_20170620","2017-06-20T16:46Z",609,"2017-06-20T18:41:20Z",,80.30,16.04,96.88,,97.60,
"5c0215be-aa2c-4883-b474-74a662d15a62","784daef3-57fb-459c-93a2-d8a362220b76","D17","BIGC","BIGC.AOS.reaeration.station.04","BIGC_S4_20170620","2017-06-20T16:46Z",110,"2017-06-20T17:18:10Z",,74.60,15.03,92.15,,92.85,
"9431c1d0-7630-4947-9fdb-5b49fb52c85c","784daef3-57fb-459c-93a2-d8a362220b76","D17","BIGC","BIGC.AOS.reaeration.station.04","BIGC_S4_20170620","2017-06-20T16:46Z",35,"2017-06-20T17:05:40Z",,74.20,14.97,91.78,,92.48,
"9ec2a12d-e13c-4c68-a3f5-1fe90d787d0b","784daef3-57fb-459c-93a2-d8a362220b76","D17","BIGC","BIGC.AOS.reaeration.station.04","BIGC_S4_20170620","2017-06-20T16:46Z",600,"2017-06-20T18:39:50Z",,79.90,16.01,96.46,,97.18,
"69ae1fe8-0af3-4d44-b12c-985def48a37f","784daef3-57fb-459c-93a2-d8a362220b76","D17","BIGC","BIGC.AOS.reaeration.station.04","BIGC_S4_20170620","2017-06-20T16:46Z",471,"2017-06-20T18:18:20Z",,75.30,15.61,91.76,,92.45,
"6cccfa93-c666-4edc-ac8d-39a956f09102","784daef3-57fb-459c-93a2-d8a362220b76","D17","BIGC","BIGC.AOS.reaeration.station.04","BIGC_S4_20170620","2017-06-20T16:46Z",496,"2017-06-20T18:22:30Z",,76.10,15.69,92.56,,93.25,
"0f837ff6-fffe-4668-a5f6-68b63377093b","784daef3-57fb-459c-93a2-d8a362220b76","D17","BIGC","BIGC.AOS.reaeration.station.04","BIGC_S4_20170620","2017-06-20T16:46Z",792,"2017-06-20T19:11:50Z",,81.30,16.75,96.51,,97.20,
"f7c65929-bd1d-4dcf-9c66-c67864382a3e","784daef3-57fb-459c-93a2-d8a362220b76","D17","BIGC","BIGC.AOS.reaeration.station.04","BIGC_S4_20170620","2017-06-20T16:46Z",535,"2017-06-20T18:29:00Z",,79.10,15.81,95.94,,96.66,
"93ee4c0e-38de-45e4-8520-d482f3a72c88","784daef3-57fb-459c-93a2-d8a362220b76","D17","BIGC","BIGC.AOS.reaeration.station.04","BIGC_S4_20170620","2017-06-20T16:46Z",705,"2017-06-20T18:57:20Z",,81.00,16.40,96.92,,97.63,
"01fe2f50-6332-4844-b1a3-f259881eccf1","784daef3-57fb-459c-93a2-d8a362220b76","D17","BIGC","BIGC.AOS.reaeration.station.04","BIGC_S4_20170620","2017-06-20T16:46Z",761,"2017-06-20T19:06:40Z",,81.40,16.63,96.89,,97.59,
"a6e8ae9c-8ad2-4b39-8d03-7656daaa1eb1","784daef3-57fb-459c-93a2-d8a362220b76","D17","BIGC","BIGC.AOS.reaeration.station.04","BIGC_S4_20170620","2017-06-20T16:46Z",164,"2017-06-20T17:27:10Z",,74.60,15.11,91.97,,92.67,
"6c99bf96-eb38-4766-be4e-0b4d3bcd5fcc","784daef3-57fb-459c-93a2-d8a362220b76","D17","BIGC","BIGC.AOS.reaeration.station.04","BIGC_S4_20170620","2017-06-20T16:46Z",166,"2017-06-20T17:27:30Z",,74.60,15.11,91.97,,92.67,
"ad212674-f79f-467b-a203-c710bb801372","784daef3-57fb-459c-93a2-d8a362220b76","D17","BIGC","BIGC.AOS.reaeration.station.04","BIGC_S4_20170620","2017-06-20T16:46Z",419,"2017-06-20T18:09:40Z",,75.30,15.51,91.97,,92.66,
"46fd7c43-35f7-4cb3-83fa-6734f17a3ee7","784daef3-57fb-459c-93a2-d8a362220b76","D17","BIGC","BIGC.AOS.reaeration.station.04","BIGC_S4_20170620","2017-06-20T16:46Z",763,"2017-06-20T19:07:00Z",,81.40,16.64,96.87,,97.57,
"c8a77d88-256a-4560-840f-5509da58fa19","784daef3-57fb-459c-93a2-d8a362220b76","D17","BIGC","BIGC.AOS.reaeration.station.04","BIGC_S4_20170620","2017-06-20T16:46Z",457,"2017-06-20T18:16:00Z",,75.30,15.59,91.80,,92.49,
"5420cf78-0195-4c40-9128-d95321a48621","784daef3-57fb-459c-93a2-d8a362220b76","D17","BIGC","BIGC.AOS.reaeration.station.04","BIGC_S4_20170620","2017-06-20T16:46Z",99,"2017-06-20T17:16:20Z",,74.20,15.02,91.67,,92.37,
"5cd41d0b-7d8e-4d2a-9e8b-ea313b592f9a","784daef3-57fb-459c-93a2-d8a362220b76","D17","BIGC","BIGC.AOS.reaeration.station.04","BIGC_S4_20170620","2017-06-20T16:46Z",178,"2017-06-20T17:29:30Z",,74.60,15.11,91.97,,92.67,
"ed8a5340-4b28-4353-9e00-1780abf08bad","784daef3-57fb-459c-93a2-d8a362220b76","D17","BIGC","BIGC.AOS.reaeration.station.04","BIGC_S4_20170620","2017-06-20T16:46Z",74,"2017-06-20T17:12:10Z",,74.20,14.99,91.74,,92.44,
"8715560b-77d2-404c-9020-eac771c39a69","784daef3-57fb-459c-93a2-d8a362220b76","D17","BIGC","BIGC.AOS.reaeration.station.04","BIGC_S4_20170620","2017-06-20T16:46Z",67,"2017-06-20T17:11:00Z",,74.60,14.99,92.23,,92.94,
"431fba05-a7ef-4730-b97e-acf55dad28ed","784daef3-57fb-459c-93a2-d8a362220b76","D17","BIGC","BIGC.AOS.reaeration.station.04","BIGC_S4_20170620","2017-06-20T16:46Z",265,"2017-06-20T17:44:00Z",,75.00,15.24,92.18,,92.89,
"68949241-59b8-4c25-8b95-236a8037bc7f","784daef3-57fb-459c-93a2-d8a362220b76","D17","BIGC","BIGC.AOS.reaeration.station.04","BIGC_S4_20170620","2017-06-20T16:46Z",468,"2017-06-20T18:17:50Z",,75.30,15.60,91.78,,92.47,
"4e226e50-01c2-4d1f-80cc-3a1555041732","784daef3-57fb-459c-93a2-d8a362220b76","D17","BIGC","BIGC.AOS.reaeration.station.04","BIGC_S4_20170620","2017-06-20T16:46Z",317,"2017-06-20T17:52:40Z",,75.00,15.32,92.01,,92.71,
"0a4ff924-bfe1-411d-a565-7d49ec34714f","784daef3-57fb-459c-93a2-d8a362220b76","D17","BIGC","BIGC.AOS.reaeration.station.04","BIGC_S4_20170620","2017-06-20T16:46Z",482,"2017-06-20T18:20:10Z",,75.30,15.65,91.67,,92.36,
"058e1773-927c-47ff-96f6-cccc080661d0","784daef3-57fb-459c-93a2-d8a362220b76","D17","BIGC","BIGC.AOS.reaeration.station.04","BIGC_S4_20170620","2017-06-20T16:46Z",123,"2017-06-20T17:20:20Z",,74.60,15.04,92.13,,92.83,
"38485762-0b77-4b35-9154-42cc8700420f","784daef3-57fb-459c-93a2-d8a362220b76","D17","BIGC","BIGC.AOS.reaeration.station.04","BIGC_S4_20170620","2017-06-20T16:46Z",122,"2017-06-20T17:20:10Z",,74.20,15.04,91.63,,92.33,
"8e082e29-5533-4b64-b665-65b18c9a8c08","784daef3-57fb-459c-93a2-d8a362220b76","D17","BIGC","BIGC.AOS.reaeration.station.04","BIGC_S4_20170620","2017-06-20T16:46Z",214,"2017-06-20T17:35:30Z",,74.60,15.20,91.78,,92.48,
"61b00128-78e9-489f-a0cc-7e8ce55d5fbc","784daef3-57fb-459c-93a2-d8a362220b76","D17","BIGC","BIGC.AOS.reaeration.station.04","BIGC_S4_20170620","2017-06-20T16:46Z",455,"2017-06-20T18:15:40Z",,75.30,15.58,91.82,,92.51,
"b415abe5-dfa4-4e28-bf9d-11a3d7614794","784daef3-57fb-459c-93a2-d8a362220b76","D17","BIGC","BIGC.AOS.reaeration.station.04","BIGC_S4_20170620","2017-06-20T16:46Z",398,"2017-06-20T18:06:10Z",,75.40,15.47,92.18,,92.88,
"6a7778fb-ff23-4e62-a7e0-3592b7cc1649","784daef3-57fb-459c-93a2-d8a362220b76","D17","BIGC","BIGC.AOS.reaeration.station.04","BIGC_S4_20170620","2017-06-20T16:46Z",426,"2017-06-20T18:10:50Z",,75.30,15.52,91.95,,92.64,
"1822ddc0-93d1-44ab-a910-c48475e739df","784daef3-57fb-459c-93a2-d8a362220b76","D17","BIGC","BIGC.AOS.reaeration.station.04","BIGC_S4_20170620","2017-06-20T16:46Z",422,"2017-06-20T18:10:10Z",,75.30,15.52,91.95,,92.64,
"7b20f762-bcba-47e2-ae4f-59a8bcd9f486","784daef3-57fb-459c-93a2-d8a362220b76","D17","BIGC","BIGC.AOS.reaeration.station.04","BIGC_S4_20170620","2017-06-20T16:46Z",474,"2017-06-20T18:18:50Z",,75.30,15.63,91.71,,92.40,
"b2745908-8657-4b03-8ba3-a6123c044e89","784daef3-57fb-459c-93a2-d8a362220b76","D17","BIGC","BIGC.AOS.reaeration.station.04","BIGC_S4_20170620","2017-06-20T16:46Z",366,"2017-06-20T18:00:50Z",,75.00,15.40,91.84,,92.53,
"10c03ca4-2136-4bb7-b54c-b33c148847c7","784daef3-57fb-459c-93a2-d8a362220b76","D17","BIGC","BIGC.AOS.reaeration.station.04","BIGC_S4_20170620","2017-06-20T16:46Z",481,"2017-06-20T18:20:00Z",,75.70,15.64,92.18,,92.87,
"5a7dbe47-5f99-4ee8-ad79-19077f81caca","784daef3-57fb-459c-93a2-d8a362220b76","D17","BIGC","BIGC.AOS.reaeration.station.04","BIGC_S4_20170620","2017-06-20T16:46Z",297,"2017-06-20T17:49:20Z",,75.00,15.29,92.08,,92.78,
"372a0fc5-a77c-4181-99a0-7ee906853dba","784daef3-57fb-459c-93a2-d8a362220b76","D17","BIGC","BIGC.AOS.reaeration.station.04","BIGC_S4_20170620","2017-06-20T16:46Z",589,"2017-06-20T18:38:00Z",,79.90,15.97,96.55,,97.27,
"abae047b-d175-46db-a786-59e18a0a2c94","784daef3-57fb-459c-93a2-d8a362220b76","D17","BIGC","BIGC.AOS.reaeration.station.04","BIGC_S4_20170620","2017-06-20T16:46Z",71,"2017-06-20T17:11:40Z",,74.20,14.99,91.74,,92.44,
"dfe2a436-93c4-4618-9348-21404b7e869d","784daef3-57fb-459c-93a2-d8a362220b76","D17","BIGC","BIGC.AOS.reaeration.station.04","BIGC_S4_20170620","2017-06-20T16:46Z",309,"2017-06-20T17:51:20Z",,75.00,15.30,92.06,,92.75,
"4872e6f8-8160-449b-9d73-64ef1e69ddf2","784daef3-57fb-459c-93a2-d8a362220b76","D17","BIGC","BIGC.AOS.reaeration.station.04","BIGC_S4_20170620","2017-06-20T16:46Z",645,"2017-06-20T18:47:20Z",,80.60,16.16,96.97,,97.69,
"77ad280e-6058-435d-8741-5da0109b0bb3","784daef3-57fb-459c-93a2-d8a362220b76","D17","BIGC","BIGC.AOS.reaeration.station.04","BIGC_S4_20170620","2017-06-20T16:46Z",133,"2017-06-20T17:22:00Z",,74.60,15.05,92.10,,92.81,
"b845194f-32ad-4877-853d-b0cc6c15745b","784daef3-57fb-459c-93a2-d8a362220b76","D17","BIGC","BIGC.AOS.reaeration.station.04","BIGC_S4_20170620","2017-06-20T16:46Z",592,"2017-06-20T18:38:30Z",,79.90,15.98,96.53,,97.25,
"61010e39-680b-427b-906d-7f9909e791b6","784daef3-57fb-459c-93a2-d8a362220b76","D17","BIGC","BIGC.AOS.reaeration.station.04","BIGC_S4_20170620","2017-06-20T16:46Z",698,"2017-06-20T18:56:10Z",,81.00,16.38,96.96,,97.67,
"720ac9b0-206e-4074-adbd-5bd28a425777","784daef3-57fb-459c-93a2-d8a362220b76","D17","BIGC","BIGC.AOS.reaeration.station.04","BIGC_S4_20170620","2017-06-20T16:46Z",821,"2017-06-20T19:16:40Z",,47.80,19.38,53.55,,53.85,
"d0ef9380-6b35-4279-a96e-2fc8d46ae6bf","784daef3-57fb-459c-93a2-d8a362220b76","D17","BIGC","BIGC.AOS.reaeration.station.04","BIGC_S4_20170620","2017-06-20T16:46Z",692,"2017-06-20T18:55:10Z",,81.00,16.35,97.03,,97.74,
"4753bf88-0376-4e0f-92ea-b5a017cf7350","784daef3-57fb-459c-93a2-d8a362220b76","D17","BIGC","BIGC.AOS.reaeration.station.04","BIGC_S4_20170620","2017-06-20T16:46Z",116,"2017-06-20T17:19:10Z",,74.60,15.03,92.15,,92.85,
"8fc30490-f6f1-4cfe-a773-9a258bb4a7b4","784daef3-57fb-459c-93a2-d8a362220b76","D17","BIGC","BIGC.AOS.reaeration.station.04","BIGC_S4_20170620","2017-06-20T16:46Z",787,"2017-06-20T19:11:00Z",,81.30,16.73,96.55,,97.24,
"ccfbf611-007c-43df-9064-4b765dbabead","784daef3-57fb-459c-93a2-d8a362220b76","D17","BIGC","BIGC.AOS.reaeration.station.04","BIGC_S4_20170620","2017-06-20T16:46Z",545,"2017-06-20T18:30:40Z",,79.10,15.82,95.92,,96.63,
"2403aef2-4ac0-41c2-b2bd-c557e9f600e3","784daef3-57fb-459c-93a2-d8a362220b76","D17","BIGC","BIGC.AOS.reaeration.station.04","BIGC_S4_20170620","2017-06-20T16:46Z",369,"2017-06-20T18:01:20Z",,75.00,15.41,91.82,,92.51,
"de0e1a8c-bc36-4b1e-992c-56f4cc3cfb0d","784daef3-57fb-459c-93a2-d8a362220b76","D17","BIGC","BIGC.AOS.reaeration.station.04","BIGC_S4_20170620","2017-06-20T16:46Z",224,"2017-06-20T17:37:10Z",,74.60,15.17,91.84,,92.54,
"7df48055-1bef-4d31-83df-096f55f68a13","784daef3-57fb-459c-93a2-d8a362220b76","D17","BIGC","BIGC.AOS.reaeration.station.04","BIGC_S4_20170620","2017-06-20T16:46Z",378,"2017-06-20T18:02:50Z",,75.40,15.41,92.31,,93.01,
"3493926a-1183-429a-9d28-e1dab95185a4","784daef3-57fb-459c-93a2-d8a362220b76","D17","BIGC","BIGC.AOS.reaeration.station.04","BIGC_S4_20170620","2017-06-20T16:46Z",623,"2017-06-20T18:43:40Z",,79.90,16.10,96.26,,96.98,
"55fefea8-d0fb-4eb3-a916-9da721cf0afa","784daef3-57fb-459c-93a2-d8a362220b76","D17","BIGC","BIGC.AOS.reaeration.station.04","BIGC_S4_20170620","2017-06-20T16:46Z",281,"2017-06-20T17:46:40Z",,74.60,15.28,91.61,,92.30,
"9392087f-d9b3-45bc-a8ff-17a2db84ba0d","784daef3-57fb-459c-93a2-d8a362220b76","D17","BIGC","BIGC.AOS.reaeration.station.04","BIGC_S4_20170620","2017-06-20T16:46Z",363,"2017-06-20T18:00:20Z",,75.00,15.40,91.84,,92.53,
"6062c1e6-181e-4584-a323-703e3247b59b","784daef3-57fb-459c-93a2-d8a362220b76","D17","BIGC","BIGC.AOS.reaeration.station.04","BIGC_S4_20170620","2017-06-20T16:46Z",446,"2017-06-20T18:14:10Z",,75.30,15.57,91.84,,92.53,
"9eae0a25-71c6-4901-b5df-10967cbfbf18","784daef3-57fb-459c-93a2-d8a362220b76","D17","BIGC","BIGC.AOS.reaeration.station.04","BIGC_S4_20170620","2017-06-20T16:46Z",318,"2017-06-20T17:52:50Z",,75.00,15.32,92.01,,92.71,
"7d40b99a-cb99-4315-b87c-c08188990afd","784daef3-57fb-459c-93a2-d8a362220b76","D17","BIGC","BIGC.AOS.reaeration.station.04","BIGC_S4_20170620","2017-06-20T16:46Z",783,"2017-06-20T19:10:20Z",,81.70,16.72,97.05,,97.74,
"2e7c5634-09a7-4458-991f-9b16e6b149c2","784daef3-57fb-459c-93a2-d8a362220b76","D17","BIGC","BIGC.AOS.reaeration.station.04","BIGC_S4_20170620","2017-06-20T16:46Z",276,"2017-06-20T17:45:50Z",,75.00,15.26,92.14,,92.84,
"dd72e5de-064a-4ac5-9fe4-d9d342d84b7d","784daef3-57fb-459c-93a2-d8a362220b76","D17","BIGC","BIGC.AOS.reaeration.station.04","BIGC_S4_20170620","2017-06-20T16:46Z",205,"2017-06-20T17:34:00Z",,74.60,15.16,91.87,,92.56,
"ff98ae26-b55c-43c9-a7a6-491e1b58144d","784daef3-57fb-459c-93a2-d8a362220b76","D17","BIGC","BIGC.AOS.reaeration.station.04","BIGC_S4_20170620","2017-06-20T16:46Z",268,"2017-06-20T17:44:30Z",,75.00,15.24,92.18,,92.89,
"59902afd-7018-4dfc-bfe5-6c0e297045d1","784daef3-57fb-459c-93a2-d8a362220b76","D17","BIGC","BIGC.AOS.reaeration.station.04","BIGC_S4_20170620","2017-06-20T16:46Z",633,"2017-06-20T18:45:20Z",,80.30,16.13,96.68,,97.39,
"48ec96fa-801f-4c50-aadc-8158526e3d0f","784daef3-57fb-459c-93a2-d8a362220b76","D17","BIGC","BIGC.AOS.reaeration.station.04","BIGC_S4_20170620","2017-06-20T16:46Z",581,"2017-06-20T18:36:40Z",,79.90,15.94,96.62,,97.34,
"acd5cb05-7dce-49bf-b17a-1495a68674e9","784daef3-57fb-459c-93a2-d8a362220b76","D17","BIGC","BIGC.AOS.reaeration.station.04","BIGC_S4_20170620","2017-06-20T16:46Z",823,"2017-06-20T19:17:00Z",,48.10,19.58,53.65,,53.95,
"4bb2331c-25b7-446c-b874-b6cd03b4696d","784daef3-57fb-459c-93a2-d8a362220b76","D17","BIGC","BIGC.AOS.reaeration.station.04","BIGC_S4_20170620","2017-06-20T16:46Z",182,"2017-06-20T17:30:10Z",,74.60,15.14,91.91,,92.61,
"4de543c5-737c-4b31-81e6-d2ec220dced1","784daef3-57fb-459c-93a2-d8a362220b76","D17","BIGC","BIGC.AOS.reaeration.station.04","BIGC_S4_20170620","2017-06-20T16:46Z",183,"2017-06-20T17:30:20Z",,74.60,15.14,91.91,,92.61,
"898d2878-b01c-4282-aa86-1915434949d7","784daef3-57fb-459c-93a2-d8a362220b76","D17","BIGC","BIGC.AOS.reaeration.station.04","BIGC_S4_20170620","2017-06-20T16:46Z",804,"2017-06-20T19:13:50Z",,44.40,17.49,51.84,,52.19,
"2687c4c1-42fb-4df2-9d8e-fa3db392e292","784daef3-57fb-459c-93a2-d8a362220b76","D17","BIGC","BIGC.AOS.reaeration.station.04","BIGC_S4_20170620","2017-06-20T16:46Z",186,"2017-06-20T17:30:50Z",,74.60,15.13,91.93,,92.63,
"89146884-231a-452e-a117-bc45f182a3c6","784daef3-57fb-459c-93a2-d8a362220b76","D17","BIGC","BIGC.AOS.reaeration.station.04","BIGC_S4_20170620","2017-06-20T16:46Z",673,"2017-06-20T18:52:00Z",,80.60,16.28,96.71,,97.42,
"4d85d696-b230-429b-b29a-f4d6addb3e6a","784daef3-57fb-459c-93a2-d8a362220b76","D17","BIGC","BIGC.AOS.reaeration.station.04","BIGC_S4_20170620","2017-06-20T16:46Z",540,"2017-06-20T18:29:50Z",,79.10,15.82,95.92,,96.63,
"ebb98c03-7cfd-4a7b-aedf-bd3a49ee346a","784daef3-57fb-459c-93a2-d8a362220b76","D17","BIGC","BIGC.AOS.reaeration.station.04","BIGC_S4_20170620","2017-06-20T16:46Z",856,"2017-06-20T19:22:23Z",,,,,,,
"130c2cbf-8a33-4162-b283-623c2801ac15","784daef3-57fb-459c-93a2-d8a362220b76","D17","BIGC","BIGC.AOS.reaeration.station.04","BIGC_S4_20170620","2017-06-20T16:46Z",131,"2017-06-20T17:21:40Z",,74.60,15.05,92.10,,92.81,
"7568a475-c6d2-43c6-8f5c-5ed6c8cd4bfd","784daef3-57fb-459c-93a2-d8a362220b76","D17","BIGC","BIGC.AOS.reaeration.station.04","BIGC_S4_20170620","2017-06-20T16:46Z",759,"2017-06-20T19:06:20Z",,81.40,16.62,96.91,,97.61,
"8c2c1648-464b-4bf9-8426-f7dff12b1fb8","784daef3-57fb-459c-93a2-d8a362220b76","D17","BIGC","BIGC.AOS.reaeration.station.04","BIGC_S4_20170620","2017-06-20T16:46Z",1,"2017-06-20T17:00:00Z",,74.30,14.93,91.99,,92.70,
"336271f0-a049-438c-8be2-cc166471479f","784daef3-57fb-459c-93a2-d8a362220b76","D17","BIGC","BIGC.AOS.reaeration.station.04","BIGC_S4_20170620","2017-06-20T16:46Z",190,"2017-06-20T17:31:30Z",,74.60,15.14,91.91,,92.61,
"9510b9c5-f30a-4e4a-8876-9b0b6dc383ba","784daef3-57fb-459c-93a2-d8a362220b76","D17","BIGC","BIGC.AOS.reaeration.station.04","BIGC_S4_20170620","2017-06-20T16:46Z",399,"2017-06-20T18:06:20Z",,75.40,15.46,92.20,,92.90,
"7425935e-864c-42b7-89a0-85c35beae8d1","784daef3-57fb-459c-93a2-d8a362220b76","D17","BIGC","BIGC.AOS.reaeration.station.04","BIGC_S4_20170620","2017-06-20T16:46Z",443,"2017-06-20T18:13:40Z",,75.30,15.55,91.88,,92.58,
"5503c0ec-9d92-4878-a501-590597049d73","784daef3-57fb-459c-93a2-d8a362220b76","D17","BIGC","BIGC.AOS.reaeration.station.04","BIGC_S4_20170620","2017-06-20T16:46Z",732,"2017-06-20T19:01:50Z",,81.00,16.52,96.66,,97.36,
"4acee46b-02b0-4e41-9e12-480b48c80626","784daef3-57fb-459c-93a2-d8a362220b76","D17","BIGC","BIGC.AOS.reaeration.station.04","BIGC_S4_20170620","2017-06-20T16:46Z",738,"2017-06-20T19:02:50Z",,81.40,16.53,97.11,,97.81,
"b14bc5e3-a4e6-4dae-8a7f-067c68102c83","784daef3-57fb-459c-93a2-d8a362220b76","D17","BIGC","BIGC.AOS.reaeration.station.04","BIGC_S4_20170620","2017-06-20T16:46Z",853,"2017-06-20T19:22:00Z",,51.00,21.97,54.13,,54.32,
"f0005963-871b-4d67-8140-425c0e488647","784daef3-57fb-459c-93a2-d8a362220b76","D17","BIGC","BIGC.AOS.reaeration.station.04","BIGC_S4_20170620","2017-06-20T16:46Z",480,"2017-06-20T18:19:50Z",,75.30,15.64,91.69,,92.38,
"20b881f2-f09f-449d-87c0-e82e2392652e","784daef3-57fb-459c-93a2-d8a362220b76","D17","BIGC","BIGC.AOS.reaeration.station.04","BIGC_S4_20170620","2017-06-20T16:46Z",396,"2017-06-20T18:05:50Z",,75.40,15.46,92.20,,92.90,
"62e94780-cf1d-455b-8143-2e111ceba630","784daef3-57fb-459c-93a2-d8a362220b76","D17","BIGC","BIGC.AOS.reaeration.station.04","BIGC_S4_20170620","2017-06-20T16:46Z",62,"2017-06-20T17:10:10Z",,74.20,14.99,91.74,,92.44,
"02f66fd6-6542-4fa9-8b3f-6d4d05989269","784daef3-57fb-459c-93a2-d8a362220b76","D17","BIGC","BIGC.AOS.reaeration.station.04","BIGC_S4_20170620","2017-06-20T16:46Z",430,"2017-06-20T18:11:30Z",,75.30,15.52,91.95,,92.64,
"55e85b92-b86f-46de-b264-40a1b1d62a49","784daef3-57fb-459c-93a2-d8a362220b76","D17","BIGC","BIGC.AOS.reaeration.station.04","BIGC_S4_20170620","2017-06-20T16:46Z",221,"2017-06-20T17:36:40Z",,74.60,15.17,91.84,,92.54,
"dd24e6e1-e543-4cea-94b4-2325bffffb41","784daef3-57fb-459c-93a2-d8a362220b76","D17","BIGC","BIGC.AOS.reaeration.station.04","BIGC_S4_20170620","2017-06-20T16:46Z",383,"2017-06-20T18:03:40Z",,75.40,15.44,92.24,,92.94,
"a6f3ec97-95d2-4633-af7a-5e7b5ce62bd5","784daef3-57fb-459c-93a2-d8a362220b76","D17","BIGC","BIGC.AOS.reaeration.station.04","BIGC_S4_20170620","2017-06-20T16:46Z",75,"2017-06-20T17:12:20Z",,74.20,15.01,91.70,,92.40,
"6785d1c4-ce92-424c-9953-3b270e8eac56","784daef3-57fb-459c-93a2-d8a362220b76","D17","BIGC","BIGC.AOS.reaeration.station.04","BIGC_S4_20170620","2017-06-20T16:46Z",421,"2017-06-20T18:10:00Z",,75.30,15.51,91.97,,92.66,
"fa024ae7-308f-4422-bc18-bf4d9d4e6fde","784daef3-57fb-459c-93a2-d8a362220b76","D17","BIGC","BIGC.AOS.reaeration.station.04","BIGC_S4_20170620","2017-06-20T16:46Z",273,"2017-06-20T17:45:20Z",,75.00,15.24,92.18,,92.89,
"617b6867-3c1b-49cc-83fd-9e979524c60e","784daef3-57fb-459c-93a2-d8a362220b76","D17","BIGC","BIGC.AOS.reaeration.station.04","BIGC_S4_20170620","2017-06-20T16:46Z",256,"2017-06-20T17:42:30Z",,74.60,15.22,91.74,,92.43,
"bdbcbb04-55d8-4ae8-a276-8b3c2c3bb20d","784daef3-57fb-459c-93a2-d8a362220b76","D17","BIGC","BIGC.AOS.reaeration.station.04","BIGC_S4_20170620","2017-06-20T16:46Z",7,"2017-06-20T17:01:00Z",,74.60,14.95,92.32,,93.03,
"68e2f277-bc86-47d4-b8c7-bd62c32cc36a","784daef3-57fb-459c-93a2-d8a362220b76","D17","BIGC","BIGC.AOS.reaeration.station.04","BIGC_S4_20170620","2017-06-20T16:46Z",253,"2017-06-20T17:42:00Z",,75.00,15.21,92.25,,92.95,
"f7f3e029-67e5-4731-9337-384954166914","784daef3-57fb-459c-93a2-d8a362220b76","D17","BIGC","BIGC.AOS.reaeration.station.04","BIGC_S4_20170620","2017-06-20T16:46Z",119,"2017-06-20T17:19:40Z",,74.20,15.04,91.63,,92.33,
"857dee68-7cd1-4fb4-ad06-23740b94a0ea","784daef3-57fb-459c-93a2-d8a362220b76","D17","BIGC","BIGC.AOS.reaeration.station.04","BIGC_S4_20170620","2017-06-20T16:46Z",690,"2017-06-20T18:54:50Z",,81.00,16.35,97.03,,97.74,
"d45d99bb-d34a-4cc7-a19c-ac6123976f76","784daef3-57fb-459c-93a2-d8a362220b76","D17","BIGC","BIGC.AOS.reaeration.station.04","BIGC_S4_20170620","2017-06-20T16:46Z",140,"2017-06-20T17:23:10Z",,74.60,15.08,92.04,,92.74,
"5df36c46-1f4b-48aa-a188-b2aea36d2110","784daef3-57fb-459c-93a2-d8a362220b76","D17","BIGC","BIGC.AOS.reaeration.station.04","BIGC_S4_20170620","2017-06-20T16:46Z",18,"2017-06-20T17:02:50Z",,74.20,14.96,91.80,,92.51,
"b24cd705-278f-4284-8bde-8fa58e9a3c6e","784daef3-57fb-459c-93a2-d8a362220b76","D17","BIGC","BIGC.AOS.reaeration.station.04","BIGC_S4_20170620","2017-06-20T16:46Z",325,"2017-06-20T17:54:00Z",,75.00,15.34,91.97,,92.67,
"bf76664f-002b-48c5-a08d-8fb59cda00d5","784daef3-57fb-459c-93a2-d8a362220b76","D17","BIGC","BIGC.AOS.reaeration.station.04","BIGC_S4_20170620","2017-06-20T16:46Z",730,"2017-06-20T19:01:30Z",,81.00,16.51,96.68,,97.38,
"68af74ff-4a34-4a08-b8ba-042c2c271de2","784daef3-57fb-459c-93a2-d8a362220b76","D17","BIGC","BIGC.AOS.reaeration.station.04","BIGC_S4_20170620","2017-06-20T16:46Z",617,"2017-06-20T18:42:40Z",,80.30,16.08,96.79,,97.51,
"4d9957bc-1184-4bb3-aa88-caf9be204c6b","784daef3-57fb-459c-93a2-d8a362220b76","D17","BIGC","BIGC.AOS.reaeration.station.04","BIGC_S4_20170620","2017-06-20T16:46Z",497,"2017-06-20T18:22:40Z",,76.10,15.69,92.56,,93.25,
"80d670da-ca41-4bbc-9062-31f167e12845","784daef3-57fb-459c-93a2-d8a362220b76","D17","BIGC","BIGC.AOS.reaeration.station.04","BIGC_S4_20170620","2017-06-20T16:46Z",718,"2017-06-20T18:59:30Z",,81.00,16.46,96.79,,97.49,
"30e6b906-0291-46f1-aa49-833ae86f2244","784daef3-57fb-459c-93a2-d8a362220b76","D17","BIGC","BIGC.AOS.reaeration.station.04","BIGC_S4_20170620","2017-06-20T16:46Z",551,"2017-06-20T18:31:40Z",,79.50,15.84,96.36,,97.08,
"5fbe606f-4386-44a2-9da5-b79a983a3575","784daef3-57fb-459c-93a2-d8a362220b76","D17","BIGC","BIGC.AOS.reaeration.station.04","BIGC_S4_20170620","2017-06-20T16:46Z",423,"2017-06-20T18:10:20Z",,75.30,15.52,91.95,,92.64,
"8f3d744a-e51f-467d-82dd-4b5f12fe6e6c","784daef3-57fb-459c-93a2-d8a362220b76","D17","BIGC","BIGC.AOS.reaeration.station.04","BIGC_S4_20170620","2017-06-20T16:46Z",613,"2017-06-20T18:42:00Z",,79.90,16.07,96.33,,97.04,
"ab5da877-b8ac-49c0-804c-7edf70675e78","784daef3-57fb-459c-93a2-d8a362220b76","D17","BIGC","BIGC.AOS.reaeration.station.04","BIGC_S4_20170620","2017-06-20T16:46Z",507,"2017-06-20T18:24:20Z",,77.20,15.71,93.85,,94.56,
"111d1134-c8a5-4dfc-8383-70354084e78f","784daef3-57fb-459c-93a2-d8a362220b76","D17","BIGC","BIGC.AOS.reaeration.station.04","BIGC_S4_20170620","2017-06-20T16:46Z",667,"2017-06-20T18:51:00Z",,80.60,16.26,96.75,,97.46,
"ce28d8da-bcda-4d93-9e62-36e571d04c5e","784daef3-57fb-459c-93a2-d8a362220b76","D17","BIGC","BIGC.AOS.reaeration.station.04","BIGC_S4_20170620","2017-06-20T16:46Z",782,"2017-06-20T19:10:10Z",,81.70,16.71,97.07,,97.77,
"20369d29-982c-492e-8fb1-21ffa7765cb1","784daef3-57fb-459c-93a2-d8a362220b76","D17","BIGC","BIGC.AOS.reaeration.station.04","BIGC_S4_20170620","2017-06-20T16:46Z",575,"2017-06-20T18:35:40Z",,79.90,15.92,96.66,,97.38,
"5d137f58-c234-4d3a-8b9a-30e94ac82534","784daef3-57fb-459c-93a2-d8a362220b76","D17","BIGC","BIGC.AOS.reaeration.station.04","BIGC_S4_20170620","2017-06-20T16:46Z",852,"2017-06-20T19:21:50Z",,51.00,21.91,54.20,,54.39,
"e422700c-87a9-44be-817e-814d23e9538c","784daef3-57fb-459c-93a2-d8a362220b76","D17","BIGC","BIGC.AOS.reaeration.station.04","BIGC_S4_20170620","2017-06-20T16:46Z",115,"2017-06-20T17:19:00Z",,74.60,15.04,92.13,,92.83,
"8d3169be-163d-4489-a443-64d358cb4a30","784daef3-57fb-459c-93a2-d8a362220b76","D17","BIGC","BIGC.AOS.reaeration.station.04","BIGC_S4_20170620","2017-06-20T16:46Z",780,"2017-06-20T19:09:50Z",,81.70,16.70,97.09,,97.79,
"4946f40b-0099-45fc-95b6-342468af8088","784daef3-57fb-459c-93a2-d8a362220b76","D17","BIGC","BIGC.AOS.reaeration.station.04","BIGC_S4_20170620","2017-06-20T16:46Z",510,"2017-06-20T18:24:50Z",,77.20,15.72,93.83,,94.54,
"61c4540d-8924-4218-8147-ef83f76dbc99","784daef3-57fb-459c-93a2-d8a362220b76","D17","BIGC","BIGC.AOS.reaeration.station.04","BIGC_S4_20170620","2017-06-20T16:46Z",307,"2017-06-20T17:51:00Z",,74.60,15.30,91.56,,92.26,
"f8462513-faee-4d33-b257-7d1b2b566da4","784daef3-57fb-459c-93a2-d8a362220b76","D17","BIGC","BIGC.AOS.reaeration.station.04","BIGC_S4_20170620","2017-06-20T16:46Z",652,"2017-06-20T18:48:30Z",,80.60,16.20,96.88,,97.60,
"c73679a2-ad99-4fed-8684-c640cfbbc1ee","784daef3-57fb-459c-93a2-d8a362220b76","D17","BIGC","BIGC.AOS.reaeration.station.04","BIGC_S4_20170620","2017-06-20T16:46Z",502,"2017-06-20T18:23:30Z",,76.50,15.70,93.02,,93.72,
"2e5d6f32-f26d-4d4b-b7b2-99cfedabccb3","784daef3-57fb-459c-93a2-d8a362220b76","D17","BIGC","BIGC.AOS.reaeration.station.04","BIGC_S4_20170620","2017-06-20T16:46Z",229,"2017-06-20T17:38:00Z",,74.60,15.21,91.76,,92.46,
"8f354b8c-6d93-428a-b01d-529e252d4c63","784daef3-57fb-459c-93a2-d8a362220b76","D17","BIGC","BIGC.AOS.reaeration.station.04","BIGC_S4_20170620","2017-06-20T16:46Z",826,"2017-06-20T19:17:30Z",,48.10,19.79,53.42,,53.70,
"7003ffab-68e7-48e0-a637-c6157681863d","784daef3-57fb-459c-93a2-d8a362220b76","D17","BIGC","BIGC.AOS.reaeration.station.04","BIGC_S4_20170620","2017-06-20T16:46Z",272,"2017-06-20T17:45:10Z",,74.60,15.24,91.69,,92.39,
"5f3e5db3-190f-4630-9b7c-b0d558dbaaf3","784daef3-57fb-459c-93a2-d8a362220b76","D17","BIGC","BIGC.AOS.reaeration.station.04","BIGC_S4_20170620","2017-06-20T16:46Z",25,"2017-06-20T17:04:00Z",,74.20,14.96,91.80,,92.51,
"e610d74b-b008-46f9-82b8-0373e31ec526","784daef3-57fb-459c-93a2-d8a362220b76","D17","BIGC","BIGC.AOS.reaeration.station.04","BIGC_S4_20170620","2017-06-20T16:46Z",278,"2017-06-20T17:46:10Z",,75.00,15.27,92.12,,92.82,
"3b431bf1-8302-432e-9b6b-d66f89fd4078","784daef3-57fb-459c-93a2-d8a362220b76","D17","BIGC","BIGC.AOS.reaeration.station.04","BIGC_S4_20170620","2017-06-20T16:46Z",95,"2017-06-20T17:15:40Z",,74.60,15.03,92.15,,92.85,
"e4ed1139-cb30-4c30-8c4e-44effac2543e","784daef3-57fb-459c-93a2-d8a362220b76","D17","BIGC","BIGC.AOS.reaeration.station.04","BIGC_S4_20170620","2017-06-20T16:46Z",195,"2017-06-20T17:32:20Z",,74.60,15.14,91.91,,92.61,
"89bb6660-c6a2-40c8-a568-b7d3e3766360","784daef3-57fb-459c-93a2-d8a362220b76","D17","BIGC","BIGC.AOS.reaeration.station.04","BIGC_S4_20170620","2017-06-20T16:46Z",553,"2017-06-20T18:32:00Z",,79.50,15.85,96.34,,97.06,
"92f959c3-e1ba-46ec-b42d-a1bb6908cb98","784daef3-57fb-459c-93a2-d8a362220b76","D17","BIGC","BIGC.AOS.reaeration.station.04","BIGC_S4_20170620","2017-06-20T16:46Z",741,"2017-06-20T19:03:20Z",,81.00,16.54,96.61,,97.31,
"be65718b-e9d8-40a5-a11d-5936290e313b","784daef3-57fb-459c-93a2-d8a362220b76","D17","BIGC","BIGC.AOS.reaeration.station.04","BIGC_S4_20170620","2017-06-20T16:46Z",651,"2017-06-20T18:48:20Z",,80.60,16.20,96.88,,97.60,
"b1307b58-706f-4f3e-9c47-ba5a72381556","784daef3-57fb-459c-93a2-d8a362220b76","D17","BIGC","BIGC.AOS.reaeration.station.04","BIGC_S4_20170620","2017-06-20T16:46Z",47,"2017-06-20T17:07:40Z",,74.20,14.98,91.76,,92.46,
"a002e4a6-35b2-438f-92e8-a20988db3cd7","784daef3-57fb-459c-93a2-d8a362220b76","D17","BIGC","BIGC.AOS.reaeration.station.04","BIGC_S4_20170620","2017-06-20T16:46Z",372,"2017-06-20T18:01:50Z",,75.00,15.40,91.84,,92.53,
"493bbac4-fb44-4980-8666-90e5c43fcae4","784daef3-57fb-459c-93a2-d8a362220b76","D17","BIGC","BIGC.AOS.reaeration.station.04","BIGC_S4_20170620","2017-06-20T16:46Z",365,"2017-06-20T18:00:40Z",,75.00,15.40,91.84,,92.53,
"ce13f5b4-7add-4b64-bf9a-b6ef95d16b2f","784daef3-57fb-459c-93a2-d8a362220b76","D17","BIGC","BIGC.AOS.reaeration.station.04","BIGC_S4_20170620","2017-06-20T16:46Z",70,"2017-06-20T17:11:30Z",,74.20,14.99,91.74,,92.44,
"1d4ce7ba-e93c-4f7b-a5a9-319da73fbded","784daef3-57fb-459c-93a2-d8a362220b76","D17","BIGC","BIGC.AOS.reaeration.station.04","BIGC_S4_20170620","2017-06-20T16:46Z",509,"2017-06-20T18:24:40Z",,77.20,15.73,93.81,,94.51,
"66cd03a4-36d2-4bf1-9eb4-ac5738feabc0","784daef3-57fb-459c-93a2-d8a362220b76","D17","BIGC","BIGC.AOS.reaeration.station.04","BIGC_S4_20170620","2017-06-20T16:46Z",103,"2017-06-20T17:17:00Z",,74.60,15.03,92.15,,92.85,
"b4377672-9385-4d92-9dd5-67a9871af0f6","784daef3-57fb-459c-93a2-d8a362220b76","D17","BIGC","BIGC.AOS.reaeration.station.04","BIGC_S4_20170620","2017-06-20T16:46Z",537,"2017-06-20T18:29:20Z",,79.10,15.81,95.94,,96.66,
"4c1c5377-c9e9-4f66-8de1-1b2a1db376b7","784daef3-57fb-459c-93a2-d8a362220b76","D17","BIGC","BIGC.AOS.reaeration.station.04","BIGC_S4_20170620","2017-06-20T16:46Z",346,"2017-06-20T17:57:30Z",,75.00,15.36,91.93,,92.62,
"8676c761-1a4b-4a74-9e8c-494edc255415","784daef3-57fb-459c-93a2-d8a362220b76","D17","BIGC","BIGC.AOS.reaeration.station.04","BIGC_S4_20170620","2017-06-20T16:46Z",113,"2017-06-20T17:18:40Z",,74.20,15.04,91.63,,92.33,
"3262f579-4885-4bd9-8397-904492b6da7e","784daef3-57fb-459c-93a2-d8a362220b76","D17","BIGC","BIGC.AOS.reaeration.station.04","BIGC_S4_20170620","2017-06-20T16:46Z",411,"2017-06-20T18:08:20Z",,75.40,15.50,92.11,,92.81,
"220557a6-dad1-46e6-b38c-280528b51b04","784daef3-57fb-459c-93a2-d8a362220b76","D17","BIGC","BIGC.AOS.reaeration.station.04","BIGC_S4_20170620","2017-06-20T16:46Z",181,"2017-06-20T17:30:00Z",,74.60,15.13,91.93,,92.63,
"a0734117-a0a7-4c90-9f21-fc47391f989b","784daef3-57fb-459c-93a2-d8a362220b76","D17","BIGC","BIGC.AOS.reaeration.station.04","BIGC_S4_20170620","2017-06-20T16:46Z",488,"2017-06-20T18:21:10Z",,75.30,15.65,91.67,,92.36,
"c1f4e21d-17cc-474d-bc03-dae22f59d051","784daef3-57fb-459c-93a2-d8a362220b76","D17","BIGC","BIGC.AOS.reaeration.station.04","BIGC_S4_20170620","2017-06-20T16:46Z",604,"2017-06-20T18:40:30Z",,80.30,16.02,96.92,,97.64,
"b8893188-985e-4145-8559-7f0f3d0fcb11","784daef3-57fb-459c-93a2-d8a362220b76","D17","BIGC","BIGC.AOS.reaeration.station.04","BIGC_S4_20170620","2017-06-20T16:46Z",313,"2017-06-20T17:52:00Z",,75.00,15.32,92.01,,92.71,
"07a2284c-a8bd-43d5-9eeb-8921b46a49b1","784daef3-57fb-459c-93a2-d8a362220b76","D17","BIGC","BIGC.AOS.reaeration.station.04","BIGC_S4_20170620","2017-06-20T16:46Z",513,"2017-06-20T18:25:20Z",,77.60,15.73,94.30,,95.00,
"187d53ec-8dd2-4162-ba14-b4b93b0fcdc8","784daef3-57fb-459c-93a2-d8a362220b76","D17","BIGC","BIGC.AOS.reaeration.station.04","BIGC_S4_20170620","2017-06-20T16:46Z",126,"2017-06-20T17:20:50Z",,74.20,15.05,91.61,,92.31,
"a571284b-9c65-4136-bf2f-6bbe354d2b22","784daef3-57fb-459c-93a2-d8a362220b76","D17","BIGC","BIGC.AOS.reaeration.station.04","BIGC_S4_20170620","2017-06-20T16:46Z",386,"2017-06-20T18:04:10Z",,75.40,15.44,92.24,,92.94,
"4828eb89-71a4-4342-a842-3a28cbe51ad7","784daef3-57fb-459c-93a2-d8a362220b76","D17","BIGC","BIGC.AOS.reaeration.station.04","BIGC_S4_20170620","2017-06-20T16:46Z",402,"2017-06-20T18:06:50Z",,75.40,15.47,92.18,,92.88,
"4b310f2a-fa73-429d-8fa2-7518c5342e76","784daef3-57fb-459c-93a2-d8a362220b76","D17","BIGC","BIGC.AOS.reaeration.station.04","BIGC_S4_20170620","2017-06-20T16:46Z",34,"2017-06-20T17:05:30Z",,74.20,14.96,91.80,,92.51,
"67844f53-b5e7-4452-bd2b-a0cc55d1858f","784daef3-57fb-459c-93a2-d8a362220b76","D17","BIGC","BIGC.AOS.reaeration.station.04","BIGC_S4_20170620","2017-06-20T16:46Z",193,"2017-06-20T17:32:00Z",,74.60,15.16,91.87,,92.56,
"1c16c5a1-2c39-40cd-9104-102379da5044","784daef3-57fb-459c-93a2-d8a362220b76","D17","BIGC","BIGC.AOS.reaeration.station.04","BIGC_S4_20170620","2017-06-20T16:46Z",315,"2017-06-20T17:52:20Z",,75.00,15.30,92.06,,92.75,
"d7d76e9f-6020-4521-a5be-d44df08715b8","784daef3-57fb-459c-93a2-d8a362220b76","D17","BIGC","BIGC.AOS.reaeration.station.04","BIGC_S4_20170620","2017-06-20T16:46Z",563,"2017-06-20T18:33:40Z",,79.90,15.89,96.73,,97.45,
"e39a567c-bb69-4719-9022-0b87609f1558","784daef3-57fb-459c-93a2-d8a362220b76","D17","BIGC","BIGC.AOS.reaeration.station.04","BIGC_S4_20170620","2017-06-20T16:46Z",360,"2017-06-20T17:59:50Z",,75.00,15.39,91.86,,92.56,
"6a4dae22-07d8-416b-9a5d-b22f3c081eb7","784daef3-57fb-459c-93a2-d8a362220b76","D17","BIGC","BIGC.AOS.reaeration.station.04","BIGC_S4_20170620","2017-06-20T16:46Z",262,"2017-06-20T17:43:30Z",,74.60,15.23,91.71,,92.41,
"78b81719-f244-427d-9e59-1d9cd15980cd","784daef3-57fb-459c-93a2-d8a362220b76","D17","BIGC","BIGC.AOS.reaeration.station.04","BIGC_S4_20170620","2017-06-20T16:46Z",707,"2017-06-20T18:57:40Z",,81.00,16.41,96.90,,97.60,
"822e4380-cbe8-4611-9880-0be5301b4a26","784daef3-57fb-459c-93a2-d8a362220b76","D17","BIGC","BIGC.AOS.reaeration.station.04","BIGC_S4_20170620","2017-06-20T16:46Z",778,"2017-06-20T19:09:30Z",,81.30,16.69,96.64,,97.33,
"da34ccfc-cca1-43ec-a1f2-8cae51c413d8","784daef3-57fb-459c-93a2-d8a362220b76","D17","BIGC","BIGC.AOS.reaeration.station.04","BIGC_S4_20170620","2017-06-20T16:46Z",39,"2017-06-20T17:06:20Z",,74.20,14.98,91.76,,92.46,
"a5071381-2555-42d2-a3f6-79506b47b7f5","784daef3-57fb-459c-93a2-d8a362220b76","D17","BIGC","BIGC.AOS.reaeration.station.04","BIGC_S4_20170620","2017-06-20T16:46Z",353,"2017-06-20T17:58:40Z",,75.00,15.38,91.88,,92.58,
"7d699e4f-5b85-4b0f-b35d-3cdf531310bf","784daef3-57fb-459c-93a2-d8a362220b76","D17","BIGC","BIGC.AOS.reaeration.station.04","BIGC_S4_20170620","2017-06-20T16:46Z",770,"2017-06-20T19:08:10Z",,81.30,16.66,96.70,,97.40,
"cf7e1d57-a339-44a3-b656-e9980f5e8385","784daef3-57fb-459c-93a2-d8a362220b76","D17","BIGC","BIGC.AOS.reaeration.station.04","BIGC_S4_20170620","2017-06-20T16:46Z",233,"2017-06-20T17:38:40Z",,74.60,15.22,91.74,,92.43,
"65f5fbb7-6db2-4ab2-9c54-5d76ebfef7a7","784daef3-57fb-459c-93a2-d8a362220b76","D17","BIGC","BIGC.AOS.reaeration.station.04","BIGC_S4_20170620","2017-06-20T16:46Z",249,"2017-06-20T17:41:20Z",,74.60,15.20,91.78,,92.48,
"65e8afd7-6bea-40a2-8e58-3fff838058e5","784daef3-57fb-459c-93a2-d8a362220b76","D17","BIGC","BIGC.AOS.reaeration.station.04","BIGC_S4_20170620","2017-06-20T16:46Z",274,"2017-06-20T17:45:30Z",,74.60,15.24,91.69,,92.39,
"21434e47-e89c-4368-ac84-7730960126df","784daef3-57fb-459c-93a2-d8a362220b76","D17","BIGC","BIGC.AOS.reaeration.station.04","BIGC_S4_20170620","2017-06-20T16:46Z",153,"2017-06-20T17:25:20Z",,74.60,15.08,92.04,,92.74,
"b517bab1-c48c-42a1-9752-d8c90be746d5","784daef3-57fb-459c-93a2-d8a362220b76","D17","BIGC","BIGC.AOS.reaeration.station.04","BIGC_S4_20170620","2017-06-20T16:46Z",72,"2017-06-20T17:11:50Z",,74.20,14.99,91.74,,92.44,
"b6215637-58b6-40ad-b731-e9d4d0e743ea","784daef3-57fb-459c-93a2-d8a362220b76","D17","BIGC","BIGC.AOS.reaeration.station.04","BIGC_S4_20170620","2017-06-20T16:46Z",175,"2017-06-20T17:29:00Z",,74.60,15.11,91.97,,92.67,
"8ccaffd3-6626-445f-9478-a009b1c8500c","784daef3-57fb-459c-93a2-d8a362220b76","D17","BIGC","BIGC.AOS.reaeration.station.04","BIGC_S4_20170620","2017-06-20T16:46Z",350,"2017-06-20T17:58:10Z",,75.00,15.38,91.88,,92.58,
"241e7a05-aeb8-4486-bc30-20ce08c0efa3","784daef3-57fb-459c-93a2-d8a362220b76","D17","BIGC","BIGC.AOS.reaeration.station.04","BIGC_S4_20170620","2017-06-20T16:46Z",290,"2017-06-20T17:48:10Z",,74.60,15.27,91.63,,92.32,
"1e23b0f6-29a0-4c51-9202-4204c6926fb4","784daef3-57fb-459c-93a2-d8a362220b76","D17","BIGC","BIGC.AOS.reaeration.station.04","BIGC_S4_20170620","2017-06-20T16:46Z",403,"2017-06-20T18:07:00Z",,75.40,15.47,92.18,,92.88,
"baccb6b3-a96a-4c42-82c7-ea90b3ce6e63","784daef3-57fb-459c-93a2-d8a362220b76","D17","BIGC","BIGC.AOS.reaeration.station.04","BIGC_S4_20170620","2017-06-20T16:46Z",189,"2017-06-20T17:31:20Z",,74.60,15.14,91.91,,92.61,
"187b9b41-c00d-4bf7-80b5-d73367963c2f","784daef3-57fb-459c-93a2-d8a362220b76","D17","BIGC","BIGC.AOS.reaeration.station.04","BIGC_S4_20170620","2017-06-20T16:46Z",850,"2017-06-20T19:21:30Z",,50.70,21.78,54.02,,54.22,
"a5b86f3d-035a-441b-ad1d-de6064e4a7d9","784daef3-57fb-459c-93a2-d8a362220b76","D17","BIGC","BIGC.AOS.reaeration.station.04","BIGC_S4_20170620","2017-06-20T16:46Z",715,"2017-06-20T18:59:00Z",,81.00,16.45,96.81,,97.51,
"c7e62b0b-aa40-4e2c-8c2b-af629a81729a","784daef3-57fb-459c-93a2-d8a362220b76","D17","BIGC","BIGC.AOS.reaeration.station.04","BIGC_S4_20170620","2017-06-20T16:46Z",73,"2017-06-20T17:12:00Z",,74.20,14.99,91.74,,92.44,
"9339e97d-34a5-4d0a-86b6-1ac0783def5f","784daef3-57fb-459c-93a2-d8a362220b76","D17","BIGC","BIGC.AOS.reaeration.station.04","BIGC_S4_20170620","2017-06-20T16:46Z",384,"2017-06-20T18:03:50Z",,75.00,15.44,91.75,,92.45,
"37c4cac4-3dbb-45b6-9538-32dc1d223a4e","784daef3-57fb-459c-93a2-d8a362220b76","D17","BIGC","BIGC.AOS.reaeration.station.04","BIGC_S4_20170620","2017-06-20T16:46Z",82,"2017-06-20T17:13:30Z",,74.20,15.01,91.70,,92.40,
"03fbe70c-2f6b-4682-94bf-27afc330f7b3","784daef3-57fb-459c-93a2-d8a362220b76","D17","BIGC","BIGC.AOS.reaeration.station.04","BIGC_S4_20170620","2017-06-20T16:46Z",208,"2017-06-20T17:34:30Z",,74.60,15.17,91.84,,92.54,
"9c1e7ee1-9e0e-4912-a675-624ac2ea6b81","784daef3-57fb-459c-93a2-d8a362220b76","D17","BIGC","BIGC.AOS.reaeration.station.04","BIGC_S4_20170620","2017-06-20T16:46Z",275,"2017-06-20T17:45:40Z",,75.00,15.26,92.14,,92.84,
"cd198473-336e-45d3-95bf-dfb94a62ab09","784daef3-57fb-459c-93a2-d8a362220b76","D17","BIGC","BIGC.AOS.reaeration.station.04","BIGC_S4_20170620","2017-06-20T16:46Z",779,"2017-06-20T19:09:40Z",,81.70,16.70,97.09,,97.79,
"7ba4d13b-026e-41de-8beb-66a15f94ddc3","784daef3-57fb-459c-93a2-d8a362220b76","D17","BIGC","BIGC.AOS.reaeration.station.04","BIGC_S4_20170620","2017-06-20T16:46Z",375,"2017-06-20T18:02:20Z",,75.40,15.42,92.29,,92.98,
"7021f1e1-6e64-4ffb-9ce7-5ede8f410833","784daef3-57fb-459c-93a2-d8a362220b76","D17","BIGC","BIGC.AOS.reaeration.station.04","BIGC_S4_20170620","2017-06-20T16:46Z",138,"2017-06-20T17:22:50Z",,74.20,15.07,91.57,,92.27,
"aaf5ba92-4d9b-40bf-abc6-3827b81e4203","784daef3-57fb-459c-93a2-d8a362220b76","D17","BIGC","BIGC.AOS.reaeration.station.04","BIGC_S4_20170620","2017-06-20T16:46Z",587,"2017-06-20T18:37:40Z",,79.90,15.96,96.58,,97.29,
"eff97d55-b16b-4b7d-ac81-f38574f69ecf","784daef3-57fb-459c-93a2-d8a362220b76","D17","BIGC","BIGC.AOS.reaeration.station.04","BIGC_S4_20170620","2017-06-20T16:46Z",60,"2017-06-20T17:09:50Z",,74.20,14.99,91.74,,92.44,
"261ed1a4-0014-4f2d-9018-ed627a209110","784daef3-57fb-459c-93a2-d8a362220b76","D17","BIGC","BIGC.AOS.reaeration.station.04","BIGC_S4_20170620","2017-06-20T16:46Z",483,"2017-06-20T18:20:20Z",,75.70,15.65,92.16,,92.85,
"9758fa46-a768-42c3-94b6-3c3cc38504e0","784daef3-57fb-459c-93a2-d8a362220b76","D17","BIGC","BIGC.AOS.reaeration.station.04","BIGC_S4_20170620","2017-06-20T16:46Z",746,"2017-06-20T19:04:10Z",,81.40,16.57,97.02,,97.72,
"b314a37e-c40e-471e-896a-65bd67d50ba1","784daef3-57fb-459c-93a2-d8a362220b76","D17","BIGC","BIGC.AOS.reaeration.station.04","BIGC_S4_20170620","2017-06-20T16:46Z",21,"2017-06-20T17:03:20Z",,74.20,14.96,91.80,,92.51,
"b246157a-b748-4135-8bc6-f2ad8bf5b69b","784daef3-57fb-459c-93a2-d8a362220b76","D17","BIGC","BIGC.AOS.reaeration.station.04","BIGC_S4_20170620","2017-06-20T16:46Z",830,"2017-06-20T19:18:10Z",,48.90,20.04,54.02,,54.29,
"d3a666bc-d1e0-47fb-881d-67f36092511e","784daef3-57fb-459c-93a2-d8a362220b76","D17","BIGC","BIGC.AOS.reaeration.station.04","BIGC_S4_20170620","2017-06-20T16:46Z",757,"2017-06-20T19:06:00Z",,81.40,16.63,96.89,,97.59,
"99b04933-061c-4c50-93d8-0a0d033fd713","784daef3-57fb-459c-93a2-d8a362220b76","D17","BIGC","BIGC.AOS.reaeration.station.04","BIGC_S4_20170620","2017-06-20T16:46Z",516,"2017-06-20T18:25:50Z",,77.60,15.75,94.25,,94.96,
"9572fdc4-212f-4049-884c-2108c0421038","784daef3-57fb-459c-93a2-d8a362220b76","D17","BIGC","BIGC.AOS.reaeration.station.04","BIGC_S4_20170620","2017-06-20T16:46Z",773,"2017-06-20T19:08:40Z",,81.30,16.68,96.66,,97.36,
"0e6dc922-c8da-417c-8778-b0e75c275962","784daef3-57fb-459c-93a2-d8a362220b76","D17","BIGC","BIGC.AOS.reaeration.station.04","BIGC_S4_20170620","2017-06-20T16:46Z",723,"2017-06-20T19:00:20Z",,81.00,16.47,96.77,,97.47,
"8b1070f1-08e5-4f37-9b54-3ed0a05930c8","784daef3-57fb-459c-93a2-d8a362220b76","D17","BIGC","BIGC.AOS.reaeration.station.04","BIGC_S4_20170620","2017-06-20T16:46Z",179,"2017-06-20T17:29:40Z",,74.60,15.11,91.97,,92.67,
"1e5bac44-a7d5-46dd-92be-5c536457462f","784daef3-57fb-459c-93a2-d8a362220b76","D17","BIGC","BIGC.AOS.reaeration.station.04","BIGC_S4_20170620","2017-06-20T16:46Z",176,"2017-06-20T17:29:10Z",,74.60,15.11,91.97,,92.67,
"d7f907f6-9016-4d57-a316-f4bec20da714","784daef3-57fb-459c-93a2-d8a362220b76","D17","BIGC","BIGC.AOS.reaeration.station.04","BIGC_S4_20170620","2017-06-20T16:46Z",432,"2017-06-20T18:11:50Z",,75.30,15.53,91.93,,92.62,
"2c25b602-f1e1-44de-bbc7-ad6b5fa51d41","784daef3-57fb-459c-93a2-d8a362220b76","D17","BIGC","BIGC.AOS.reaeration.station.04","BIGC_S4_20170620","2017-06-20T16:46Z",361,"2017-06-20T18:00:00Z",,75.00,15.39,91.86,,92.56,
"e134f9b9-dce1-4ae7-9641-1cf5a5f6e539","784daef3-57fb-459c-93a2-d8a362220b76","D17","BIGC","BIGC.AOS.reaeration.station.04","BIGC_S4_20170620","2017-06-20T16:46Z",816,"2017-06-20T19:15:50Z",,47.40,19.00,53.54,,53.85,
"735eec57-1bdc-4c40-a2c4-c88637708692","784daef3-57fb-459c-93a2-d8a362220b76","D17","BIGC","BIGC.AOS.reaeration.station.04","BIGC_S4_20170620","2017-06-20T16:46Z",382,"2017-06-20T18:03:30Z",,75.40,15.44,92.24,,92.94,
"646e52ad-3899-4c62-9498-ef1cc422de28","784daef3-57fb-459c-93a2-d8a362220b76","D17","BIGC","BIGC.AOS.reaeration.station.04","BIGC_S4_20170620","2017-06-20T16:46Z",810,"2017-06-20T19:14:50Z",,46.30,18.56,52.79,,53.12,
"1b8b25e6-c0d1-4b08-a8c4-d64a19bcac73","784daef3-57fb-459c-93a2-d8a362220b76","D17","BIGC","BIGC.AOS.reaeration.station.04","BIGC_S4_20170620","2017-06-20T16:46Z",338,"2017-06-20T17:56:10Z",,75.00,15.36,91.93,,92.62,
"91870dda-224b-499c-a66a-26447c3a0de2","784daef3-57fb-459c-93a2-d8a362220b76","D17","BIGC","BIGC.AOS.reaeration.station.04","BIGC_S4_20170620","2017-06-20T16:46Z",574,"2017-06-20T18:35:30Z",,79.50,15.91,96.20,,96.92,
"724a5a0d-7149-410d-9f40-4e06ee5e8805","784daef3-57fb-459c-93a2-d8a362220b76","D17","BIGC","BIGC.AOS.reaeration.station.04","BIGC_S4_20170620","2017-06-20T16:46Z",37,"2017-06-20T17:06:00Z",,74.20,14.96,91.80,,92.51,
"153ae360-dc59-4b43-83b1-563942c16109","784daef3-57fb-459c-93a2-d8a362220b76","D17","BIGC","BIGC.AOS.reaeration.station.04","BIGC_S4_20170620","2017-06-20T16:46Z",206,"2017-06-20T17:34:10Z",,74.60,15.17,91.84,,92.54,
"44f06b45-968a-4ef2-a7c6-45da08a23d8a","784daef3-57fb-459c-93a2-d8a362220b76","D17","BIGC","BIGC.AOS.reaeration.station.04","BIGC_S4_20170620","2017-06-20T16:46Z",303,"2017-06-20T17:50:20Z",,75.00,15.30,92.06,,92.75,
"07ce5009-0f54-4c99-8ab7-b5d141da22f4","784daef3-57fb-459c-93a2-d8a362220b76","D17","BIGC","BIGC.AOS.reaeration.station.04","BIGC_S4_20170620","2017-06-20T16:46Z",246,"2017-06-20T17:40:50Z",,74.60,15.19,91.80,,92.50,
"ddbefcd4-9f10-4719-b928-d183ef4f9f0e","784daef3-57fb-459c-93a2-d8a362220b76","D17","BIGC","BIGC.AOS.reaeration.station.04","BIGC_S4_20170620","2017-06-20T16:46Z",259,"2017-06-20T17:43:00Z",,75.00,15.22,92.23,,92.93,
"d59f22b0-635e-45ec-a06e-246d6a8264b8","784daef3-57fb-459c-93a2-d8a362220b76","D17","BIGC","BIGC.AOS.reaeration.station.04","BIGC_S4_20170620","2017-06-20T16:46Z",843,"2017-06-20T19:20:20Z",,50.30,21.24,54.19,,54.41,
"b93085fb-d846-450c-9a6d-2dcd91b5c9a3","784daef3-57fb-459c-93a2-d8a362220b76","D17","BIGC","BIGC.AOS.reaeration.station.04","BIGC_S4_20170620","2017-06-20T16:46Z",4,"2017-06-20T17:00:30Z",,74.20,14.95,91.83,,92.53,
"49e0740c-d5ce-463a-b7d3-c83fe338cece","784daef3-57fb-459c-93a2-d8a362220b76","D17","BIGC","BIGC.AOS.reaeration.station.04","BIGC_S4_20170620","2017-06-20T16:46Z",682,"2017-06-20T18:53:30Z",,81.00,16.31,97.12,,97.83,
"0b9d20a2-eee9-4933-85c7-845ae039e06d","784daef3-57fb-459c-93a2-d8a362220b76","D17","BIGC","BIGC.AOS.reaeration.station.04","BIGC_S4_20170620","2017-06-20T16:46Z",83,"2017-06-20T17:13:40Z",,74.60,15.01,92.19,,92.89,
"2a7fc8cf-4aa4-43fb-a057-b6504a150224","784daef3-57fb-459c-93a2-d8a362220b76","D17","BIGC","BIGC.AOS.reaeration.station.04","BIGC_S4_20170620","2017-06-20T16:46Z",54,"2017-06-20T17:08:50Z",,74.20,14.97,91.78,,92.48,
"e6479602-9081-4ca1-8bc0-40cc63323d75","784daef3-57fb-459c-93a2-d8a362220b76","D17","BIGC","BIGC.AOS.reaeration.station.04","BIGC_S4_20170620","2017-06-20T16:46Z",251,"2017-06-20T17:41:40Z",,74.60,15.20,91.78,,92.48,
"b1841589-d0d7-473c-8b1b-9935a47133d2","784daef3-57fb-459c-93a2-d8a362220b76","D17","BIGC","BIGC.AOS.reaeration.station.04","BIGC_S4_20170620","2017-06-20T16:46Z",476,"2017-06-20T18:19:10Z",,75.30,15.63,91.71,,92.40,
"5e16e99b-566b-4446-a92b-45baa21b564d","784daef3-57fb-459c-93a2-d8a362220b76","D17","BIGC","BIGC.AOS.reaeration.station.04","BIGC_S4_20170620","2017-06-20T16:46Z",284,"2017-06-20T17:47:10Z",,75.00,15.28,92.10,,92.80,
"d128eac6-a2ac-4e32-a8d8-32d37e01c610","784daef3-57fb-459c-93a2-d8a362220b76","D17","BIGC","BIGC.AOS.reaeration.station.04","BIGC_S4_20170620","2017-06-20T16:46Z",494,"2017-06-20T18:22:10Z",,75.70,15.67,92.12,,92.81,
"a2874893-4251-4263-b3de-2eb240615efd","784daef3-57fb-459c-93a2-d8a362220b76","D17","BIGC","BIGC.AOS.reaeration.station.04","BIGC_S4_20170620","2017-06-20T16:46Z",143,"2017-06-20T17:23:40Z",,74.60,15.09,92.02,,92.72,
"9616aaaf-86ee-410c-808e-7f4e16f979a0","784daef3-57fb-459c-93a2-d8a362220b76","D17","BIGC","BIGC.AOS.reaeration.station.04","BIGC_S4_20170620","2017-06-20T16:46Z",69,"2017-06-20T17:11:20Z",,74.20,14.98,91.76,,92.46,
"75239bb2-7848-4027-8e12-f6099a4a1d5f","784daef3-57fb-459c-93a2-d8a362220b76","D17","BIGC","BIGC.AOS.reaeration.station.04","BIGC_S4_20170620","2017-06-20T16:46Z",387,"2017-06-20T18:04:20Z",,75.40,15.45,92.22,,92.92,
"1721fa77-d076-47b0-a5d6-df801fb2d86e","784daef3-57fb-459c-93a2-d8a362220b76","D17","BIGC","BIGC.AOS.reaeration.station.04","BIGC_S4_20170620","2017-06-20T16:46Z",288,"2017-06-20T17:47:50Z",,75.00,15.27,92.12,,92.82,
"d3eeba26-1c86-4cee-a46c-88fb21a00de0","784daef3-57fb-459c-93a2-d8a362220b76","D17","BIGC","BIGC.AOS.reaeration.station.04","BIGC_S4_20170620","2017-06-20T16:46Z",523,"2017-06-20T18:27:00Z",,78.40,15.76,95.20,,95.91,
"467a97cc-28c8-45a0-875a-f64b91200479","784daef3-57fb-459c-93a2-d8a362220b76","D17","BIGC","BIGC.AOS.reaeration.station.04","BIGC_S4_20170620","2017-06-20T16:46Z",531,"2017-06-20T18:28:20Z",,79.10,15.78,96.01,,96.73,
"995dc4a9-f803-49bc-8104-2439d2baf23a","784daef3-57fb-459c-93a2-d8a362220b76","D17","BIGC","BIGC.AOS.reaeration.station.04","BIGC_S4_20170620","2017-06-20T16:46Z",279,"2017-06-20T17:46:20Z",,74.60,15.26,91.65,,92.35,
"48f73ac9-d71e-4e0f-bef9-4f83ac5ee9ba","784daef3-57fb-459c-93a2-d8a362220b76","D17","BIGC","BIGC.AOS.reaeration.station.04","BIGC_S4_20170620","2017-06-20T16:46Z",857,"2017-06-20T19:22:25Z",,,,,,,
"b2727f78-ba16-498d-b7de-fc6f7a80cf59","784daef3-57fb-459c-93a2-d8a362220b76","D17","BIGC","BIGC.AOS.reaeration.station.04","BIGC_S4_20170620","2017-06-20T16:46Z",605,"2017-06-20T18:40:40Z",,79.90,16.03,96.42,,97.13,
"21c5a13b-deda-471a-b0b8-910b33394b0d","784daef3-57fb-459c-93a2-d8a362220b76","D17","BIGC","BIGC.AOS.reaeration.station.04","BIGC_S4_20170620","2017-06-20T16:46Z",61,"2017-06-20T17:10:00Z",,74.20,14.99,91.74,,92.44,
"454318ed-b698-4fe3-a46b-9affe53bbf35","784daef3-57fb-459c-93a2-d8a362220b76","D17","BIGC","BIGC.AOS.reaeration.station.04","BIGC_S4_20170620","2017-06-20T16:46Z",561,"2017-06-20T18:33:20Z",,79.50,15.88,96.27,,96.99,
"a6b220a1-bf98-4a08-98be-c11513933254","784daef3-57fb-459c-93a2-d8a362220b76","D17","BIGC","BIGC.AOS.reaeration.station.04","BIGC_S4_20170620","2017-06-20T16:46Z",217,"2017-06-20T17:36:00Z",,74.60,15.19,91.80,,92.50,
"d673bc49-4a38-4ea7-b2fb-549792f2bd64","784daef3-57fb-459c-93a2-d8a362220b76","D17","BIGC","BIGC.AOS.reaeration.station.04","BIGC_S4_20170620","2017-06-20T16:46Z",799,"2017-06-20T19:13:00Z",,81.00,16.78,96.09,,96.77,
"4d5a756e-a4cb-4691-816a-a6bf02e2c9c6","784daef3-57fb-459c-93a2-d8a362220b76","D17","BIGC","BIGC.AOS.reaeration.station.04","BIGC_S4_20170620","2017-06-20T16:46Z",505,"2017-06-20T18:24:00Z",,76.90,15.71,93.49,,94.19,
"92c404f4-c7cc-46d2-b1fd-49762aa62cb2","784daef3-57fb-459c-93a2-d8a362220b76","D17","BIGC","BIGC.AOS.reaeration.station.04","BIGC_S4_20170620","2017-06-20T16:46Z",813,"2017-06-20T19:15:20Z",,46.30,18.79,52.53,,52.85,
"ba55d93c-1848-4efb-9342-c837714afd05","784daef3-57fb-459c-93a2-d8a362220b76","D17","BIGC","BIGC.AOS.reaeration.station.04","BIGC_S4_20170620","2017-06-20T16:46Z",198,"2017-06-20T17:32:50Z",,74.60,15.14,91.91,,92.61,
"fe7e0aec-5002-4e02-94b9-0aea7a45f555","784daef3-57fb-459c-93a2-d8a362220b76","D17","BIGC","BIGC.AOS.reaeration.station.04","BIGC_S4_20170620","2017-06-20T16:46Z",662,"2017-06-20T18:50:10Z",,80.60,16.23,96.82,,97.53,
"0d577b81-fdce-49e9-881c-ccf98c4d6ba0","784daef3-57fb-459c-93a2-d8a362220b76","D17","BIGC","BIGC.AOS.reaeration.station.04","BIGC_S4_20170620","2017-06-20T16:46Z",569,"2017-06-20T18:34:40Z",,79.50,15.91,96.20,,96.92,
"5bf4ce20-b52d-4789-9737-fb2d022a56b7","784daef3-57fb-459c-93a2-d8a362220b76","D17","BIGC","BIGC.AOS.reaeration.station.04","BIGC_S4_20170620","2017-06-20T16:46Z",573,"2017-06-20T18:35:20Z",,79.90,15.91,96.69,,97.41,
"9e957fd2-7121-44dc-baac-575ec1a8335e","784daef3-57fb-459c-93a2-d8a362220b76","D17","BIGC","BIGC.AOS.reaeration.station.04","BIGC_S4_20170620","2017-06-20T16:46Z",379,"2017-06-20T18:03:00Z",,75.00,15.42,91.80,,92.49,
"5091670b-fbf2-4c92-ab45-7f0b637f69da","784daef3-57fb-459c-93a2-d8a362220b76","D17","BIGC","BIGC.AOS.reaeration.station.04","BIGC_S4_20170620","2017-06-20T16:46Z",80,"2017-06-20T17:13:10Z",,74.20,15.01,91.70,,92.40,
"de2735ee-2c9c-4b35-8f90-5907c79211b8","784daef3-57fb-459c-93a2-d8a362220b76","D17","BIGC","BIGC.AOS.reaeration.station.04","BIGC_S4_20170620","2017-06-20T16:46Z",44,"2017-06-20T17:07:10Z",,74.20,14.97,91.78,,92.48,
"b2f1d77d-ee4f-446a-9e5f-f87a48202054","784daef3-57fb-459c-93a2-d8a362220b76","D17","BIGC","BIGC.AOS.reaeration.station.04","BIGC_S4_20170620","2017-06-20T16:46Z",323,"2017-06-20T17:53:40Z",,75.00,15.33,91.99,,92.69,
"cba1cbed-e6eb-4e9a-8a60-344cc6063408","784daef3-57fb-459c-93a2-d8a362220b76","D17","BIGC","BIGC.AOS.reaeration.station.04","BIGC_S4_20170620","2017-06-20T16:46Z",283,"2017-06-20T17:47:00Z",,75.00,15.27,92.12,,92.82,
"1fa3eb68-8ea5-491b-98eb-7500f216fc73","784daef3-57fb-459c-93a2-d8a362220b76","D17","BIGC","BIGC.AOS.reaeration.station.04","BIGC_S4_20170620","2017-06-20T16:46Z",29,"2017-06-20T17:04:40Z",,74.60,14.96,92.30,,93.00,
"8b133242-1d11-4ce2-882b-54e71acdf4a8","784daef3-57fb-459c-93a2-d8a362220b76","D17","BIGC","BIGC.AOS.reaeration.station.04","BIGC_S4_20170620","2017-06-20T16:46Z",588,"2017-06-20T18:37:50Z",,79.90,15.97,96.55,,97.27,
"2456d4e3-a339-4bbc-b994-f8b3c2583fa2","784daef3-57fb-459c-93a2-d8a362220b76","D17","BIGC","BIGC.AOS.reaeration.station.04","BIGC_S4_20170620","2017-06-20T16:46Z",836,"2017-06-20T19:19:10Z",,49.20,20.67,53.64,,53.88,
"e94c5afd-6b80-4dcf-a49d-b351127a6d9c","784daef3-57fb-459c-93a2-d8a362220b76","D17","BIGC","BIGC.AOS.reaeration.station.04","BIGC_S4_20170620","2017-06-20T16:46Z",534,"2017-06-20T18:28:50Z",,78.80,15.79,95.62,,96.34,
"efb1c50a-b3ca-4e0d-8849-6c6ae1d6cbce","784daef3-57fb-459c-93a2-d8a362220b76","D17","BIGC","BIGC.AOS.reaeration.station.04","BIGC_S4_20170620","2017-06-20T16:46Z",594,"2017-06-20T18:38:50Z",,79.90,15.98,96.53,,97.25,
"0b105825-2548-4378-8afa-a25a8f4e4f60","784daef3-57fb-459c-93a2-d8a362220b76","D17","BIGC","BIGC.AOS.reaeration.station.04","BIGC_S4_20170620","2017-06-20T16:46Z",94,"2017-06-20T17:15:30Z",,74.60,15.02,92.17,,92.87,
"ee569bae-75a5-4815-beca-1b7236d445b9","784daef3-57fb-459c-93a2-d8a362220b76","D17","BIGC","BIGC.AOS.reaeration.station.04","BIGC_S4_20170620","2017-06-20T16:46Z",615,"2017-06-20T18:42:20Z",,80.30,16.06,96.83,,97.55,
"680918e8-66e3-489c-aedd-f2af2acda79f","784daef3-57fb-459c-93a2-d8a362220b76","D17","BIGC","BIGC.AOS.reaeration.station.04","BIGC_S4_20170620","2017-06-20T16:46Z",431,"2017-06-20T18:11:40Z",,75.30,15.53,91.93,,92.62,
"a1bf98fd-ee78-4c60-8c62-ee14d0753535","784daef3-57fb-459c-93a2-d8a362220b76","D17","BIGC","BIGC.AOS.reaeration.station.04","BIGC_S4_20170620","2017-06-20T16:46Z",824,"2017-06-20T19:17:10Z",,48.10,19.64,53.59,,53.88,
"729fb4d1-4770-40c9-ad10-b7a16c27472c","784daef3-57fb-459c-93a2-d8a362220b76","D17","BIGC","BIGC.AOS.reaeration.station.04","BIGC_S4_20170620","2017-06-20T16:46Z",137,"2017-06-20T17:22:40Z",,74.60,15.05,92.10,,92.81,
"25d78be8-1437-4f6c-9cc3-3a3d2fa3f1ec","784daef3-57fb-459c-93a2-d8a362220b76","D17","BIGC","BIGC.AOS.reaeration.station.04","BIGC_S4_20170620","2017-06-20T16:46Z",492,"2017-06-20T18:21:50Z",,75.70,15.66,92.14,,92.83,
"3fb3bda7-8cd8-496a-bb6f-e33269b488ec","784daef3-57fb-459c-93a2-d8a362220b76","D17","BIGC","BIGC.AOS.reaeration.station.04","BIGC_S4_20170620","2017-06-20T16:46Z",40,"2017-06-20T17:06:30Z",,74.20,14.98,91.76,,92.46,
"759d998f-333d-4dc9-bbb1-12c7d0c9f363","784daef3-57fb-459c-93a2-d8a362220b76","D17","BIGC","BIGC.AOS.reaeration.station.04","BIGC_S4_20170620","2017-06-20T16:46Z",838,"2017-06-20T19:19:30Z",,49.60,20.84,53.88,,54.12,
"f6f89648-645b-400c-b3b0-cd1b7503946a","784daef3-57fb-459c-93a2-d8a362220b76","D17","BIGC","BIGC.AOS.reaeration.station.04","BIGC_S4_20170620","2017-06-20T16:46Z",648,"2017-06-20T18:47:50Z",,80.20,16.19,96.43,,97.14,
"d6adfd7f-7299-442b-89ae-3cd7b0a63386","784daef3-57fb-459c-93a2-d8a362220b76","D17","BIGC","BIGC.AOS.reaeration.station.04","BIGC_S4_20170620","2017-06-20T16:46Z",280,"2017-06-20T17:46:30Z",,75.00,15.28,92.10,,92.80,
"8be07206-cc6c-4269-bd6a-1ae6ac5b2a7b","784daef3-57fb-459c-93a2-d8a362220b76","D17","BIGC","BIGC.AOS.reaeration.station.04","BIGC_S4_20170620","2017-06-20T16:46Z",429,"2017-06-20T18:11:20Z",,75.30,15.52,91.95,,92.64,
"88abf3cb-acc9-468b-aff2-793190967c5b","784daef3-57fb-459c-93a2-d8a362220b76","D17","BIGC","BIGC.AOS.reaeration.station.04","BIGC_S4_20170620","2017-06-20T16:46Z",433,"2017-06-20T18:12:00Z",,75.30,15.53,91.93,,92.62,
"2eb32b06-6ead-4a4b-82d8-25f38dfa74ee","784daef3-57fb-459c-93a2-d8a362220b76","D17","BIGC","BIGC.AOS.reaeration.station.04","BIGC_S4_20170620","2017-06-20T16:46Z",87,"2017-06-20T17:14:20Z",,74.60,15.02,92.17,,92.87,
"6772e57a-8f8e-43fe-a8dd-9c765f488033","784daef3-57fb-459c-93a2-d8a362220b76","D17","BIGC","BIGC.AOS.reaeration.station.04","BIGC_S4_20170620","2017-06-20T16:46Z",180,"2017-06-20T17:29:50Z",,74.60,15.11,91.97,,92.67,
"56b171f4-562e-4adb-91e9-44cc5191e5b5","784daef3-57fb-459c-93a2-d8a362220b76","D17","BIGC","BIGC.AOS.reaeration.station.04","BIGC_S4_20170620","2017-06-20T16:46Z",2,"2017-06-20T17:00:10Z",,74.20,14.95,91.83,,92.53,
"6bc9d6ee-76a7-44b8-a71d-e23761e93523","784daef3-57fb-459c-93a2-d8a362220b76","D17","BIGC","BIGC.AOS.reaeration.station.04","BIGC_S4_20170620","2017-06-20T16:46Z",362,"2017-06-20T18:00:10Z",,75.00,15.40,91.84,,92.53,
"278680c9-f3bb-471f-8d4c-0a298f8a1eb2","784daef3-57fb-459c-93a2-d8a362220b76","D17","BIGC","BIGC.AOS.reaeration.station.04","BIGC_S4_20170620","2017-06-20T16:46Z",660,"2017-06-20T18:49:50Z",,80.60,16.23,96.82,,97.53,
"98f7a6cd-f278-4a5a-8152-2bcdf97731ad","784daef3-57fb-459c-93a2-d8a362220b76","D17","BIGC","BIGC.AOS.reaeration.station.04","BIGC_S4_20170620","2017-06-20T16:46Z",264,"2017-06-20T17:43:50Z",,74.60,15.24,91.69,,92.39,
"7081bc6d-5ef6-4657-ace3-1096c87ec75e","784daef3-57fb-459c-93a2-d8a362220b76","D17","BIGC","BIGC.AOS.reaeration.station.04","BIGC_S4_20170620","2017-06-20T16:46Z",606,"2017-06-20T18:40:50Z",,79.90,16.03,96.42,,97.13,
"f791e1f8-7e62-44d4-9c9f-28bc330a8f59","784daef3-57fb-459c-93a2-d8a362220b76","D17","BIGC","BIGC.AOS.reaeration.station.04","BIGC_S4_20170620","2017-06-20T16:46Z",521,"2017-06-20T18:26:40Z",,78.00,15.76,94.72,,95.43,
"7183fd45-cbe5-4710-bb1f-e6ef4df0f75c","784daef3-57fb-459c-93a2-d8a362220b76","D17","BIGC","BIGC.AOS.reaeration.station.04","BIGC_S4_20170620","2017-06-20T16:46Z",528,"2017-06-20T18:27:50Z",,78.80,15.78,95.64,,96.36,
"f590261b-7e76-45f6-90f6-7c7096ba8467","784daef3-57fb-459c-93a2-d8a362220b76","D17","BIGC","BIGC.AOS.reaeration.station.04","BIGC_S4_20170620","2017-06-20T16:46Z",239,"2017-06-20T17:39:40Z",,74.60,15.21,91.76,,92.46,
"08eb8034-efae-4d40-a0bc-3d0b054a8617","784daef3-57fb-459c-93a2-d8a362220b76","D17","BIGC","BIGC.AOS.reaeration.station.04","BIGC_S4_20170620","2017-06-20T16:46Z",618,"2017-06-20T18:42:50Z",,80.30,16.07,96.81,,97.53,
"31427439-cd86-48a7-83fb-2c89bd1731c3","784daef3-57fb-459c-93a2-d8a362220b76","D17","BIGC","BIGC.AOS.reaeration.station.04","BIGC_S4_20170620","2017-06-20T16:46Z",529,"2017-06-20T18:28:00Z",,78.80,15.78,95.64,,96.36,
"4f79d64a-49eb-4235-9c80-1f665cba191a","784daef3-57fb-459c-93a2-d8a362220b76","D17","BIGC","BIGC.AOS.reaeration.station.04","BIGC_S4_20170620","2017-06-20T16:46Z",33,"2017-06-20T17:05:20Z",,74.20,14.96,91.80,,92.51,
"491aab61-4b9f-440c-9ce2-711887d1b69a","784daef3-57fb-459c-93a2-d8a362220b76","D17","BIGC","BIGC.AOS.reaeration.station.04","BIGC_S4_20170620","2017-06-20T16:46Z",691,"2017-06-20T18:55:00Z",,81.00,16.34,97.05,,97.76,
"51978ef1-35d4-4cd8-b01f-212d463d9d2c","784daef3-57fb-459c-93a2-d8a362220b76","D17","BIGC","BIGC.AOS.reaeration.station.04","BIGC_S4_20170620","2017-06-20T16:46Z",849,"2017-06-20T19:21:20Z",,50.70,21.69,54.12,,54.32,
"59c80491-50f8-45b9-88e4-8374bd635267","784daef3-57fb-459c-93a2-d8a362220b76","D17","BIGC","BIGC.AOS.reaeration.station.04","BIGC_S4_20170620","2017-06-20T16:46Z",485,"2017-06-20T18:20:40Z",,75.30,15.65,91.67,,92.36,
"68eb8432-8ccb-462b-9ba5-d13743f3711b","784daef3-57fb-459c-93a2-d8a362220b76","D17","BIGC","BIGC.AOS.reaeration.station.04","BIGC_S4_20170620","2017-06-20T16:46Z",160,"2017-06-20T17:26:30Z",,74.60,15.10,92.00,,92.70,
"654711e8-aa39-4dea-bc2b-d602740fb019","784daef3-57fb-459c-93a2-d8a362220b76","D17","BIGC","BIGC.AOS.reaeration.station.04","BIGC_S4_20170620","2017-06-20T16:46Z",665,"2017-06-20T18:50:40Z",,80.60,16.26,96.75,,97.46,
"b9caaa25-a235-48bb-8384-c48101061031","784daef3-57fb-459c-93a2-d8a362220b76","D17","BIGC","BIGC.AOS.reaeration.station.04","BIGC_S4_20170620","2017-06-20T16:46Z",407,"2017-06-20T18:07:40Z",,75.40,15.48,92.16,,92.85,
"cf858fdf-71ce-452f-aa09-e411b8e8214a","784daef3-57fb-459c-93a2-d8a362220b76","D17","BIGC","BIGC.AOS.reaeration.station.04","BIGC_S4_20170620","2017-06-20T16:46Z",743,"2017-06-20T19:03:40Z",,81.00,16.56,96.57,,97.27,
"8bf6ec4c-679d-4fa6-9f2d-5507a38ef153","784daef3-57fb-459c-93a2-d8a362220b76","D17","BIGC","BIGC.AOS.reaeration.station.04","BIGC_S4_20170620","2017-06-20T16:46Z",858,"2017-06-20T19:22:30Z",,159.40,22.93,165.96,,166.36,
"3eea576e-3279-4a2a-8d0b-f62ba3248c04","784daef3-57fb-459c-93a2-d8a362220b76","D17","BIGC","BIGC.AOS.reaeration.station.04","BIGC_S4_20170620","2017-06-20T16:46Z",745,"2017-06-20T19:04:00Z",,81.00,16.56,96.57,,97.27,
"ba16230a-f177-4f87-9959-8e23a87090b3","784daef3-57fb-459c-93a2-d8a362220b76","D17","BIGC","BIGC.AOS.reaeration.station.04","BIGC_S4_20170620","2017-06-20T16:46Z",254,"2017-06-20T17:42:10Z",,75.00,15.22,92.23,,92.93,
"dbc4c8f0-c36c-41bb-a290-682094fe86d2","784daef3-57fb-459c-93a2-d8a362220b76","D17","BIGC","BIGC.AOS.reaeration.station.04","BIGC_S4_20170620","2017-06-20T16:46Z",796,"2017-06-20T19:12:30Z",,81.30,16.77,96.46,,97.15,
"e9b0c4a7-44a2-4ed8-b34a-d54dc185adba","784daef3-57fb-459c-93a2-d8a362220b76","D17","BIGC","BIGC.AOS.reaeration.station.04","BIGC_S4_20170620","2017-06-20T16:46Z",196,"2017-06-20T17:32:30Z",,74.60,15.14,91.91,,92.61,
"91789d23-7914-48a4-83ee-a74605ad1064","784daef3-57fb-459c-93a2-d8a362220b76","D17","BIGC","BIGC.AOS.reaeration.station.04","BIGC_S4_20170620","2017-06-20T16:46Z",89,"2017-06-20T17:14:40Z",,74.20,15.02,91.67,,92.37,
"c53e5471-0db2-40dd-8122-df5b2edaaa9a","784daef3-57fb-459c-93a2-d8a362220b76","D17","BIGC","BIGC.AOS.reaeration.station.04","BIGC_S4_20170620","2017-06-20T16:46Z",702,"2017-06-20T18:56:50Z",,80.60,16.40,96.44,,97.15,
"c1bad10a-91cb-4e5d-9087-e1fe19717540","784daef3-57fb-459c-93a2-d8a362220b76","D17","BIGC","BIGC.AOS.reaeration.station.04","BIGC_S4_20170620","2017-06-20T16:46Z",445,"2017-06-20T18:14:00Z",,75.30,15.57,91.84,,92.53,
"3424ca4f-0d27-4e54-ba66-2dc1c94951d1","784daef3-57fb-459c-93a2-d8a362220b76","D17","BIGC","BIGC.AOS.reaeration.station.04","BIGC_S4_20170620","2017-06-20T16:46Z",818,"2017-06-20T19:16:10Z",,47.40,19.12,53.40,,53.71,
"e445f53c-9e62-4484-a3e6-4b4dee6122fa","784daef3-57fb-459c-93a2-d8a362220b76","D17","BIGC","BIGC.AOS.reaeration.station.04","BIGC_S4_20170620","2017-06-20T16:46Z",358,"2017-06-20T17:59:30Z",,75.00,15.39,91.86,,92.56,
"aa4b187c-f5f6-4c76-8d76-3f596a541184","784daef3-57fb-459c-93a2-d8a362220b76","D17","BIGC","BIGC.AOS.reaeration.station.04","BIGC_S4_20170620","2017-06-20T16:46Z",677,"2017-06-20T18:52:40Z",,80.60,16.29,96.68,,97.39,
"de2db4bb-6e7c-4cf9-b6f4-e2bb3d1e2b43","784daef3-57fb-459c-93a2-d8a362220b76","D17","BIGC","BIGC.AOS.reaeration.station.04","BIGC_S4_20170620","2017-06-20T16:46Z",597,"2017-06-20T18:39:20Z",,79.90,16.00,96.49,,97.20,
"16b7e141-d413-4b45-8fd9-1c119fd4567e","784daef3-57fb-459c-93a2-d8a362220b76","D17","BIGC","BIGC.AOS.reaeration.station.04","BIGC_S4_20170620","2017-06-20T16:46Z",467,"2017-06-20T18:17:40Z",,75.30,15.61,91.76,,92.45,
"a6272551-9206-498b-9742-169f244d2d54","784daef3-57fb-459c-93a2-d8a362220b76","D17","BIGC","BIGC.AOS.reaeration.station.04","BIGC_S4_20170620","2017-06-20T16:46Z",192,"2017-06-20T17:31:50Z",,74.60,15.14,91.91,,92.61,
"72c6820d-7f35-4484-991c-7bb44fbed46d","784daef3-57fb-459c-93a2-d8a362220b76","D17","BIGC","BIGC.AOS.reaeration.station.04","BIGC_S4_20170620","2017-06-20T16:46Z",484,"2017-06-20T18:20:30Z",,75.70,15.65,92.16,,92.85,
"79b9a501-14d7-4a08-80e6-a655ab6a73a4","784daef3-57fb-459c-93a2-d8a362220b76","D17","BIGC","BIGC.AOS.reaeration.station.04","BIGC_S4_20170620","2017-06-20T16:46Z",649,"2017-06-20T18:48:00Z",,80.20,16.19,96.43,,97.14,
"be192218-c67d-477d-9f2a-d00205b338af","784daef3-57fb-459c-93a2-d8a362220b76","D17","BIGC","BIGC.AOS.reaeration.station.04","BIGC_S4_20170620","2017-06-20T16:46Z",154,"2017-06-20T17:25:30Z",,74.60,15.08,92.04,,92.74,
"669fb62b-86e3-45a8-8c1e-fc03d9e66315","784daef3-57fb-459c-93a2-d8a362220b76","D17","BIGC","BIGC.AOS.reaeration.station.04","BIGC_S4_20170620","2017-06-20T16:46Z",478,"2017-06-20T18:19:30Z",,75.70,15.63,92.20,,92.89,
"8575b62b-f444-4d20-a515-8bf0a4aa2a8e","784daef3-57fb-459c-93a2-d8a362220b76","D17","BIGC","BIGC.AOS.reaeration.station.04","BIGC_S4_20170620","2017-06-20T16:46Z",139,"2017-06-20T17:23:00Z",,74.20,15.08,91.55,,92.24,
"e2ca3220-0b44-4d6a-8e68-47cd509962ef","784daef3-57fb-459c-93a2-d8a362220b76","D17","BIGC","BIGC.AOS.reaeration.station.04","BIGC_S4_20170620","2017-06-20T16:46Z",270,"2017-06-20T17:44:50Z",,74.60,15.24,91.69,,92.39,
"c5575e7b-b12f-4ec8-8310-0dbf1a88f9f4","784daef3-57fb-459c-93a2-d8a362220b76","D17","BIGC","BIGC.AOS.reaeration.station.04","BIGC_S4_20170620","2017-06-20T16:46Z",374,"2017-06-20T18:02:10Z",,75.00,15.42,91.80,,92.49,
"2080a3b3-6770-4054-833a-6c2a39175963","784daef3-57fb-459c-93a2-d8a362220b76","D17","BIGC","BIGC.AOS.reaeration.station.04","BIGC_S4_20170620","2017-06-20T16:46Z",436,"2017-06-20T18:12:30Z",,75.30,15.54,91.91,,92.60,
"b332815f-3772-49b6-8ba2-95c87f7bb556","784daef3-57fb-459c-93a2-d8a362220b76","D17","BIGC","BIGC.AOS.reaeration.station.04","BIGC_S4_20170620","2017-06-20T16:46Z",293,"2017-06-20T17:48:40Z",,74.60,15.29,91.59,,92.28,
"73457968-3ac2-403c-aa95-89a986735ab3","784daef3-57fb-459c-93a2-d8a362220b76","D17","BIGC","BIGC.AOS.reaeration.station.04","BIGC_S4_20170620","2017-06-20T16:46Z",28,"2017-06-20T17:04:30Z",,74.20,14.96,91.80,,92.51,
"a9f62d31-86c9-4bed-a199-682f503f084d","784daef3-57fb-459c-93a2-d8a362220b76","D17","BIGC","BIGC.AOS.reaeration.station.04","BIGC_S4_20170620","2017-06-20T16:46Z",50,"2017-06-20T17:08:10Z",,74.60,14.98,92.26,,92.96,
"96c0c662-4416-43fc-bba5-cf7da801b838","784daef3-57fb-459c-93a2-d8a362220b76","D17","BIGC","BIGC.AOS.reaeration.station.04","BIGC_S4_20170620","2017-06-20T16:46Z",167,"2017-06-20T17:27:40Z",,74.60,15.11,91.97,,92.67,
"2d41f4c3-646d-4714-a3de-67719aa10628","784daef3-57fb-459c-93a2-d8a362220b76","D17","BIGC","BIGC.AOS.reaeration.station.04","BIGC_S4_20170620","2017-06-20T16:46Z",88,"2017-06-20T17:14:30Z",,74.60,15.01,92.19,,92.89,
"20e6067f-f519-42e8-8bdd-b98d4c0f2850","784daef3-57fb-459c-93a2-d8a362220b76","D17","BIGC","BIGC.AOS.reaeration.station.04","BIGC_S4_20170620","2017-06-20T16:46Z",833,"2017-06-20T19:18:40Z",,48.50,20.10,53.51,,53.78,
"205d7c38-03ce-410d-9f4e-c9927c03adea","784daef3-57fb-459c-93a2-d8a362220b76","D17","BIGC","BIGC.AOS.reaeration.station.04","BIGC_S4_20170620","2017-06-20T16:46Z",764,"2017-06-20T19:07:10Z",,81.40,16.64,96.87,,97.57,
"07ae729f-a623-4242-9721-ae6717e8f854","784daef3-57fb-459c-93a2-d8a362220b76","D17","BIGC","BIGC.AOS.reaeration.station.04","BIGC_S4_20170620","2017-06-20T16:46Z",227,"2017-06-20T17:37:40Z",,74.60,15.19,91.80,,92.50,
"f442f8ed-c566-4b76-9cf7-4e3a11686486","784daef3-57fb-459c-93a2-d8a362220b76","D17","BIGC","BIGC.AOS.reaeration.station.04","BIGC_S4_20170620","2017-06-20T16:46Z",136,"2017-06-20T17:22:30Z",,74.60,15.07,92.06,,92.76,
"402452f9-8f6d-4801-bfe3-f25cece2f4cd","784daef3-57fb-459c-93a2-d8a362220b76","D17","BIGC","BIGC.AOS.reaeration.station.04","BIGC_S4_20170620","2017-06-20T16:46Z",591,"2017-06-20T18:38:20Z",,79.90,15.97,96.55,,97.27,
"d9c015dd-05a4-470c-8b4c-ad4f3362042a","784daef3-57fb-459c-93a2-d8a362220b76","D17","BIGC","BIGC.AOS.reaeration.station.04","BIGC_S4_20170620","2017-06-20T16:46Z",699,"2017-06-20T18:56:20Z",,81.00,16.38,96.96,,97.67,
"1c34c497-6175-40e1-b585-e23a43249681","784daef3-57fb-459c-93a2-d8a362220b76","D17","BIGC","BIGC.AOS.reaeration.station.04","BIGC_S4_20170620","2017-06-20T16:46Z",266,"2017-06-20T17:44:10Z",,74.60,15.24,91.69,,92.39,
"f2da63d4-ee5c-4e56-9ec6-63e577a11061","784daef3-57fb-459c-93a2-d8a362220b76","D17","BIGC","BIGC.AOS.reaeration.station.04","BIGC_S4_20170620","2017-06-20T16:46Z",269,"2017-06-20T17:44:40Z",,74.60,15.23,91.71,,92.41,
"a8d1c52c-ff9c-4f94-b7f5-fa22f31e3c9d","784daef3-57fb-459c-93a2-d8a362220b76","D17","BIGC","BIGC.AOS.reaeration.station.04","BIGC_S4_20170620","2017-06-20T16:46Z",49,"2017-06-20T17:08:00Z",,74.20,14.98,91.76,,92.46,
"56b04e4b-6248-482d-9502-d7f62c31f515","784daef3-57fb-459c-93a2-d8a362220b76","D17","BIGC","BIGC.AOS.reaeration.station.04","BIGC_S4_20170620","2017-06-20T16:46Z",643,"2017-06-20T18:47:00Z",,80.20,16.16,96.49,,97.20,
"5cb09954-23f9-4dd7-bafc-e4e352f64dfc","784daef3-57fb-459c-93a2-d8a362220b76","D17","BIGC","BIGC.AOS.reaeration.station.04","BIGC_S4_20170620","2017-06-20T16:46Z",15,"2017-06-20T17:02:20Z",,74.20,14.96,91.80,,92.51,
"ba907bf8-639c-43aa-b5f1-7212fc051731","784daef3-57fb-459c-93a2-d8a362220b76","D17","BIGC","BIGC.AOS.reaeration.station.04","BIGC_S4_20170620","2017-06-20T16:46Z",336,"2017-06-20T17:55:50Z",,75.00,15.36,91.93,,92.62,
"c014829b-5214-44ef-991d-1d28a7db95fa","784daef3-57fb-459c-93a2-d8a362220b76","D17","BIGC","BIGC.AOS.reaeration.station.04","BIGC_S4_20170620","2017-06-20T16:46Z",517,"2017-06-20T18:26:00Z",,77.60,15.75,94.25,,94.96,
"86cc7c43-d126-47b4-997f-7a3a9088501c","784daef3-57fb-459c-93a2-d8a362220b76","D17","BIGC","BIGC.AOS.reaeration.station.04","BIGC_S4_20170620","2017-06-20T16:46Z",808,"2017-06-20T19:14:30Z",,46.30,18.38,53.00,,53.34,
"ae7def0f-98b8-49c0-b659-7a8c98df5064","784daef3-57fb-459c-93a2-d8a362220b76","D17","BIGC","BIGC.AOS.reaeration.station.04","BIGC_S4_20170620","2017-06-20T16:46Z",129,"2017-06-20T17:21:20Z",,74.60,15.05,92.10,,92.81,
"2f7e8f09-d8e4-4357-96f4-d3947c2ad6bc","784daef3-57fb-459c-93a2-d8a362220b76","D17","BIGC","BIGC.AOS.reaeration.station.04","BIGC_S4_20170620","2017-06-20T16:46Z",130,"2017-06-20T17:21:30Z",,74.20,15.05,91.61,,92.31,
"61c309db-77e3-48b0-811a-da7937670391","784daef3-57fb-459c-93a2-d8a362220b76","D17","BIGC","BIGC.AOS.reaeration.station.04","BIGC_S4_20170620","2017-06-20T16:46Z",397,"2017-06-20T18:06:00Z",,75.40,15.46,92.20,,92.90,
"a2a53c4b-8d12-4d7f-8450-6f26d700f737","784daef3-57fb-459c-93a2-d8a362220b76","D17","BIGC","BIGC.AOS.reaeration.station.04","BIGC_S4_20170620","2017-06-20T16:46Z",405,"2017-06-20T18:07:20Z",,75.40,15.47,92.18,,92.88,
"1ac2e8ef-9c36-48b3-ae25-753765c426ed","784daef3-57fb-459c-93a2-d8a362220b76","D17","BIGC","BIGC.AOS.reaeration.station.04","BIGC_S4_20170620","2017-06-20T16:46Z",56,"2017-06-20T17:09:10Z",,74.20,14.98,91.76,,92.46,
"6ab9af62-d1ce-4bc3-81cc-a7a2bf468a3e","784daef3-57fb-459c-93a2-d8a362220b76","D17","BIGC","BIGC.AOS.reaeration.station.04","BIGC_S4_20170620","2017-06-20T16:46Z",590,"2017-06-20T18:38:10Z",,79.90,15.98,96.53,,97.25,
"9583eeda-c400-44af-90d4-b1894f93561e","784daef3-57fb-459c-93a2-d8a362220b76","D17","BIGC","BIGC.AOS.reaeration.station.04","BIGC_S4_20170620","2017-06-20T16:46Z",571,"2017-06-20T18:35:00Z",,79.90,15.91,96.69,,97.41,
"b10b0777-c5c5-42d8-80c2-d11bee31463d","784daef3-57fb-459c-93a2-d8a362220b76","D17","BIGC","BIGC.AOS.reaeration.station.04","BIGC_S4_20170620","2017-06-20T16:46Z",104,"2017-06-20T17:17:10Z",,74.20,15.03,91.65,,92.35,
"20d82cab-e272-45d6-b4ec-2664137ff30d","784daef3-57fb-459c-93a2-d8a362220b76","D17","BIGC","BIGC.AOS.reaeration.station.04","BIGC_S4_20170620","2017-06-20T16:46Z",489,"2017-06-20T18:21:20Z",,75.70,15.65,92.16,,92.85,
"dd127449-84fe-4736-8cbd-1333ec20081f","784daef3-57fb-459c-93a2-d8a362220b76","D17","BIGC","BIGC.AOS.reaeration.station.04","BIGC_S4_20170620","2017-06-20T16:46Z",549,"2017-06-20T18:31:20Z",,79.50,15.84,96.36,,97.08,
"f661eafd-c644-49e6-9b95-348633f19e14","784daef3-57fb-459c-93a2-d8a362220b76","D17","BIGC","BIGC.AOS.reaeration.station.04","BIGC_S4_20170620","2017-06-20T16:46Z",340,"2017-06-20T17:56:30Z",,75.00,15.36,91.93,,92.62,
"d21f1d73-6668-47d8-9c84-65c5f14cd742","784daef3-57fb-459c-93a2-d8a362220b76","D17","BIGC","BIGC.AOS.reaeration.station.04","BIGC_S4_20170620","2017-06-20T16:46Z",722,"2017-06-20T19:00:10Z",,81.00,16.47,96.77,,97.47,
"44208a15-c68c-4021-a718-3fec81c0b5e7","784daef3-57fb-459c-93a2-d8a362220b76","D17","BIGC","BIGC.AOS.reaeration.station.04","BIGC_S4_20170620","2017-06-20T16:46Z",798,"2017-06-20T19:12:50Z",,81.30,16.78,96.44,,97.13,
"a8f9e38b-4ab4-4c46-8430-46997f5f2761","784daef3-57fb-459c-93a2-d8a362220b76","D17","BIGC","BIGC.AOS.reaeration.station.04","BIGC_S4_20170620","2017-06-20T16:46Z",817,"2017-06-20T19:16:00Z",,47.40,19.06,53.47,,53.78,
"9ab0478f-4341-4634-9d8f-9e0e324c3647","784daef3-57fb-459c-93a2-d8a362220b76","D17","BIGC","BIGC.AOS.reaeration.station.04","BIGC_S4_20170620","2017-06-20T16:46Z",132,"2017-06-20T17:21:50Z",,74.60,15.05,92.10,,92.81,
"0fe67fc1-ed69-4710-a6cb-0f06dea19dcb","784daef3-57fb-459c-93a2-d8a362220b76","D17","BIGC","BIGC.AOS.reaeration.station.04","BIGC_S4_20170620","2017-06-20T16:46Z",596,"2017-06-20T18:39:10Z",,79.90,16.00,96.49,,97.20,
"181b899c-a022-4217-92a1-ed71aad710b7","784daef3-57fb-459c-93a2-d8a362220b76","D17","BIGC","BIGC.AOS.reaeration.station.04","BIGC_S4_20170620","2017-06-20T16:46Z",542,"2017-06-20T18:30:10Z",,79.50,15.82,96.40,,97.12,
"6846cbff-af1e-4da5-af6e-5bc3fd1f3611","784daef3-57fb-459c-93a2-d8a362220b76","D17","BIGC","BIGC.AOS.reaeration.station.04","BIGC_S4_20170620","2017-06-20T16:46Z",351,"2017-06-20T17:58:20Z",,75.00,15.38,91.88,,92.58,
"69f075d5-cda7-4815-8082-3071592894d0","784daef3-57fb-459c-93a2-d8a362220b76","D17","BIGC","BIGC.AOS.reaeration.station.04","BIGC_S4_20170620","2017-06-20T16:46Z",348,"2017-06-20T17:57:50Z",,75.00,15.36,91.93,,92.62,
"78fb321b-0cfd-4894-b3af-e9d6914ea103","784daef3-57fb-459c-93a2-d8a362220b76","D17","BIGC","BIGC.AOS.reaeration.station.04","BIGC_S4_20170620","2017-06-20T16:46Z",162,"2017-06-20T17:26:50Z",,74.20,15.10,91.50,,92.20,
"25fe14d1-02a1-4402-97d1-517e020af465","784daef3-57fb-459c-93a2-d8a362220b76","D17","BIGC","BIGC.AOS.reaeration.station.04","BIGC_S4_20170620","2017-06-20T16:46Z",586,"2017-06-20T18:37:30Z",,79.90,15.96,96.58,,97.29,
"898e0096-7b69-4e7d-85b4-eeb5b94afedc","784daef3-57fb-459c-93a2-d8a362220b76","D17","BIGC","BIGC.AOS.reaeration.station.04","BIGC_S4_20170620","2017-06-20T16:46Z",142,"2017-06-20T17:23:30Z",,74.60,15.10,92.00,,92.70,
"29e689bb-3d85-4325-bd91-a16dfbbe92ee","784daef3-57fb-459c-93a2-d8a362220b76","D17","BIGC","BIGC.AOS.reaeration.station.04","BIGC_S4_20170620","2017-06-20T16:46Z",550,"2017-06-20T18:31:30Z",,79.50,15.84,96.36,,97.08,
"02de7037-f5a1-4652-8c4d-6fed9e8c0762","784daef3-57fb-459c-93a2-d8a362220b76","D17","BIGC","BIGC.AOS.reaeration.station.04","BIGC_S4_20170620","2017-06-20T16:46Z",17,"2017-06-20T17:02:40Z",,74.20,14.95,91.83,,92.53,
"07218cec-63e9-48c4-83de-1b2178b04182","784daef3-57fb-459c-93a2-d8a362220b76","D17","BIGC","BIGC.AOS.reaeration.station.04","BIGC_S4_20170620","2017-06-20T16:46Z",145,"2017-06-20T17:24:00Z",,74.60,15.10,92.00,,92.70,
"4abf9f90-61b2-4a92-858f-8fd5b056d130","784daef3-57fb-459c-93a2-d8a362220b76","D17","BIGC","BIGC.AOS.reaeration.station.04","BIGC_S4_20170620","2017-06-20T16:46Z",842,"2017-06-20T19:20:10Z",,50.30,21.16,54.28,,54.51,
"1aec7780-3d0b-42a9-8398-55412033465a","784daef3-57fb-459c-93a2-d8a362220b76","D17","BIGC","BIGC.AOS.reaeration.station.04","BIGC_S4_20170620","2017-06-20T16:46Z",683,"2017-06-20T18:53:40Z",,80.60,16.31,96.64,,97.35,
"8369d66d-afbc-4173-8418-451c63c4e88e","784daef3-57fb-459c-93a2-d8a362220b76","D17","BIGC","BIGC.AOS.reaeration.station.04","BIGC_S4_20170620","2017-06-20T16:46Z",390,"2017-06-20T18:04:50Z",,75.40,15.45,92.22,,92.92,
"8cc6a9e8-3dd2-4848-85f4-6a98fdc4c445","784daef3-57fb-459c-93a2-d8a362220b76","D17","BIGC","BIGC.AOS.reaeration.station.04","BIGC_S4_20170620","2017-06-20T16:46Z",620,"2017-06-20T18:43:10Z",,79.90,16.08,96.31,,97.02,
"66a32344-aca7-4943-aa9b-09c199ad5b51","784daef3-57fb-459c-93a2-d8a362220b76","D17","BIGC","BIGC.AOS.reaeration.station.04","BIGC_S4_20170620","2017-06-20T16:46Z",19,"2017-06-20T17:03:00Z",,74.20,14.95,91.83,,92.53,
"522b3d2f-c49a-4455-9b97-ab55a1bfc8af","784daef3-57fb-459c-93a2-d8a362220b76","D17","BIGC","BIGC.AOS.reaeration.station.04","BIGC_S4_20170620","2017-06-20T16:46Z",533,"2017-06-20T18:28:40Z",,79.10,15.79,95.98,,96.70,
"5b03561d-76e2-4c77-955d-f811f5786825","784daef3-57fb-459c-93a2-d8a362220b76","D17","BIGC","BIGC.AOS.reaeration.station.04","BIGC_S4_20170620","2017-06-20T16:46Z",716,"2017-06-20T18:59:10Z",,81.00,16.45,96.81,,97.51,
"67e68a81-535c-43a1-8612-3de37497f1fa","784daef3-57fb-459c-93a2-d8a362220b76","D17","BIGC","BIGC.AOS.reaeration.station.04","BIGC_S4_20170620","2017-06-20T16:46Z",584,"2017-06-20T18:37:10Z",,79.90,15.95,96.60,,97.32,
"ee1e7964-2906-4f5a-ac48-4a609380f349","784daef3-57fb-459c-93a2-d8a362220b76","D17","BIGC","BIGC.AOS.reaeration.station.04","BIGC_S4_20170620","2017-06-20T16:46Z",736,"2017-06-20T19:02:30Z",,81.40,16.52,97.13,,97.84,
"b80c5eb8-01b2-498c-b82d-ebd3ed58874d","784daef3-57fb-459c-93a2-d8a362220b76","D17","BIGC","BIGC.AOS.reaeration.station.04","BIGC_S4_20170620","2017-06-20T16:46Z",185,"2017-06-20T17:30:40Z",,74.60,15.13,91.93,,92.63,
"9392bdd8-4bc0-4169-8e0c-ea288e12cfb7","784daef3-57fb-459c-93a2-d8a362220b76","D17","BIGC","BIGC.AOS.reaeration.station.04","BIGC_S4_20170620","2017-06-20T16:46Z",58,"2017-06-20T17:09:30Z",,74.20,14.98,91.76,,92.46,
"3d041ac1-32ac-4f0b-8806-f527796eddbd","784daef3-57fb-459c-93a2-d8a362220b76","D17","BIGC","BIGC.AOS.reaeration.station.04","BIGC_S4_20170620","2017-06-20T16:46Z",827,"2017-06-20T19:17:40Z",,48.10,19.86,53.34,,53.62,
"0e0adcd7-285a-4005-bc2d-f19461ca0f2f","784daef3-57fb-459c-93a2-d8a362220b76","D17","BIGC","BIGC.AOS.reaeration.station.04","BIGC_S4_20170620","2017-06-20T16:46Z",627,"2017-06-20T18:44:20Z",,80.30,16.12,96.70,,97.42,
"53627b56-fbc5-49fe-b905-4834f4634cf4","784daef3-57fb-459c-93a2-d8a362220b76","D17","BIGC","BIGC.AOS.reaeration.station.04","BIGC_S4_20170620","2017-06-20T16:46Z",512,"2017-06-20T18:25:10Z",,77.60,15.73,94.30,,95.00,
"e3601613-9ff3-4467-8119-8236ef62f62f","784daef3-57fb-459c-93a2-d8a362220b76","D17","BIGC","BIGC.AOS.reaeration.station.04","BIGC_S4_20170620","2017-06-20T16:46Z",425,"2017-06-20T18:10:40Z",,75.30,15.52,91.95,,92.64,
"8cc5bc9b-634d-4ace-9cf5-754de1822841","784daef3-57fb-459c-93a2-d8a362220b76","D17","BIGC","BIGC.AOS.reaeration.station.04","BIGC_S4_20170620","2017-06-20T16:46Z",477,"2017-06-20T18:19:20Z",,75.30,15.63,91.71,,92.40,
"e53b1986-1af5-4fd6-a098-f48e799ca2ee","784daef3-57fb-459c-93a2-d8a362220b76","D17","BIGC","BIGC.AOS.reaeration.station.04","BIGC_S4_20170620","2017-06-20T16:46Z",347,"2017-06-20T17:57:40Z",,75.00,15.36,91.93,,92.62,
"414c7fc8-e360-495a-a7c1-d9b0eafdb612","784daef3-57fb-459c-93a2-d8a362220b76","D17","BIGC","BIGC.AOS.reaeration.station.04","BIGC_S4_20170620","2017-06-20T16:46Z",654,"2017-06-20T18:48:50Z",,80.60,16.21,96.86,,97.57,
"ccceb17f-745e-4f4d-a610-9a793d3e3e65","784daef3-57fb-459c-93a2-d8a362220b76","D17","BIGC","BIGC.AOS.reaeration.station.04","BIGC_S4_20170620","2017-06-20T16:46Z",391,"2017-06-20T18:05:00Z",,75.40,15.45,92.22,,92.92,
"24dd6ca5-176d-4a86-9b32-d3fba18020c5","784daef3-57fb-459c-93a2-d8a362220b76","D17","BIGC","BIGC.AOS.reaeration.station.04","BIGC_S4_20170620","2017-06-20T16:46Z",765,"2017-06-20T19:07:20Z",,81.70,16.65,97.20,,97.90,
"210a6cab-9e17-4c91-9db0-95157b44d806","784daef3-57fb-459c-93a2-d8a362220b76","D17","BIGC","BIGC.AOS.reaeration.station.04","BIGC_S4_20170620","2017-06-20T16:46Z",847,"2017-06-20T19:21:00Z",,50.70,21.55,54.28,,54.48,
"bdf86011-2a45-40fa-a165-fd9d57833bf3","784daef3-57fb-459c-93a2-d8a362220b76","D17","BIGC","BIGC.AOS.reaeration.station.04","BIGC_S4_20170620","2017-06-20T16:46Z",412,"2017-06-20T18:08:30Z",,75.40,15.50,92.11,,92.81,
"a4a4bc2f-83f6-4e57-8637-bc5a83d85089","784daef3-57fb-459c-93a2-d8a362220b76","D17","BIGC","BIGC.AOS.reaeration.station.04","BIGC_S4_20170620","2017-06-20T16:46Z",78,"2017-06-20T17:12:50Z",,74.60,15.01,92.19,,92.89,
"287f9630-fd14-4031-ae58-84ddec83b505","784daef3-57fb-459c-93a2-d8a362220b76","D17","BIGC","BIGC.AOS.reaeration.station.04","BIGC_S4_20170620","2017-06-20T16:46Z",245,"2017-06-20T17:40:40Z",,74.60,15.20,91.78,,92.48,
"975f162b-6326-44c8-96c7-e970d3bbf795","784daef3-57fb-459c-93a2-d8a362220b76","D17","BIGC","BIGC.AOS.reaeration.station.04","BIGC_S4_20170620","2017-06-20T16:46Z",163,"2017-06-20T17:27:00Z",,74.60,15.11,91.97,,92.67,
"35ecae58-3362-41ad-b8de-10d21fe7bd75","784daef3-57fb-459c-93a2-d8a362220b76","D17","BIGC","BIGC.AOS.reaeration.station.04","BIGC_S4_20170620","2017-06-20T16:46Z",603,"2017-06-20T18:40:20Z",,79.90,16.02,96.44,,97.16,
"12d51a7e-2445-4302-aeef-9a67d2f147d2","784daef3-57fb-459c-93a2-d8a362220b76","D17","BIGC","BIGC.AOS.reaeration.station.04","BIGC_S4_20170620","2017-06-20T16:46Z",305,"2017-06-20T17:50:40Z",,75.00,15.29,92.08,,92.78,
"38b3d745-b33f-4098-a630-1316dcf57be3","784daef3-57fb-459c-93a2-d8a362220b76","D17","BIGC","BIGC.AOS.reaeration.station.04","BIGC_S4_20170620","2017-06-20T16:46Z",109,"2017-06-20T17:18:00Z",,74.60,15.04,92.13,,92.83,
"5e0486ca-5cac-40b2-8825-a57d0dcee46e","784daef3-57fb-459c-93a2-d8a362220b76","D17","BIGC","BIGC.AOS.reaeration.station.04","BIGC_S4_20170620","2017-06-20T16:46Z",187,"2017-06-20T17:31:00Z",,74.60,15.14,91.91,,92.61,
"785c7c43-a5a9-497c-adbf-4faebec464bc","784daef3-57fb-459c-93a2-d8a362220b76","D17","BIGC","BIGC.AOS.reaeration.station.04","BIGC_S4_20170620","2017-06-20T16:46Z",81,"2017-06-20T17:13:20Z",,74.60,15.01,92.19,,92.89,
"7d8dc579-46ee-4c63-94c7-604f2a74939f","784daef3-57fb-459c-93a2-d8a362220b76","D17","BIGC","BIGC.AOS.reaeration.station.04","BIGC_S4_20170620","2017-06-20T16:46Z",719,"2017-06-20T18:59:40Z",,81.00,16.46,96.79,,97.49,
"6ae32388-a5a2-4ee1-b0c9-d673c7a8977e","784daef3-57fb-459c-93a2-d8a362220b76","D17","BIGC","BIGC.AOS.reaeration.station.04","BIGC_S4_20170620","2017-06-20T16:46Z",218,"2017-06-20T17:36:10Z",,74.60,15.17,91.84,,92.54,
"431b5396-a9f3-450e-88dd-efe2092e05a2","784daef3-57fb-459c-93a2-d8a362220b76","D17","BIGC","BIGC.AOS.reaeration.station.04","BIGC_S4_20170620","2017-06-20T16:46Z",349,"2017-06-20T17:58:00Z",,75.00,15.36,91.93,,92.62,
"dbf38eb3-6326-4150-878a-99139b24c7d2","784daef3-57fb-459c-93a2-d8a362220b76","D17","BIGC","BIGC.AOS.reaeration.station.04","BIGC_S4_20170620","2017-06-20T16:46Z",211,"2017-06-20T17:35:00Z",,74.60,15.16,91.87,,92.56,
"b0290bda-71a3-4389-9a42-9a71398635f7","784daef3-57fb-459c-93a2-d8a362220b76","D17","BIGC","BIGC.AOS.reaeration.station.04","BIGC_S4_20170620","2017-06-20T16:46Z",490,"2017-06-20T18:21:30Z",,75.70,15.66,92.14,,92.83,
"b744d05e-0fcf-4f6d-9f49-eb6dd3691e4e","784daef3-57fb-459c-93a2-d8a362220b76","D17","BIGC","BIGC.AOS.reaeration.station.04","BIGC_S4_20170620","2017-06-20T16:46Z",795,"2017-06-20T19:12:20Z",,81.30,16.77,96.46,,97.15,
"f712b0e8-4b75-4338-895e-15c90e856564","784daef3-57fb-459c-93a2-d8a362220b76","D17","BIGC","BIGC.AOS.reaeration.station.04","BIGC_S4_20170620","2017-06-20T16:46Z",93,"2017-06-20T17:15:20Z",,74.60,15.03,92.15,,92.85,
"95134d20-9eb4-493f-8799-50ca69edef17","784daef3-57fb-459c-93a2-d8a362220b76","D17","BIGC","BIGC.AOS.reaeration.station.04","BIGC_S4_20170620","2017-06-20T16:46Z",693,"2017-06-20T18:55:20Z",,80.60,16.35,96.55,,97.26,
"6c32c029-f8be-4b71-b275-a94e9e16f8bd","784daef3-57fb-459c-93a2-d8a362220b76","D17","BIGC","BIGC.AOS.reaeration.station.04","BIGC_S4_20170620","2017-06-20T16:46Z",599,"2017-06-20T18:39:40Z",,79.90,16.01,96.46,,97.18,
"1fdc6799-3949-438a-aac1-2fe9a5093464","784daef3-57fb-459c-93a2-d8a362220b76","D17","BIGC","BIGC.AOS.reaeration.station.04","BIGC_S4_20170620","2017-06-20T16:46Z",807,"2017-06-20T19:14:20Z",,45.90,18.13,52.83,,53.17,
"93af8a5d-06b0-4925-ba29-012e750eda77","784daef3-57fb-459c-93a2-d8a362220b76","D17","BIGC","BIGC.AOS.reaeration.station.04","BIGC_S4_20170620","2017-06-20T16:46Z",570,"2017-06-20T18:34:50Z",,79.90,15.91,96.69,,97.41,
"cdd3fd6a-d668-4968-9ff9-214e594a3668","784daef3-57fb-459c-93a2-d8a362220b76","D17","BIGC","BIGC.AOS.reaeration.station.04","BIGC_S4_20170620","2017-06-20T16:46Z",758,"2017-06-20T19:06:10Z",,81.40,16.62,96.91,,97.61,
"5c3a424f-2c26-4a72-b21e-c60d92d28d7f","784daef3-57fb-459c-93a2-d8a362220b76","D17","BIGC","BIGC.AOS.reaeration.station.04","BIGC_S4_20170620","2017-06-20T16:46Z",655,"2017-06-20T18:49:00Z",,80.60,16.20,96.88,,97.60,
"944a9556-bb09-4495-8f56-cee89271f032","784daef3-57fb-459c-93a2-d8a362220b76","D17","BIGC","BIGC.AOS.reaeration.station.04","BIGC_S4_20170620","2017-06-20T16:46Z",611,"2017-06-20T18:41:40Z",,79.90,16.06,96.35,,97.07,
"d2a4af2a-caf1-4926-8fce-965add32a27b","784daef3-57fb-459c-93a2-d8a362220b76","D17","BIGC","BIGC.AOS.reaeration.station.04","BIGC_S4_20170620","2017-06-20T16:46Z",734,"2017-06-20T19:02:10Z",,81.40,16.52,97.13,,97.84,
"3b8a1804-1705-4908-aad1-2b99797e75ae","784daef3-57fb-459c-93a2-d8a362220b76","D17","BIGC","BIGC.AOS.reaeration.station.04","BIGC_S4_20170620","2017-06-20T16:46Z",135,"2017-06-20T17:22:20Z",,74.60,15.05,92.10,,92.81,
"f95f4b6b-b49e-48f3-a357-de6fae954be3","784daef3-57fb-459c-93a2-d8a362220b76","D17","BIGC","BIGC.AOS.reaeration.station.04","BIGC_S4_20170620","2017-06-20T16:46Z",222,"2017-06-20T17:36:50Z",,74.60,15.17,91.84,,92.54,
"e8b5ed49-df9d-47cf-894b-b6f7b22a8eed","784daef3-57fb-459c-93a2-d8a362220b76","D17","BIGC","BIGC.AOS.reaeration.station.04","BIGC_S4_20170620","2017-06-20T16:46Z",334,"2017-06-20T17:55:30Z",,75.00,15.35,91.95,,92.64,
"3bbed7f7-2c9d-4197-8dca-70adb414018f","784daef3-57fb-459c-93a2-d8a362220b76","D17","BIGC","BIGC.AOS.reaeration.station.04","BIGC_S4_20170620","2017-06-20T16:46Z",417,"2017-06-20T18:09:20Z",,75.40,15.50,92.11,,92.81,
"6507b236-cb92-4edb-a180-c6b3dd3fb2c4","784daef3-57fb-459c-93a2-d8a362220b76","D17","BIGC","BIGC.AOS.reaeration.station.04","BIGC_S4_20170620","2017-06-20T16:46Z",13,"2017-06-20T17:02:00Z",,74.20,14.95,91.83,,92.53,
"e5eae527-54f0-469a-9093-6f95c578bec5","784daef3-57fb-459c-93a2-d8a362220b76","D17","BIGC","BIGC.AOS.reaeration.station.04","BIGC_S4_20170620","2017-06-20T16:46Z",725,"2017-06-20T19:00:40Z",,81.00,16.48,96.74,,97.45,
"daec775b-f355-4086-8769-3368c4b901f0","784daef3-57fb-459c-93a2-d8a362220b76","D17","BIGC","BIGC.AOS.reaeration.station.04","BIGC_S4_20170620","2017-06-20T16:46Z",610,"2017-06-20T18:41:30Z",,80.30,16.04,96.88,,97.60,
"d085ad7f-3d90-4303-9250-9529140b1add","784daef3-57fb-459c-93a2-d8a362220b76","D17","BIGC","BIGC.AOS.reaeration.station.04","BIGC_S4_20170620","2017-06-20T16:46Z",548,"2017-06-20T18:31:10Z",,79.50,15.84,96.36,,97.08,
"731a1468-d22e-438f-83fe-763372037c03","784daef3-57fb-459c-93a2-d8a362220b76","D17","BIGC","BIGC.AOS.reaeration.station.04","BIGC_S4_20170620","2017-06-20T16:46Z",676,"2017-06-20T18:52:30Z",,81.00,16.28,97.19,,97.90,
"f207ae5c-3d31-4742-bdcc-0538b09f25ec","784daef3-57fb-459c-93a2-d8a362220b76","D17","BIGC","BIGC.AOS.reaeration.station.04","BIGC_S4_20170620","2017-06-20T16:46Z",638,"2017-06-20T18:46:10Z",,80.30,16.14,96.66,,97.37,
"605299b9-60d7-4df9-97d7-29c8550131c1","784daef3-57fb-459c-93a2-d8a362220b76","D17","BIGC","BIGC.AOS.reaeration.station.04","BIGC_S4_20170620","2017-06-20T16:46Z",629,"2017-06-20T18:44:40Z",,80.30,16.12,96.70,,97.42,
"ee54fe94-52fc-41d0-871a-33ae2860dfbe","784daef3-57fb-459c-93a2-d8a362220b76","D17","BIGC","BIGC.AOS.reaeration.station.04","BIGC_S4_20170620","2017-06-20T16:46Z",55,"2017-06-20T17:09:00Z",,74.20,14.97,91.78,,92.48,
"e912e1db-d6a4-49fd-9cc9-0f400737d9d5","784daef3-57fb-459c-93a2-d8a362220b76","D17","BIGC","BIGC.AOS.reaeration.station.04","BIGC_S4_20170620","2017-06-20T16:46Z",428,"2017-06-20T18:11:10Z",,75.30,15.52,91.95,,92.64,
"750378fe-9668-4bc6-ba53-d238b41009d1","784daef3-57fb-459c-93a2-d8a362220b76","D17","BIGC","BIGC.AOS.reaeration.station.04","BIGC_S4_20170620","2017-06-20T16:46Z",647,"2017-06-20T18:47:40Z",,80.20,16.19,96.43,,97.14,
"5f4542de-adf2-48e4-aaed-d333b657e9ec","784daef3-57fb-459c-93a2-d8a362220b76","D17","BIGC","BIGC.AOS.reaeration.station.04","BIGC_S4_20170620","2017-06-20T16:46Z",286,"2017-06-20T17:47:30Z",,75.00,15.28,92.10,,92.80,
"20b52470-ba7f-4ba3-8257-97b749e55d9f","784daef3-57fb-459c-93a2-d8a362220b76","D17","BIGC","BIGC.AOS.reaeration.station.04","BIGC_S4_20170620","2017-06-20T16:46Z",308,"2017-06-20T17:51:10Z",,75.00,15.29,92.08,,92.78,
"a00c138c-da0e-403b-97a9-15c5d9646766","784daef3-57fb-459c-93a2-d8a362220b76","D17","BIGC","BIGC.AOS.reaeration.station.04","BIGC_S4_20170620","2017-06-20T16:46Z",212,"2017-06-20T17:35:10Z",,74.60,15.17,91.84,,92.54,
"2b2e8644-ab2b-41bc-a242-6c25b58895fa","784daef3-57fb-459c-93a2-d8a362220b76","D17","BIGC","BIGC.AOS.reaeration.station.04","BIGC_S4_20170620","2017-06-20T16:46Z",472,"2017-06-20T18:18:30Z",,75.30,15.63,91.71,,92.40,
"ce08984e-18ca-4f3f-acc0-3ad87df3aaff","784daef3-57fb-459c-93a2-d8a362220b76","D17","BIGC","BIGC.AOS.reaeration.station.04","BIGC_S4_20170620","2017-06-20T16:46Z",595,"2017-06-20T18:39:00Z",,79.90,16.00,96.49,,97.20,
"103cf1a5-fe5a-49b4-96c3-1bacd0ddbb5d","784daef3-57fb-459c-93a2-d8a362220b76","D17","BIGC","BIGC.AOS.reaeration.station.04","BIGC_S4_20170620","2017-06-20T16:46Z",487,"2017-06-20T18:21:00Z",,75.30,15.65,91.67,,92.36,
"197e49b4-2920-4b03-9f5f-09fae3be47e3","784daef3-57fb-459c-93a2-d8a362220b76","D17","BIGC","BIGC.AOS.reaeration.station.04","BIGC_S4_20170620","2017-06-20T16:46Z",320,"2017-06-20T17:53:10Z",,75.00,15.32,92.01,,92.71,
"bc8548b8-cbfd-468e-a2e8-134877ffab16","784daef3-57fb-459c-93a2-d8a362220b76","D17","BIGC","BIGC.AOS.reaeration.station.04","BIGC_S4_20170620","2017-06-20T16:46Z",670,"2017-06-20T18:51:30Z",,80.60,16.27,96.73,,97.44,
"d52f86ce-d411-4445-b52e-29e774283378","784daef3-57fb-459c-93a2-d8a362220b76","D17","BIGC","BIGC.AOS.reaeration.station.04","BIGC_S4_20170620","2017-06-20T16:46Z",444,"2017-06-20T18:13:50Z",,75.00,15.55,91.52,,92.21,
"90a9c5c8-e50c-43e6-90e6-af5690134895","784daef3-57fb-459c-93a2-d8a362220b76","D17","BIGC","BIGC.AOS.reaeration.station.04","BIGC_S4_20170620","2017-06-20T16:46Z",564,"2017-06-20T18:33:50Z",,79.50,15.90,96.22,,96.94,
"db559d85-df7d-4c25-a247-06a47ef337e9","784daef3-57fb-459c-93a2-d8a362220b76","D17","BIGC","BIGC.AOS.reaeration.station.04","BIGC_S4_20170620","2017-06-20T16:46Z",301,"2017-06-20T17:50:00Z",,75.00,15.30,92.06,,92.75,
"bb4be937-72bf-457a-aa67-611fcaa5d90c","784daef3-57fb-459c-93a2-d8a362220b76","D17","BIGC","BIGC.AOS.reaeration.station.04","BIGC_S4_20170620","2017-06-20T16:46Z",762,"2017-06-20T19:06:50Z",,81.40,16.63,96.89,,97.59,
"5bc847cf-e320-4d75-91b6-ded895e2bff9","784daef3-57fb-459c-93a2-d8a362220b76","D17","BIGC","BIGC.AOS.reaeration.station.04","BIGC_S4_20170620","2017-06-20T16:46Z",681,"2017-06-20T18:53:20Z",,80.60,16.32,96.62,,97.33,
"21cc449f-8944-4405-9bea-f23a9cdfabcf","784daef3-57fb-459c-93a2-d8a362220b76","D17","BIGC","BIGC.AOS.reaeration.station.04","BIGC_S4_20170620","2017-06-20T16:46Z",231,"2017-06-20T17:38:20Z",,74.60,15.20,91.78,,92.48,
"9551caea-e5f8-495f-b0f2-672daed6bab6","784daef3-57fb-459c-93a2-d8a362220b76","D17","BIGC","BIGC.AOS.reaeration.station.04","BIGC_S4_20170620","2017-06-20T16:46Z",554,"2017-06-20T18:32:10Z",,79.50,15.86,96.31,,97.03,
"045dc484-f7c7-4ae4-bc83-62c83bd64a01","784daef3-57fb-459c-93a2-d8a362220b76","D17","BIGC","BIGC.AOS.reaeration.station.04","BIGC_S4_20170620","2017-06-20T16:46Z",125,"2017-06-20T17:20:40Z",,74.20,15.04,91.63,,92.33,
"332091ec-8cec-4e1c-89dd-e986e811761c","784daef3-57fb-459c-93a2-d8a362220b76","D17","BIGC","BIGC.AOS.reaeration.station.04","BIGC_S4_20170620","2017-06-20T16:46Z",851,"2017-06-20T19:21:40Z",,50.70,21.85,53.95,,54.13,
"6d3c9729-ec17-4c17-8ffe-4b3495958069","784daef3-57fb-459c-93a2-d8a362220b76","D17","BIGC","BIGC.AOS.reaeration.station.04","BIGC_S4_20170620","2017-06-20T16:46Z",395,"2017-06-20T18:05:40Z",,75.40,15.45,92.22,,92.92,
"78b1f3d3-15ee-4483-b844-f3229603c78c","784daef3-57fb-459c-93a2-d8a362220b76","D17","BIGC","BIGC.AOS.reaeration.station.04","BIGC_S4_20170620","2017-06-20T16:46Z",258,"2017-06-20T17:42:50Z",,74.60,15.22,91.74,,92.43,
"d989fe03-4e71-4182-b932-683930f1be2e","784daef3-57fb-459c-93a2-d8a362220b76","D17","BIGC","BIGC.AOS.reaeration.station.04","BIGC_S4_20170620","2017-06-20T16:46Z",22,"2017-06-20T17:03:30Z",,74.20,14.96,91.80,,92.51,
"264da2ca-063e-4044-bfd3-1f044f8fa2dd","784daef3-57fb-459c-93a2-d8a362220b76","D17","BIGC","BIGC.AOS.reaeration.station.04","BIGC_S4_20170620","2017-06-20T16:46Z",720,"2017-06-20T18:59:50Z",,81.00,16.46,96.79,,97.49,
"2d659602-ef4b-4b6a-af99-6fa94a32bde9","784daef3-57fb-459c-93a2-d8a362220b76","D17","BIGC","BIGC.AOS.reaeration.station.04","BIGC_S4_20170620","2017-06-20T16:46Z",547,"2017-06-20T18:31:00Z",,79.50,15.83,96.38,,97.10,
"dcff2135-1b13-43d1-8195-7b0a0e10c088","784daef3-57fb-459c-93a2-d8a362220b76","D17","BIGC","BIGC.AOS.reaeration.station.04","BIGC_S4_20170620","2017-06-20T16:46Z",277,"2017-06-20T17:46:00Z",,75.00,15.26,92.14,,92.84,
"1e7a12bc-46db-437a-b9fc-9f5680365280","784daef3-57fb-459c-93a2-d8a362220b76","D17","BIGC","BIGC.AOS.reaeration.station.04","BIGC_S4_20170620","2017-06-20T16:46Z",562,"2017-06-20T18:33:30Z",,79.50,15.88,96.27,,96.99,
"ede8b02c-27ae-49f6-8ca1-939e8953fb2b","784daef3-57fb-459c-93a2-d8a362220b76","D17","BIGC","BIGC.AOS.reaeration.station.04","BIGC_S4_20170620","2017-06-20T16:46Z",312,"2017-06-20T17:51:50Z",,75.00,15.32,92.01,,92.71,
"e9474aba-3b6f-4f68-927c-d224dbd4df61","784daef3-57fb-459c-93a2-d8a362220b76","D17","BIGC","BIGC.AOS.reaeration.station.04","BIGC_S4_20170620","2017-06-20T16:46Z",688,"2017-06-20T18:54:30Z",,81.00,16.34,97.05,,97.76,
"555279d7-41f5-4eca-86d6-f2ebdc7fabc8","784daef3-57fb-459c-93a2-d8a362220b76","D17","BIGC","BIGC.AOS.reaeration.station.04","BIGC_S4_20170620","2017-06-20T16:46Z",202,"2017-06-20T17:33:30Z",,74.60,15.17,91.84,,92.54,
"1c1ec6fc-ea1b-4600-b268-5adc588df374","784daef3-57fb-459c-93a2-d8a362220b76","D17","BIGC","BIGC.AOS.reaeration.station.04","BIGC_S4_20170620","2017-06-20T16:46Z",515,"2017-06-20T18:25:40Z",,77.60,15.73,94.30,,95.00,
"b66bc708-5a2a-4d6f-b633-c5a9ae410ade","784daef3-57fb-459c-93a2-d8a362220b76","D17","BIGC","BIGC.AOS.reaeration.station.04","BIGC_S4_20170620","2017-06-20T16:46Z",151,"2017-06-20T17:25:00Z",,74.60,15.08,92.04,,92.74,
"41da4b7f-9b8d-48e6-b350-0e6547da462d","784daef3-57fb-459c-93a2-d8a362220b76","D17","BIGC","BIGC.AOS.reaeration.station.04","BIGC_S4_20170620","2017-06-20T16:46Z",255,"2017-06-20T17:42:20Z",,74.60,15.21,91.76,,92.46,
"2b294fe3-5e43-48ce-a7a9-f0c40c2b04ea","784daef3-57fb-459c-93a2-d8a362220b76","D17","BIGC","BIGC.AOS.reaeration.station.04","BIGC_S4_20170620","2017-06-20T16:46Z",41,"2017-06-20T17:06:40Z",,74.20,14.97,91.78,,92.48,
"8ed23124-f5ae-4c01-a338-79aad3bced18","784daef3-57fb-459c-93a2-d8a362220b76","D17","BIGC","BIGC.AOS.reaeration.station.04","BIGC_S4_20170620","2017-06-20T16:46Z",394,"2017-06-20T18:05:30Z",,75.40,15.45,92.22,,92.92,
"e6be8583-a53a-4dd3-be4c-10220cd43507","784daef3-57fb-459c-93a2-d8a362220b76","D17","BIGC","BIGC.AOS.reaeration.station.04","BIGC_S4_20170620","2017-06-20T16:46Z",486,"2017-06-20T18:20:50Z",,75.70,15.65,92.16,,92.85,
"f5d930e2-b567-4b27-beee-230629b4f49d","784daef3-57fb-459c-93a2-d8a362220b76","D17","BIGC","BIGC.AOS.reaeration.station.04","BIGC_S4_20170620","2017-06-20T16:46Z",380,"2017-06-20T18:03:10Z",,75.00,15.44,91.75,,92.45,
"b6a34af8-0902-4476-bfcb-2a96286201b5","784daef3-57fb-459c-93a2-d8a362220b76","D17","BIGC","BIGC.AOS.reaeration.station.04","BIGC_S4_20170620","2017-06-20T16:46Z",12,"2017-06-20T17:01:50Z",,74.20,14.95,91.83,,92.53,
"602b3cfc-64c1-4356-83d8-1ae88002ae48","784daef3-57fb-459c-93a2-d8a362220b76","D17","BIGC","BIGC.AOS.reaeration.station.04","BIGC_S4_20170620","2017-06-20T16:46Z",111,"2017-06-20T17:18:20Z",,74.20,15.05,91.61,,92.31,
"84b930fb-9635-4df8-85cd-e69c7cf61351","784daef3-57fb-459c-93a2-d8a362220b76","D17","BIGC","BIGC.AOS.reaeration.station.04","BIGC_S4_20170620","2017-06-20T16:46Z",108,"2017-06-20T17:17:50Z",,74.60,15.03,92.15,,92.85,
"6d2c9fd7-b59a-4b57-815b-a505f6874390","784daef3-57fb-459c-93a2-d8a362220b76","D17","BIGC","BIGC.AOS.reaeration.station.04","BIGC_S4_20170620","2017-06-20T16:46Z",3,"2017-06-20T17:00:20Z",,74.60,14.95,92.32,,93.03,
"c14377bd-9632-4d44-82e2-22e7f0803e1e","784daef3-57fb-459c-93a2-d8a362220b76","D17","BIGC","BIGC.AOS.reaeration.station.04","BIGC_S4_20170620","2017-06-20T16:46Z",811,"2017-06-20T19:15:00Z",,46.30,18.59,52.76,,53.09,
"7647dc7a-681f-4cfa-a124-e1a07d5b962a","784daef3-57fb-459c-93a2-d8a362220b76","D17","BIGC","BIGC.AOS.reaeration.station.04","BIGC_S4_20170620","2017-06-20T16:46Z",700,"2017-06-20T18:56:30Z",,81.00,16.39,96.94,,97.65,
"5ce8af13-334e-4a86-9a20-489ece3db3e1","784daef3-57fb-459c-93a2-d8a362220b76","D17","BIGC","BIGC.AOS.reaeration.station.04","BIGC_S4_20170620","2017-06-20T16:46Z",815,"2017-06-20T19:15:40Z",,47.00,18.95,53.14,,53.46,
"ff4b5454-746f-4563-9a8e-b7906a5d3eff","784daef3-57fb-459c-93a2-d8a362220b76","D17","BIGC","BIGC.AOS.reaeration.station.04","BIGC_S4_20170620","2017-06-20T16:46Z",498,"2017-06-20T18:22:50Z",,76.10,15.70,92.54,,93.23,
"19ffceea-af4e-48d9-8412-4d45da9bd7c3","784daef3-57fb-459c-93a2-d8a362220b76","D17","BIGC","BIGC.AOS.reaeration.station.04","BIGC_S4_20170620","2017-06-20T16:46Z",565,"2017-06-20T18:34:00Z",,79.50,15.89,96.25,,96.96,
"993e655c-04a0-4218-80f6-115f0a030463","784daef3-57fb-459c-93a2-d8a362220b76","D17","BIGC","BIGC.AOS.reaeration.station.04","BIGC_S4_20170620","2017-06-20T16:46Z",642,"2017-06-20T18:46:50Z",,80.20,16.16,96.49,,97.20,
"5d7de811-d549-4fbf-91a8-1e6d7fedba0a","784daef3-57fb-459c-93a2-d8a362220b76","D17","BIGC","BIGC.AOS.reaeration.station.04","BIGC_S4_20170620","2017-06-20T16:46Z",598,"2017-06-20T18:39:30Z",,79.90,16.00,96.49,,97.20,
"3daaf522-cc18-4c80-a0f2-12118f5a3558","784daef3-57fb-459c-93a2-d8a362220b76","D17","BIGC","BIGC.AOS.reaeration.station.04","BIGC_S4_20170620","2017-06-20T16:46Z",556,"2017-06-20T18:32:30Z",,79.50,15.85,96.34,,97.06,
"69ba1322-40e8-4dcf-a088-b4542a6e5300","784daef3-57fb-459c-93a2-d8a362220b76","D17","BIGC","BIGC.AOS.reaeration.station.04","BIGC_S4_20170620","2017-06-20T16:46Z",410,"2017-06-20T18:08:10Z",,75.40,15.48,92.16,,92.85,
"b19a63f9-c339-4abe-85d2-3bd530fd471d","784daef3-57fb-459c-93a2-d8a362220b76","D17","BIGC","BIGC.AOS.reaeration.station.04","BIGC_S4_20170620","2017-06-20T16:46Z",841,"2017-06-20T19:20:00Z",,49.90,21.06,53.96,,54.19,
"59814bf4-0c4e-4b73-b4d6-cc72587a6a69","784daef3-57fb-459c-93a2-d8a362220b76","D17","BIGC","BIGC.AOS.reaeration.station.04","BIGC_S4_20170620","2017-06-20T16:46Z",11,"2017-06-20T17:01:40Z",,74.20,14.96,91.80,,92.51,
"7a9fd3e4-23f5-4334-b5f7-96bcc7dd10d3","784daef3-57fb-459c-93a2-d8a362220b76","D17","BIGC","BIGC.AOS.reaeration.station.04","BIGC_S4_20170620","2017-06-20T16:46Z",174,"2017-06-20T17:28:50Z",,74.60,15.11,91.97,,92.67,
"baaddfbc-3dab-4cb5-8275-1a973b8e172e","784daef3-57fb-459c-93a2-d8a362220b76","D17","BIGC","BIGC.AOS.reaeration.station.04","BIGC_S4_20170620","2017-06-20T16:46Z",458,"2017-06-20T18:16:10Z",,75.30,15.59,91.80,,92.49,
"d4a6a768-bb69-4c95-8136-bb6a77f333b7","784daef3-57fb-459c-93a2-d8a362220b76","D17","BIGC","BIGC.AOS.reaeration.station.04","BIGC_S4_20170620","2017-06-20T16:46Z",339,"2017-06-20T17:56:20Z",,75.00,15.35,91.95,,92.64,
"33260db6-6483-4066-ab1f-b5f7c8460471","784daef3-57fb-459c-93a2-d8a362220b76","D17","BIGC","BIGC.AOS.reaeration.station.04","BIGC_S4_20170620","2017-06-20T16:46Z",439,"2017-06-20T18:13:00Z",,75.30,15.55,91.88,,92.58,
"73c38319-4b36-40f7-8fc9-3585de03cd75","784daef3-57fb-459c-93a2-d8a362220b76","D17","BIGC","BIGC.AOS.reaeration.station.04","BIGC_S4_20170620","2017-06-20T16:46Z",414,"2017-06-20T18:08:50Z",,75.40,15.50,92.11,,92.81,
"6cf3840a-0dc3-4b68-9364-baa4bb688174","784daef3-57fb-459c-93a2-d8a362220b76","D17","BIGC","BIGC.AOS.reaeration.station.04","BIGC_S4_20170620","2017-06-20T16:46Z",522,"2017-06-20T18:26:50Z",,78.00,15.76,94.72,,95.43,
"287f1941-df30-4e4c-bdc3-273d60b0b619","784daef3-57fb-459c-93a2-d8a362220b76","D17","BIGC","BIGC.AOS.reaeration.station.04","BIGC_S4_20170620","2017-06-20T16:46Z",306,"2017-06-20T17:50:50Z",,75.00,15.30,92.06,,92.75,
"a8e6a8b7-7962-489e-896f-ba04b26cfe72","784daef3-57fb-459c-93a2-d8a362220b76","D17","BIGC","BIGC.AOS.reaeration.station.04","BIGC_S4_20170620","2017-06-20T16:46Z",438,"2017-06-20T18:12:50Z",,75.30,15.54,91.91,,92.60,
"4addfdb6-6b77-4fb0-8911-1e7ff4132de0","784daef3-57fb-459c-93a2-d8a362220b76","D17","BIGC","BIGC.AOS.reaeration.station.04","BIGC_S4_20170620","2017-06-20T16:46Z",788,"2017-06-20T19:11:10Z",,81.30,16.73,96.55,,97.24,
"2b995c13-32f3-4f0b-b65b-d1961217d845","784daef3-57fb-459c-93a2-d8a362220b76","D17","BIGC","BIGC.AOS.reaeration.station.04","BIGC_S4_20170620","2017-06-20T16:46Z",244,"2017-06-20T17:40:30Z",,74.60,15.20,91.78,,92.48,
"359cfe1f-4b7d-4ae0-a16e-9e7fbccf854a","784daef3-57fb-459c-93a2-d8a362220b76","D17","BIGC","BIGC.AOS.reaeration.station.04","BIGC_S4_20170620","2017-06-20T16:46Z",541,"2017-06-20T18:30:00Z",,79.10,15.82,95.92,,96.63,
"f66c7c6a-f9b4-4459-af43-34c71ea2ceeb","784daef3-57fb-459c-93a2-d8a362220b76","D17","BIGC","BIGC.AOS.reaeration.station.04","BIGC_S4_20170620","2017-06-20T16:46Z",628,"2017-06-20T18:44:30Z",,80.30,16.12,96.70,,97.42,
"e8113362-a2f6-4115-8dab-95e0c5290b03","784daef3-57fb-459c-93a2-d8a362220b76","D17","BIGC","BIGC.AOS.reaeration.station.04","BIGC_S4_20170620","2017-06-20T16:46Z",287,"2017-06-20T17:47:40Z",,75.00,15.28,92.10,,92.80,
"1dde8f8e-6627-41e4-b511-dda957f4fc6a","784daef3-57fb-459c-93a2-d8a362220b76","D17","BIGC","BIGC.AOS.reaeration.station.04","BIGC_S4_20170620","2017-06-20T16:46Z",753,"2017-06-20T19:05:20Z",,81.00,16.60,96.48,,97.18,
"2f2c05d6-94ea-4c2e-9f20-6769388af2ae","784daef3-57fb-459c-93a2-d8a362220b76","D17","BIGC","BIGC.AOS.reaeration.station.04","BIGC_S4_20170620","2017-06-20T16:46Z",559,"2017-06-20T18:33:00Z",,79.50,15.86,96.31,,97.03,
"17c63a0f-8810-4dd4-9d54-0c9fd8cdb985","784daef3-57fb-459c-93a2-d8a362220b76","D17","BIGC","BIGC.AOS.reaeration.station.04","BIGC_S4_20170620","2017-06-20T16:46Z",177,"2017-06-20T17:29:20Z",,74.20,15.11,91.48,,92.18,
"b1f3503b-594b-4bc8-aec1-b012b189a22a","784daef3-57fb-459c-93a2-d8a362220b76","D17","BIGC","BIGC.AOS.reaeration.station.04","BIGC_S4_20170620","2017-06-20T16:46Z",552,"2017-06-20T18:31:50Z",,79.50,15.85,96.34,,97.06,
"3901ef15-9b38-473d-a915-23a85316bfaf","784daef3-57fb-459c-93a2-d8a362220b76","D17","BIGC","BIGC.AOS.reaeration.station.04","BIGC_S4_20170620","2017-06-20T16:46Z",219,"2017-06-20T17:36:20Z",,74.60,15.16,91.87,,92.56,
"d3a6f35d-f0a9-426c-82be-434193c66a4e","784daef3-57fb-459c-93a2-d8a362220b76","D17","BIGC","BIGC.AOS.reaeration.station.04","BIGC_S4_20170620","2017-06-20T16:46Z",583,"2017-06-20T18:37:00Z",,79.90,15.95,96.60,,97.32,
"7886ee03-a111-48df-b026-58097ad28b2c","784daef3-57fb-459c-93a2-d8a362220b76","D17","BIGC","BIGC.AOS.reaeration.station.04","BIGC_S4_20170620","2017-06-20T16:46Z",144,"2017-06-20T17:23:50Z",,74.60,15.09,92.02,,92.72,
"0a82ab69-7533-4dc8-9c46-5d5b862e7388","784daef3-57fb-459c-93a2-d8a362220b76","D17","BIGC","BIGC.AOS.reaeration.station.04","BIGC_S4_20170620","2017-06-20T16:46Z",539,"2017-06-20T18:29:40Z",,79.10,15.81,95.94,,96.66,
"5bd649b2-ebd6-4a49-8e8e-ee329e7dc3fa","784daef3-57fb-459c-93a2-d8a362220b76","D17","BIGC","BIGC.AOS.reaeration.station.04","BIGC_S4_20170620","2017-06-20T16:46Z",46,"2017-06-20T17:07:30Z",,74.20,14.98,91.76,,92.46,
"d3e399f1-9936-41ec-98d2-f6fa02a49631","784daef3-57fb-459c-93a2-d8a362220b76","D17","BIGC","BIGC.AOS.reaeration.station.04","BIGC_S4_20170620","2017-06-20T16:46Z",337,"2017-06-20T17:56:00Z",,75.00,15.35,91.95,,92.64,
"7aa9fe40-8c3b-48a9-8ba0-0afb1903b672","784daef3-57fb-459c-93a2-d8a362220b76","D17","BIGC","BIGC.AOS.reaeration.station.04","BIGC_S4_20170620","2017-06-20T16:46Z",203,"2017-06-20T17:33:40Z",,74.60,15.19,91.80,,92.50,
"2274b5d6-f5a6-4c2b-bb1c-f9c4c615eb22","784daef3-57fb-459c-93a2-d8a362220b76","D17","BIGC","BIGC.AOS.reaeration.station.04","BIGC_S4_20170620","2017-06-20T16:46Z",687,"2017-06-20T18:54:20Z",,80.60,16.33,96.60,,97.30,
"a98fb592-f876-4dcd-949b-396da093252f","784daef3-57fb-459c-93a2-d8a362220b76","D17","BIGC","BIGC.AOS.reaeration.station.04","BIGC_S4_20170620","2017-06-20T16:46Z",84,"2017-06-20T17:13:50Z",,74.20,15.01,91.70,,92.40,
"5098c662-c325-40c6-b8d5-26622627eb32","784daef3-57fb-459c-93a2-d8a362220b76","D17","BIGC","BIGC.AOS.reaeration.station.04","BIGC_S4_20170620","2017-06-20T16:46Z",170,"2017-06-20T17:28:10Z",,74.20,15.11,91.48,,92.18,
"0e587908-5a15-4411-a872-9ce7c346ff35","784daef3-57fb-459c-93a2-d8a362220b76","D17","BIGC","BIGC.AOS.reaeration.station.04","BIGC_S4_20170620","2017-06-20T16:46Z",518,"2017-06-20T18:26:10Z",,77.60,15.75,94.25,,94.96,
"ef97ca1d-f101-4faa-bc58-d2982fdf1504","784daef3-57fb-459c-93a2-d8a362220b76","D17","BIGC","BIGC.AOS.reaeration.station.04","BIGC_S4_20170620","2017-06-20T16:46Z",724,"2017-06-20T19:00:30Z",,81.40,16.48,97.22,,97.93,
"bd5792d4-7e17-4670-994a-208c33ab9a24","784daef3-57fb-459c-93a2-d8a362220b76","D17","BIGC","BIGC.AOS.reaeration.station.04","BIGC_S4_20170620","2017-06-20T16:46Z",234,"2017-06-20T17:38:50Z",,74.60,15.21,91.76,,92.46,
"e90c735a-b0ec-40a2-a559-e7d4db48cece","784daef3-57fb-459c-93a2-d8a362220b76","D17","BIGC","BIGC.AOS.reaeration.station.04","BIGC_S4_20170620","2017-06-20T16:46Z",373,"2017-06-20T18:02:00Z",,75.00,15.42,91.80,,92.49,
"20180d98-712c-4d92-b49f-c020c0db1c07","784daef3-57fb-459c-93a2-d8a362220b76","D17","BIGC","BIGC.AOS.reaeration.station.04","BIGC_S4_20170620","2017-06-20T16:46Z",710,"2017-06-20T18:58:10Z",,81.00,16.42,96.88,,97.58,
"2c479e2c-b356-468d-86b1-d7d56fc8b0c1","784daef3-57fb-459c-93a2-d8a362220b76","D17","BIGC","BIGC.AOS.reaeration.station.04","BIGC_S4_20170620","2017-06-20T16:46Z",322,"2017-06-20T17:53:30Z",,75.00,15.33,91.99,,92.69,
"4f99d734-ecf1-47a7-bbbd-8affd68875f4","784daef3-57fb-459c-93a2-d8a362220b76","D17","BIGC","BIGC.AOS.reaeration.station.04","BIGC_S4_20170620","2017-06-20T16:46Z",536,"2017-06-20T18:29:10Z",,79.10,15.81,95.94,,96.66,
"e83d4f2a-12bb-481b-ad60-b0311109ca60","784daef3-57fb-459c-93a2-d8a362220b76","D17","BIGC","BIGC.AOS.reaeration.station.04","BIGC_S4_20170620","2017-06-20T16:46Z",454,"2017-06-20T18:15:30Z",,75.30,15.58,91.82,,92.51,
"639b9a11-1e9c-46fd-9d78-e20d9e0ecfda","784daef3-57fb-459c-93a2-d8a362220b76","D17","BIGC","BIGC.AOS.reaeration.station.04","BIGC_S4_20170620","2017-06-20T16:46Z",769,"2017-06-20T19:08:00Z",,81.30,16.66,96.70,,97.40,
"3120db74-9b5b-4385-bb1b-228f8b656611","784daef3-57fb-459c-93a2-d8a362220b76","D17","BIGC","BIGC.AOS.reaeration.station.04","BIGC_S4_20170620","2017-06-20T16:46Z",96,"2017-06-20T17:15:50Z",,74.20,15.02,91.67,,92.37,
"1c35634d-3b8c-45f0-a509-03557633aaea","784daef3-57fb-459c-93a2-d8a362220b76","D17","BIGC","BIGC.AOS.reaeration.station.04","BIGC_S4_20170620","2017-06-20T16:46Z",43,"2017-06-20T17:07:00Z",,74.20,14.98,91.76,,92.46,
"8bd618de-82c8-466c-a09c-9951646babdd","784daef3-57fb-459c-93a2-d8a362220b76","D17","BIGC","BIGC.AOS.reaeration.station.04","BIGC_S4_20170620","2017-06-20T16:46Z",776,"2017-06-20T19:09:10Z",,81.70,16.69,97.11,,97.81,
"261866ef-b5f8-417d-a580-7aa145e770c4","784daef3-57fb-459c-93a2-d8a362220b76","D17","BIGC","BIGC.AOS.reaeration.station.04","BIGC_S4_20170620","2017-06-20T16:46Z",105,"2017-06-20T17:17:20Z",,74.20,15.03,91.65,,92.35,
"cac7d515-d3a6-4b5f-af05-e05b1f40d9fa","784daef3-57fb-459c-93a2-d8a362220b76","D17","BIGC","BIGC.AOS.reaeration.station.04","BIGC_S4_20170620","2017-06-20T16:46Z",257,"2017-06-20T17:42:40Z",,74.60,15.22,91.74,,92.43,
"848a3454-53ec-407b-9af6-f4239b3deabe","784daef3-57fb-459c-93a2-d8a362220b76","D17","BIGC","BIGC.AOS.reaeration.station.04","BIGC_S4_20170620","2017-06-20T16:46Z",703,"2017-06-20T18:57:00Z",,80.60,16.41,96.42,,97.12,
"3e321fa8-574f-42a6-9986-79458d83fc26","784daef3-57fb-459c-93a2-d8a362220b76","D17","BIGC","BIGC.AOS.reaeration.station.04","BIGC_S4_20170620","2017-06-20T16:46Z",646,"2017-06-20T18:47:30Z",,80.20,16.17,96.47,,97.18,
"94b8f19e-ef05-43ce-9483-3c10f241c3b9","784daef3-57fb-459c-93a2-d8a362220b76","D17","BIGC","BIGC.AOS.reaeration.station.04","BIGC_S4_20170620","2017-06-20T16:46Z",45,"2017-06-20T17:07:20Z",,74.20,14.98,91.76,,92.46,
"e17402ab-e45f-44ae-bd3c-7ac169611bac","784daef3-57fb-459c-93a2-d8a362220b76","D17","BIGC","BIGC.AOS.reaeration.station.04","BIGC_S4_20170620","2017-06-20T16:46Z",463,"2017-06-20T18:17:00Z",,75.30,15.60,91.78,,92.47,
"931d30da-c7f0-4eb6-8fc6-386b2f759c72","784daef3-57fb-459c-93a2-d8a362220b76","D17","BIGC","BIGC.AOS.reaeration.station.04","BIGC_S4_20170620","2017-06-20T16:46Z",475,"2017-06-20T18:19:00Z",,75.30,15.61,91.76,,92.45,
"c1b127ac-8d76-4bb5-9e31-c0673afc4995","784daef3-57fb-459c-93a2-d8a362220b76","D17","BIGC","BIGC.AOS.reaeration.station.04","BIGC_S4_20170620","2017-06-20T16:46Z",319,"2017-06-20T17:53:00Z",,75.00,15.32,92.01,,92.71,
"2210578f-28f0-49b1-8a03-65521545a6e3","784daef3-57fb-459c-93a2-d8a362220b76","D17","BIGC","BIGC.AOS.reaeration.station.04","BIGC_S4_20170620","2017-06-20T16:46Z",495,"2017-06-20T18:22:20Z",,76.10,15.69,92.56,,93.25,
"7b92f34e-dd15-49d9-8580-fb97c4a47d7c","784daef3-57fb-459c-93a2-d8a362220b76","D17","BIGC","BIGC.AOS.reaeration.station.04","BIGC_S4_20170620","2017-06-20T16:46Z",504,"2017-06-20T18:23:50Z",,76.90,15.71,93.49,,94.19,
"5f2a9565-eb87-4ade-a040-0820beb1e9d0","784daef3-57fb-459c-93a2-d8a362220b76","D17","BIGC","BIGC.AOS.reaeration.station.04","BIGC_S4_20170620","2017-06-20T16:46Z",197,"2017-06-20T17:32:40Z",,74.60,15.16,91.87,,92.56,
"09000107-48cc-459b-bfa2-1bdbb5c66f1a","784daef3-57fb-459c-93a2-d8a362220b76","D17","BIGC","BIGC.AOS.reaeration.station.04","BIGC_S4_20170620","2017-06-20T16:46Z",302,"2017-06-20T17:50:10Z",,75.00,15.30,92.06,,92.75,
"d2be6660-e527-45a4-ae93-56a45edd9edb","784daef3-57fb-459c-93a2-d8a362220b76","D17","BIGC","BIGC.AOS.reaeration.station.04","BIGC_S4_20170620","2017-06-20T16:46Z",661,"2017-06-20T18:50:00Z",,80.20,16.23,96.34,,97.05,
"7ba4345d-53b6-4af4-8673-720c211076f3","784daef3-57fb-459c-93a2-d8a362220b76","D17","BIGC","BIGC.AOS.reaeration.station.04","BIGC_S4_20170620","2017-06-20T16:46Z",107,"2017-06-20T17:17:40Z",,74.20,15.03,91.65,,92.35,
"83d0d331-53e0-45e0-9ae3-fdfca716eac1","784daef3-57fb-459c-93a2-d8a362220b76","D17","BIGC","BIGC.AOS.reaeration.station.04","BIGC_S4_20170620","2017-06-20T16:46Z",791,"2017-06-20T19:11:40Z",,81.30,16.76,96.49,,97.18,
"9517dc7f-4ade-4148-846c-89ae1fafe2d7","784daef3-57fb-459c-93a2-d8a362220b76","D17","BIGC","BIGC.AOS.reaeration.station.04","BIGC_S4_20170620","2017-06-20T16:46Z",800,"2017-06-20T19:13:10Z",,81.30,16.79,96.42,,97.11,
"e01d2bd7-6c57-493f-9db1-08ad3fc839dc","784daef3-57fb-459c-93a2-d8a362220b76","D17","BIGC","BIGC.AOS.reaeration.station.04","BIGC_S4_20170620","2017-06-20T16:46Z",701,"2017-06-20T18:56:40Z",,81.00,16.40,96.92,,97.63,
"75ec8524-4a73-4264-90fd-b106d68e5323","784daef3-57fb-459c-93a2-d8a362220b76","D17","BIGC","BIGC.AOS.reaeration.station.04","BIGC_S4_20170620","2017-06-20T16:46Z",20,"2017-06-20T17:03:10Z",,74.20,14.95,91.83,,92.53,
"725509a3-a2f4-4f2d-b801-4493ff2f89df","784daef3-57fb-459c-93a2-d8a362220b76","D17","BIGC","BIGC.AOS.reaeration.station.04","BIGC_S4_20170620","2017-06-20T16:46Z",128,"2017-06-20T17:21:10Z",,74.20,15.05,91.61,,92.31,
"60f8f83c-6267-4c1a-9ca7-a71894c9d668","784daef3-57fb-459c-93a2-d8a362220b76","D17","BIGC","BIGC.AOS.reaeration.station.04","BIGC_S4_20170620","2017-06-20T16:46Z",10,"2017-06-20T17:01:30Z",,74.20,14.95,91.83,,92.53,
"870d5a81-8cfb-42d1-aa8f-5c91175fa634","784daef3-57fb-459c-93a2-d8a362220b76","D17","BIGC","BIGC.AOS.reaeration.station.04","BIGC_S4_20170620","2017-06-20T16:46Z",298,"2017-06-20T17:49:30Z",,75.00,15.29,92.08,,92.78,
"524f337f-466c-4da3-a24d-550b7c3bcf63","784daef3-57fb-459c-93a2-d8a362220b76","D17","BIGC","BIGC.AOS.reaeration.station.04","BIGC_S4_20170620","2017-06-20T16:46Z",228,"2017-06-20T17:37:50Z",,74.60,15.20,91.78,,92.48,
"640cc710-8daf-405f-8e34-ecadf2a0ce03","784daef3-57fb-459c-93a2-d8a362220b76","D17","BIGC","BIGC.AOS.reaeration.station.04","BIGC_S4_20170620","2017-06-20T16:46Z",85,"2017-06-20T17:14:00Z",,74.60,15.01,92.19,,92.89,
"04d7e379-ff28-4d34-8deb-fb2f90bd6070","784daef3-57fb-459c-93a2-d8a362220b76","D17","BIGC","BIGC.AOS.reaeration.station.04","BIGC_S4_20170620","2017-06-20T16:46Z",750,"2017-06-20T19:04:50Z",,81.40,16.59,96.98,,97.68,
"5c7208ea-c08e-4e71-abf3-1e7321da1f73","784daef3-57fb-459c-93a2-d8a362220b76","D17","BIGC","BIGC.AOS.reaeration.station.04","BIGC_S4_20170620","2017-06-20T16:46Z",86,"2017-06-20T17:14:10Z",,74.60,15.01,92.19,,92.89,
"89e6f929-2286-4aa5-be4a-e2ccb18abd15","784daef3-57fb-459c-93a2-d8a362220b76","D17","BIGC","BIGC.AOS.reaeration.station.04","BIGC_S4_20170620","2017-06-20T16:46Z",168,"2017-06-20T17:27:50Z",,74.60,15.09,92.02,,92.72,
"3396e612-14a0-42e4-b7a7-c3403b9bd65a","784daef3-57fb-459c-93a2-d8a362220b76","D17","BIGC","BIGC.AOS.reaeration.station.04","BIGC_S4_20170620","2017-06-20T16:46Z",747,"2017-06-20T19:04:20Z",,81.40,16.58,97.00,,97.70,
"c191f574-d576-47a6-af27-e6ec9142e7c7","784daef3-57fb-459c-93a2-d8a362220b76","D17","BIGC","BIGC.AOS.reaeration.station.04","BIGC_S4_20170620","2017-06-20T16:46Z",822,"2017-06-20T19:16:50Z",,48.10,19.49,53.76,,54.06,
"ef669940-fb3e-40fb-a367-2a9a17e65614","784daef3-57fb-459c-93a2-d8a362220b76","D17","BIGC","BIGC.AOS.reaeration.station.04","BIGC_S4_20170620","2017-06-20T16:46Z",579,"2017-06-20T18:36:20Z",,79.50,15.94,96.14,,96.85,
"8a4116a7-deb7-4ed9-8e4a-5391447f4d4e","784daef3-57fb-459c-93a2-d8a362220b76","D17","BIGC","BIGC.AOS.reaeration.station.04","BIGC_S4_20170620","2017-06-20T16:46Z",491,"2017-06-20T18:21:40Z",,75.70,15.67,92.12,,92.81,
"e423dbef-db67-47c3-92e2-21989ea47a4f","784daef3-57fb-459c-93a2-d8a362220b76","D17","BIGC","BIGC.AOS.reaeration.station.04","BIGC_S4_20170620","2017-06-20T16:46Z",377,"2017-06-20T18:02:40Z",,75.00,15.41,91.82,,92.51,
"e252eb5b-881f-4480-9c5d-4ac13afaf572","784daef3-57fb-459c-93a2-d8a362220b76","D17","BIGC","BIGC.AOS.reaeration.station.04","BIGC_S4_20170620","2017-06-20T16:46Z",566,"2017-06-20T18:34:10Z",,79.50,15.89,96.25,,96.96,
"6277daf6-a963-4367-bb66-791e4e4366d0","784daef3-57fb-459c-93a2-d8a362220b76","D17","BIGC","BIGC.AOS.reaeration.station.04","BIGC_S4_20170620","2017-06-20T16:46Z",30,"2017-06-20T17:04:50Z",,74.20,14.96,91.80,,92.51,
"2942b7c3-c8fc-4fce-9f9a-6929d3ede158","784daef3-57fb-459c-93a2-d8a362220b76","D17","BIGC","BIGC.AOS.reaeration.station.04","BIGC_S4_20170620","2017-06-20T16:46Z",631,"2017-06-20T18:45:00Z",,80.30,16.13,96.68,,97.39,
"97ca834c-0fc9-4b8f-8740-b36532d59291","784daef3-57fb-459c-93a2-d8a362220b76","D17","BIGC","BIGC.AOS.reaeration.station.04","BIGC_S4_20170620","2017-06-20T16:46Z",324,"2017-06-20T17:53:50Z",,75.00,15.33,91.99,,92.69,
"2289f437-3e4e-47c1-ad08-a063892ee75c","784daef3-57fb-459c-93a2-d8a362220b76","D17","BIGC","BIGC.AOS.reaeration.station.04","BIGC_S4_20170620","2017-06-20T16:46Z",576,"2017-06-20T18:35:50Z",,79.90,15.92,96.66,,97.38,
"c2e9533d-caa2-4fb0-ab9d-54bca40cc44e","784daef3-57fb-459c-93a2-d8a362220b76","D17","BIGC","BIGC.AOS.reaeration.station.04","BIGC_S4_20170620","2017-06-20T16:46Z",726,"2017-06-20T19:00:50Z",,81.00,16.50,96.70,,97.40,
"2a90a76d-4e25-4fee-9c0c-179ed73b412b","784daef3-57fb-459c-93a2-d8a362220b76","D17","BIGC","BIGC.AOS.reaeration.station.04","BIGC_S4_20170620","2017-06-20T16:46Z",97,"2017-06-20T17:16:00Z",,74.20,15.02,91.67,,92.37,
"b317251a-65c8-4c6b-b312-2f96ff2f9737","784daef3-57fb-459c-93a2-d8a362220b76","D17","BIGC","BIGC.AOS.reaeration.station.04","BIGC_S4_20170620","2017-06-20T16:46Z",714,"2017-06-20T18:58:50Z",,81.00,16.45,96.81,,97.51,
"9651f206-2f9e-40e1-82a1-278c0286e0b0","784daef3-57fb-459c-93a2-d8a362220b76","D17","BIGC","BIGC.AOS.reaeration.station.04","BIGC_S4_20170620","2017-06-20T16:46Z",582,"2017-06-20T18:36:50Z",,79.90,15.95,96.60,,97.32,
"4347bf3c-4ee7-4c49-a28c-c8f851571bec","784daef3-57fb-459c-93a2-d8a362220b76","D17","BIGC","BIGC.AOS.reaeration.station.04","BIGC_S4_20170620","2017-06-20T16:46Z",220,"2017-06-20T17:36:30Z",,74.60,15.17,91.84,,92.54,
"fb89919f-4d49-41f6-9eb8-20be1578a6b3","784daef3-57fb-459c-93a2-d8a362220b76","D17","BIGC","BIGC.AOS.reaeration.station.04","BIGC_S4_20170620","2017-06-20T16:46Z",352,"2017-06-20T17:58:30Z",,75.00,15.38,91.88,,92.58,
"8ef15d4c-a978-4fa0-8f8f-fee8ab6145af","784daef3-57fb-459c-93a2-d8a362220b76","D17","BIGC","BIGC.AOS.reaeration.station.04","BIGC_S4_20170620","2017-06-20T16:46Z",630,"2017-06-20T18:44:50Z",,80.30,16.12,96.70,,97.42,
"d682a5d4-1f72-4d09-9a35-6bc39fee74b5","784daef3-57fb-459c-93a2-d8a362220b76","D17","BIGC","BIGC.AOS.reaeration.station.04","BIGC_S4_20170620","2017-06-20T16:46Z",452,"2017-06-20T18:15:10Z",,75.30,15.58,91.82,,92.51,
"465ec1d9-07f8-4250-a399-e54e25660db6","784daef3-57fb-459c-93a2-d8a362220b76","D17","BIGC","BIGC.AOS.reaeration.station.04","BIGC_S4_20170620","2017-06-20T16:46Z",437,"2017-06-20T18:12:40Z",,75.30,15.55,91.88,,92.58,
"d99455b9-b5e4-4c44-a6dc-7092b517bb06","784daef3-57fb-459c-93a2-d8a362220b76","D17","BIGC","BIGC.AOS.reaeration.station.04","BIGC_S4_20170620","2017-06-20T16:46Z",441,"2017-06-20T18:13:20Z",,75.30,15.55,91.88,,92.58,
"1ae012b8-560c-41da-8516-7b3fe3e363e4","784daef3-57fb-459c-93a2-d8a362220b76","D17","BIGC","BIGC.AOS.reaeration.station.04","BIGC_S4_20170620","2017-06-20T16:46Z",789,"2017-06-20T19:11:20Z",,81.30,16.75,96.51,,97.20,
"4c86fc27-4bf3-4a9c-95d2-efe770b11fc8","784daef3-57fb-459c-93a2-d8a362220b76","D17","BIGC","BIGC.AOS.reaeration.station.04","BIGC_S4_20170620","2017-06-20T16:46Z",199,"2017-06-20T17:33:00Z",,74.60,15.15,91.89,,92.59,
"453dece7-72d8-48bc-bc6c-95cfd7d702b8","784daef3-57fb-459c-93a2-d8a362220b76","D17","BIGC","BIGC.AOS.reaeration.station.04","BIGC_S4_20170620","2017-06-20T16:46Z",250,"2017-06-20T17:41:30Z",,74.60,15.21,91.76,,92.46,
"77f71c59-7f9f-41a2-bf20-0e792aa11742","784daef3-57fb-459c-93a2-d8a362220b76","D17","BIGC","BIGC.AOS.reaeration.station.04","BIGC_S4_20170620","2017-06-20T16:46Z",147,"2017-06-20T17:24:20Z",,74.60,15.10,92.00,,92.70,
"5e7a75b8-6423-4373-82b8-daebf41064d4","784daef3-57fb-459c-93a2-d8a362220b76","D17","BIGC","BIGC.AOS.reaeration.station.04","BIGC_S4_20170620","2017-06-20T16:46Z",357,"2017-06-20T17:59:20Z",,75.00,15.39,91.86,,92.56,
"bef7c4ae-4b2e-4b86-acdd-096514982d37","784daef3-57fb-459c-93a2-d8a362220b76","D17","BIGC","BIGC.AOS.reaeration.station.04","BIGC_S4_20170620","2017-06-20T16:46Z",760,"2017-06-20T19:06:30Z",,81.40,16.63,96.89,,97.59,
"e0b3c561-9f0d-4903-b5bd-4667e8afef75","784daef3-57fb-459c-93a2-d8a362220b76","D17","BIGC","BIGC.AOS.reaeration.station.04","BIGC_S4_20170620","2017-06-20T16:46Z",173,"2017-06-20T17:28:40Z",,74.60,15.11,91.97,,92.67,
"a87093ea-85e6-4a5f-9c1c-250b0cad9cb5","784daef3-57fb-459c-93a2-d8a362220b76","D17","BIGC","BIGC.AOS.reaeration.station.04","BIGC_S4_20170620","2017-06-20T16:46Z",106,"2017-06-20T17:17:30Z",,74.60,15.04,92.13,,92.83,
"b60c9141-715b-41d3-b9b4-b4e02d532a63","784daef3-57fb-459c-93a2-d8a362220b76","D17","BIGC","BIGC.AOS.reaeration.station.04","BIGC_S4_20170620","2017-06-20T16:46Z",367,"2017-06-20T18:01:00Z",,75.00,15.40,91.84,,92.53,
"0cf17e35-5730-44ea-9a4a-5e3e708082c5","784daef3-57fb-459c-93a2-d8a362220b76","D17","BIGC","BIGC.AOS.reaeration.station.04","BIGC_S4_20170620","2017-06-20T16:46Z",331,"2017-06-20T17:55:00Z",,75.00,15.34,91.97,,92.67,
"954efb0a-cfa3-4f49-a64c-82d99a48b848","784daef3-57fb-459c-93a2-d8a362220b76","D17","BIGC","BIGC.AOS.reaeration.station.04","BIGC_S4_20170620","2017-06-20T16:46Z",409,"2017-06-20T18:08:00Z",,75.40,15.48,92.16,,92.85,
"67e916de-a474-4894-afc4-cd86b1d632ea","784daef3-57fb-459c-93a2-d8a362220b76","D17","BIGC","BIGC.AOS.reaeration.station.04","BIGC_S4_20170620","2017-06-20T16:46Z",32,"2017-06-20T17:05:10Z",,74.20,14.97,91.78,,92.48,
"1adf78cc-b7ca-4a65-8ef0-66b6d261d97e","784daef3-57fb-459c-93a2-d8a362220b76","D17","BIGC","BIGC.AOS.reaeration.station.04","BIGC_S4_20170620","2017-06-20T16:46Z",711,"2017-06-20T18:58:20Z",,81.00,16.42,96.88,,97.58,
"984b461a-351b-43ec-beb7-168bc834a81e","784daef3-57fb-459c-93a2-d8a362220b76","D17","BIGC","BIGC.AOS.reaeration.station.04","BIGC_S4_20170620","2017-06-20T16:46Z",470,"2017-06-20T18:18:10Z",,75.30,15.61,91.76,,92.45,
"8146bf4c-74b1-4937-b5c1-62c9e63953b4","784daef3-57fb-459c-93a2-d8a362220b76","D17","BIGC","BIGC.AOS.reaeration.station.04","BIGC_S4_20170620","2017-06-20T16:46Z",501,"2017-06-20T18:23:20Z",,76.50,15.70,93.02,,93.72,
"c8c807d4-3673-4a4c-bd55-fabc1d785797","784daef3-57fb-459c-93a2-d8a362220b76","D17","BIGC","BIGC.AOS.reaeration.station.04","BIGC_S4_20170620","2017-06-20T16:46Z",124,"2017-06-20T17:20:30Z",,74.60,15.04,92.13,,92.83,
"f7390802-c6ee-47cf-adff-d8c50a9b63e0","784daef3-57fb-459c-93a2-d8a362220b76","D17","BIGC","BIGC.AOS.reaeration.station.04","BIGC_S4_20170620","2017-06-20T16:46Z",479,"2017-06-20T18:19:40Z",,75.70,15.64,92.18,,92.87,
"75f63830-8878-43ca-a4a1-88df3c090317","784daef3-57fb-459c-93a2-d8a362220b76","D17","BIGC","BIGC.AOS.reaeration.station.04","BIGC_S4_20170620","2017-06-20T16:46Z",748,"2017-06-20T19:04:30Z",,81.40,16.58,97.00,,97.70,
"dc014876-00cb-4eff-a3ae-1248749345b2","784daef3-57fb-459c-93a2-d8a362220b76","D17","BIGC","BIGC.AOS.reaeration.station.04","BIGC_S4_20170620","2017-06-20T16:46Z",721,"2017-06-20T19:00:00Z",,81.00,16.47,96.77,,97.47,
"4545d8bf-6243-46d0-bbd2-1b38c6e8eeb1","784daef3-57fb-459c-93a2-d8a362220b76","D17","BIGC","BIGC.AOS.reaeration.station.04","BIGC_S4_20170620","2017-06-20T16:46Z",639,"2017-06-20T18:46:20Z",,80.20,16.15,96.51,,97.23,
"3b6b318b-37b8-4ecb-b08e-775216ab3441","784daef3-57fb-459c-93a2-d8a362220b76","D17","BIGC","BIGC.AOS.reaeration.station.04","BIGC_S4_20170620","2017-06-20T16:46Z",8,"2017-06-20T17:01:10Z",,74.30,14.93,91.99,,92.70,
"a3e10fcf-113a-4ff9-8535-58329501a49c","784daef3-57fb-459c-93a2-d8a362220b76","D17","BIGC","BIGC.AOS.reaeration.station.04","BIGC_S4_20170620","2017-06-20T16:46Z",832,"2017-06-20T19:18:30Z",,48.50,20.06,53.55,,53.83,
"6a470c45-131f-435f-b863-b8731bf2db36","784daef3-57fb-459c-93a2-d8a362220b76","D17","BIGC","BIGC.AOS.reaeration.station.04","BIGC_S4_20170620","2017-06-20T16:46Z",101,"2017-06-20T17:16:40Z",,74.60,15.03,92.15,,92.85,
"0741d5f0-50dd-4869-9353-01e4c28af27e","784daef3-57fb-459c-93a2-d8a362220b76","D17","BIGC","BIGC.AOS.reaeration.station.04","BIGC_S4_20170620","2017-06-20T16:46Z",855,"2017-06-20T19:22:20Z",,51.00,22.09,54.00,,54.18,
"f3cd37eb-9a60-4896-9043-c95b426eea37","784daef3-57fb-459c-93a2-d8a362220b76","D17","BIGC","BIGC.AOS.reaeration.station.04","BIGC_S4_20170620","2017-06-20T16:46Z",546,"2017-06-20T18:30:50Z",,79.50,15.83,96.38,,97.10,
"20630039-def4-4530-9896-2ec7e6f112d2","1a5ca053-bb59-4060-acc2-fafc84bd5e6d","D17","BIGC","BIGC.AOS.reaeration.station.01","BIGC_S1_20170620","2017-06-20T16:46Z",596,"2017-06-20T18:39:10Z",,78.30,16.46,93.56,,94.24,
"bc3af7f7-5844-4940-b5e7-56cc29ab0423","1a5ca053-bb59-4060-acc2-fafc84bd5e6d","D17","BIGC","BIGC.AOS.reaeration.station.01","BIGC_S1_20170620","2017-06-20T16:46Z",421,"2017-06-20T18:10:00Z",,75.00,15.90,90.78,,91.45,
"3f109c42-9333-4fba-b395-7d7c68447953","1a5ca053-bb59-4060-acc2-fafc84bd5e6d","D17","BIGC","BIGC.AOS.reaeration.station.01","BIGC_S1_20170620","2017-06-20T16:46Z",326,"2017-06-20T17:54:10Z",,74.20,15.72,90.19,,90.86,
"19c0e297-69c8-4f00-9273-4b22bfffc6f8","1a5ca053-bb59-4060-acc2-fafc84bd5e6d","D17","BIGC","BIGC.AOS.reaeration.station.01","BIGC_S1_20170620","2017-06-20T16:46Z",174,"2017-06-20T17:28:50Z",,73.90,15.45,90.39,,91.07,
"c7c01b28-7cd1-4de6-abbe-9081318cc353","1a5ca053-bb59-4060-acc2-fafc84bd5e6d","D17","BIGC","BIGC.AOS.reaeration.station.01","BIGC_S1_20170620","2017-06-20T16:46Z",610,"2017-06-20T18:41:30Z",,78.30,16.48,93.52,,94.20,
"78e905dd-6b10-4fc5-88f1-1dc0a12c4484","1a5ca053-bb59-4060-acc2-fafc84bd5e6d","D17","BIGC","BIGC.AOS.reaeration.station.01","BIGC_S1_20170620","2017-06-20T16:46Z",658,"2017-06-20T18:49:30Z",,78.30,16.61,93.24,,93.91,
"0a8a2a06-3552-4bbc-8df8-1eeb077c45d5","1a5ca053-bb59-4060-acc2-fafc84bd5e6d","D17","BIGC","BIGC.AOS.reaeration.station.01","BIGC_S1_20170620","2017-06-20T16:46Z",30,"2017-06-20T17:04:50Z",,73.50,15.30,90.21,,90.90,
"35c250e8-0fef-46ab-ad77-aa051f7dc630","1a5ca053-bb59-4060-acc2-fafc84bd5e6d","D17","BIGC","BIGC.AOS.reaeration.station.01","BIGC_S1_20170620","2017-06-20T16:46Z",43,"2017-06-20T17:07:00Z",,73.50,15.32,90.17,,90.86,
"c0df8453-8e7c-4210-9221-15d503257794","1a5ca053-bb59-4060-acc2-fafc84bd5e6d","D17","BIGC","BIGC.AOS.reaeration.station.01","BIGC_S1_20170620","2017-06-20T16:46Z",276,"2017-06-20T17:45:50Z",,73.90,15.64,89.99,,90.66,
"8d1a3095-acef-476e-9700-a28bc18c48a3","1a5ca053-bb59-4060-acc2-fafc84bd5e6d","D17","BIGC","BIGC.AOS.reaeration.station.01","BIGC_S1_20170620","2017-06-20T16:46Z",378,"2017-06-20T18:02:50Z",,75.00,15.81,90.97,,91.65,
"913c2e79-d53d-4d8d-9819-9bbc6c154e7f","1a5ca053-bb59-4060-acc2-fafc84bd5e6d","D17","BIGC","BIGC.AOS.reaeration.station.01","BIGC_S1_20170620","2017-06-20T16:46Z",462,"2017-06-20T18:16:50Z",,77.20,16.04,93.14,,93.83,
"56d601a0-367f-48ab-9e81-be45c54414d2","1a5ca053-bb59-4060-acc2-fafc84bd5e6d","D17","BIGC","BIGC.AOS.reaeration.station.01","BIGC_S1_20170620","2017-06-20T16:46Z",183,"2017-06-20T17:30:20Z",,73.90,15.48,90.32,,91.01,
"54bc7ccb-95f3-4308-a3d6-acb28eb8dee8","1a5ca053-bb59-4060-acc2-fafc84bd5e6d","D17","BIGC","BIGC.AOS.reaeration.station.01","BIGC_S1_20170620","2017-06-20T16:46Z",710,"2017-06-20T18:58:10Z",,78.70,16.79,93.34,,94.00,
"9ef7f05f-b37b-4cc3-98c6-ba538f82440c","1a5ca053-bb59-4060-acc2-fafc84bd5e6d","D17","BIGC","BIGC.AOS.reaeration.station.01","BIGC_S1_20170620","2017-06-20T16:46Z",630,"2017-06-20T18:44:50Z",,78.30,16.54,93.39,,94.07,
"ac91cdcb-93c5-4587-b9e5-dd77331fdf25","1a5ca053-bb59-4060-acc2-fafc84bd5e6d","D17","BIGC","BIGC.AOS.reaeration.station.01","BIGC_S1_20170620","2017-06-20T16:46Z",463,"2017-06-20T18:17:00Z",,76.50,16.06,92.25,,92.94,
"3465784f-4c0e-43cc-bfa0-bdad7ca2b52a","1a5ca053-bb59-4060-acc2-fafc84bd5e6d","D17","BIGC","BIGC.AOS.reaeration.station.01","BIGC_S1_20170620","2017-06-20T16:46Z",281,"2017-06-20T17:46:40Z",,73.90,15.65,89.97,,90.64,
"f0ae8ac9-e7a8-474b-aad7-a9f880b1a00b","1a5ca053-bb59-4060-acc2-fafc84bd5e6d","D17","BIGC","BIGC.AOS.reaeration.station.01","BIGC_S1_20170620","2017-06-20T16:46Z",730,"2017-06-20T19:01:30Z",,34.50,17.06,40.67,,40.95,
"7e93ff63-5225-4e13-a10f-74b330910451","1a5ca053-bb59-4060-acc2-fafc84bd5e6d","D17","BIGC","BIGC.AOS.reaeration.station.01","BIGC_S1_20170620","2017-06-20T16:46Z",297,"2017-06-20T17:49:20Z",,73.90,15.66,89.95,,90.62,
"a0e0f273-fdc3-40b2-8c6c-51056813d815","1a5ca053-bb59-4060-acc2-fafc84bd5e6d","D17","BIGC","BIGC.AOS.reaeration.station.01","BIGC_S1_20170620","2017-06-20T16:46Z",739,"2017-06-20T19:03:00Z",,39.30,19.92,43.52,,43.75,
"92b852db-adb8-4b8a-acf0-419b5f7f5708","1a5ca053-bb59-4060-acc2-fafc84bd5e6d","D17","BIGC","BIGC.AOS.reaeration.station.01","BIGC_S1_20170620","2017-06-20T16:46Z",418,"2017-06-20T18:09:30Z",,74.60,15.93,90.23,,90.90,
"741ad1ee-1ce0-40bd-a08e-557eb324af15","1a5ca053-bb59-4060-acc2-fafc84bd5e6d","D17","BIGC","BIGC.AOS.reaeration.station.01","BIGC_S1_20170620","2017-06-20T16:46Z",427,"2017-06-20T18:11:00Z",,75.30,15.92,91.10,,91.78,
"e0f34ef4-65d8-4382-86e1-dcefb67ecef0","1a5ca053-bb59-4060-acc2-fafc84bd5e6d","D17","BIGC","BIGC.AOS.reaeration.station.01","BIGC_S1_20170620","2017-06-20T16:46Z",128,"2017-06-20T17:21:10Z",,73.90,15.42,90.45,,91.13,
"cb34fe22-b630-41b2-b2cf-0ffee5325672","1a5ca053-bb59-4060-acc2-fafc84bd5e6d","D17","BIGC","BIGC.AOS.reaeration.station.01","BIGC_S1_20170620","2017-06-20T16:46Z",564,"2017-06-20T18:33:50Z",,78.00,16.38,93.37,,94.05,
"fcee1c51-312f-4e4f-9532-73d1d0c22717","1a5ca053-bb59-4060-acc2-fafc84bd5e6d","D17","BIGC","BIGC.AOS.reaeration.station.01","BIGC_S1_20170620","2017-06-20T16:46Z",220,"2017-06-20T17:36:30Z",,73.90,15.57,90.13,,90.81,
"0f48ba11-ef4d-4eba-b8ee-0ac5abca36c8","1a5ca053-bb59-4060-acc2-fafc84bd5e6d","D17","BIGC","BIGC.AOS.reaeration.station.01","BIGC_S1_20170620","2017-06-20T16:46Z",779,"2017-06-20T19:09:40Z",,42.90,23.11,44.51,,44.60,
"fbd04174-fad4-47ca-99bb-246dea1e3d8e","1a5ca053-bb59-4060-acc2-fafc84bd5e6d","D17","BIGC","BIGC.AOS.reaeration.station.01","BIGC_S1_20170620","2017-06-20T16:46Z",256,"2017-06-20T17:42:30Z",,73.90,15.59,90.09,,90.77,
"401f92d7-3013-4585-8cb6-eca4c90f4871","1a5ca053-bb59-4060-acc2-fafc84bd5e6d","D17","BIGC","BIGC.AOS.reaeration.station.01","BIGC_S1_20170620","2017-06-20T16:46Z",187,"2017-06-20T17:31:00Z",,73.50,15.52,89.75,,90.43,
"bec98760-7095-4604-b8c0-23ff2dc8659a","1a5ca053-bb59-4060-acc2-fafc84bd5e6d","D17","BIGC","BIGC.AOS.reaeration.station.01","BIGC_S1_20170620","2017-06-20T16:46Z",63,"2017-06-20T17:10:20Z",,73.50,15.38,90.05,,90.73,
"cddfbdb7-1033-4191-b191-3ab046888ac5","1a5ca053-bb59-4060-acc2-fafc84bd5e6d","D17","BIGC","BIGC.AOS.reaeration.station.01","BIGC_S1_20170620","2017-06-20T16:46Z",608,"2017-06-20T18:41:10Z",,78.00,16.48,93.16,,93.84,
"f22c000b-19dc-46eb-83ca-c473edf867fa","1a5ca053-bb59-4060-acc2-fafc84bd5e6d","D17","BIGC","BIGC.AOS.reaeration.station.01","BIGC_S1_20170620","2017-06-20T16:46Z",508,"2017-06-20T18:24:30Z",,77.60,16.24,93.19,,93.88,
"d98e32a1-4d0d-4e25-9795-56a9305c3f1f","1a5ca053-bb59-4060-acc2-fafc84bd5e6d","D17","BIGC","BIGC.AOS.reaeration.station.01","BIGC_S1_20170620","2017-06-20T16:46Z",816,"2017-06-20T19:15:50Z",,45.00,26.03,44.13,,44.07,
"76557bc6-4b4c-4fda-b24d-b4fde2357e88","1a5ca053-bb59-4060-acc2-fafc84bd5e6d","D17","BIGC","BIGC.AOS.reaeration.station.01","BIGC_S1_20170620","2017-06-20T16:46Z",818,"2017-06-20T19:16:10Z",,45.40,26.18,44.40,,44.33,
"104eb99a-d4ff-4bb2-a6f1-67a8768dc28a","1a5ca053-bb59-4060-acc2-fafc84bd5e6d","D17","BIGC","BIGC.AOS.reaeration.station.01","BIGC_S1_20170620","2017-06-20T16:46Z",633,"2017-06-20T18:45:20Z",,77.90,16.56,92.87,,93.54,
"e825e3ab-a86e-4aea-95e2-9bffa3c945de","1a5ca053-bb59-4060-acc2-fafc84bd5e6d","D17","BIGC","BIGC.AOS.reaeration.station.01","BIGC_S1_20170620","2017-06-20T16:46Z",142,"2017-06-20T17:23:30Z",,73.90,15.45,90.39,,91.07,
"f031bc37-109f-40ad-baac-17d0ef094f18","1a5ca053-bb59-4060-acc2-fafc84bd5e6d","D17","BIGC","BIGC.AOS.reaeration.station.01","BIGC_S1_20170620","2017-06-20T16:46Z",692,"2017-06-20T18:55:10Z",,78.70,16.72,93.48,,94.16,
"ad452a4b-1f07-4f31-aac1-7cb18058f006","1a5ca053-bb59-4060-acc2-fafc84bd5e6d","D17","BIGC","BIGC.AOS.reaeration.station.01","BIGC_S1_20170620","2017-06-20T16:46Z",493,"2017-06-20T18:22:00Z",,77.20,16.13,92.95,,93.63,
"2591e0ae-f126-4bd2-a64e-efe01a430b60","1a5ca053-bb59-4060-acc2-fafc84bd5e6d","D17","BIGC","BIGC.AOS.reaeration.station.01","BIGC_S1_20170620","2017-06-20T16:46Z",344,"2017-06-20T17:57:10Z",,75.00,15.70,91.20,,91.88,
"4ce781e5-5613-48b3-a8a6-8a93ef879bf9","1a5ca053-bb59-4060-acc2-fafc84bd5e6d","D17","BIGC","BIGC.AOS.reaeration.station.01","BIGC_S1_20170620","2017-06-20T16:46Z",618,"2017-06-20T18:42:50Z",,78.30,16.49,93.50,,94.18,
"3d7ad87a-1715-4a5a-a63f-9f9ca84705c2","1a5ca053-bb59-4060-acc2-fafc84bd5e6d","D17","BIGC","BIGC.AOS.reaeration.station.01","BIGC_S1_20170620","2017-06-20T16:46Z",290,"2017-06-20T17:48:10Z",,73.90,15.65,89.97,,90.64,
"1ca93096-565d-42bd-af36-ede2adbc612a","1a5ca053-bb59-4060-acc2-fafc84bd5e6d","D17","BIGC","BIGC.AOS.reaeration.station.01","BIGC_S1_20170620","2017-06-20T16:46Z",18,"2017-06-20T17:02:50Z",,73.10,15.38,89.56,,90.23,
"ddb5535f-cf21-48df-b3f2-bfce4403b927","1a5ca053-bb59-4060-acc2-fafc84bd5e6d","D17","BIGC","BIGC.AOS.reaeration.station.01","BIGC_S1_20170620","2017-06-20T16:46Z",383,"2017-06-20T18:03:40Z",,74.20,15.81,90.00,,90.67,
"8bac0d6f-2808-4875-b11b-0fc17c1a877f","1a5ca053-bb59-4060-acc2-fafc84bd5e6d","D17","BIGC","BIGC.AOS.reaeration.station.01","BIGC_S1_20170620","2017-06-20T16:46Z",420,"2017-06-20T18:09:50Z",,75.00,15.90,90.78,,91.45,
"5b7a8a72-10fc-4753-8d96-cc257a4c3e30","1a5ca053-bb59-4060-acc2-fafc84bd5e6d","D17","BIGC","BIGC.AOS.reaeration.station.01","BIGC_S1_20170620","2017-06-20T16:46Z",229,"2017-06-20T17:38:00Z",,73.50,15.58,89.63,,90.30,
"987270a1-53e5-43ac-8515-839b19a86f77","1a5ca053-bb59-4060-acc2-fafc84bd5e6d","D17","BIGC","BIGC.AOS.reaeration.station.01","BIGC_S1_20170620","2017-06-20T16:46Z",341,"2017-06-20T17:56:40Z",,74.60,15.72,90.67,,91.35,
"0909e82c-1f4c-4123-85e6-b9249ee3c840","1a5ca053-bb59-4060-acc2-fafc84bd5e6d","D17","BIGC","BIGC.AOS.reaeration.station.01","BIGC_S1_20170620","2017-06-20T16:46Z",79,"2017-06-20T17:13:00Z",,73.10,15.41,89.49,,90.17,
"dd8bebfe-60e8-4ec7-96eb-7b386949a9e0","1a5ca053-bb59-4060-acc2-fafc84bd5e6d","D17","BIGC","BIGC.AOS.reaeration.station.01","BIGC_S1_20170620","2017-06-20T16:46Z",99,"2017-06-20T17:16:20Z",,73.50,15.39,90.02,,90.71,
"3789017b-32ea-40c6-a9b4-ccccd3ceb1ca","1a5ca053-bb59-4060-acc2-fafc84bd5e6d","D17","BIGC","BIGC.AOS.reaeration.station.01","BIGC_S1_20170620","2017-06-20T16:46Z",719,"2017-06-20T18:59:40Z",,78.70,16.82,93.27,,93.94,
"94e29491-bbc8-4cd5-b0b8-582d7c1ef066","1a5ca053-bb59-4060-acc2-fafc84bd5e6d","D17","BIGC","BIGC.AOS.reaeration.station.01","BIGC_S1_20170620","2017-06-20T16:46Z",155,"2017-06-20T17:25:40Z",,73.50,15.46,89.88,,90.56,
"991d9a8a-f8a8-450f-9617-a8eff69958df","1a5ca053-bb59-4060-acc2-fafc84bd5e6d","D17","BIGC","BIGC.AOS.reaeration.station.01","BIGC_S1_20170620","2017-06-20T16:46Z",820,"2017-06-20T19:16:30Z",,45.00,26.23,43.97,,43.90,
"b8c1d554-12ca-4c1c-b0d8-5215521e2317","1a5ca053-bb59-4060-acc2-fafc84bd5e6d","D17","BIGC","BIGC.AOS.reaeration.station.01","BIGC_S1_20170620","2017-06-20T16:46Z",80,"2017-06-20T17:13:10Z",,73.50,15.41,89.98,,90.66,
"1a1708a4-2445-4738-9dc4-626f93107205","1a5ca053-bb59-4060-acc2-fafc84bd5e6d","D17","BIGC","BIGC.AOS.reaeration.station.01","BIGC_S1_20170620","2017-06-20T16:46Z",511,"2017-06-20T18:25:00Z",,77.60,16.24,93.19,,93.88,
"a38cd436-c811-4a5d-8ef9-0ce6f35fd88d","1a5ca053-bb59-4060-acc2-fafc84bd5e6d","D17","BIGC","BIGC.AOS.reaeration.station.01","BIGC_S1_20170620","2017-06-20T16:46Z",642,"2017-06-20T18:46:50Z",,78.30,16.59,93.28,,93.96,
"b1cd7168-8750-4abb-bef0-1ae9edc5b345","1a5ca053-bb59-4060-acc2-fafc84bd5e6d","D17","BIGC","BIGC.AOS.reaeration.station.01","BIGC_S1_20170620","2017-06-20T16:46Z",362,"2017-06-20T18:00:10Z",,74.20,15.78,90.06,,90.73,
"a60062db-9309-43e2-a99a-38b09b140a03","1a5ca053-bb59-4060-acc2-fafc84bd5e6d","D17","BIGC","BIGC.AOS.reaeration.station.01","BIGC_S1_20170620","2017-06-20T16:46Z",198,"2017-06-20T17:32:50Z",,73.50,15.56,89.67,,90.34,
"3a15a275-04e6-4e91-b39a-f9c0147c931f","1a5ca053-bb59-4060-acc2-fafc84bd5e6d","D17","BIGC","BIGC.AOS.reaeration.station.01","BIGC_S1_20170620","2017-06-20T16:46Z",412,"2017-06-20T18:08:30Z",,75.00,15.87,90.84,,91.52,
"96bb7a00-5df9-419d-8819-8846f7e52f41","1a5ca053-bb59-4060-acc2-fafc84bd5e6d","D17","BIGC","BIGC.AOS.reaeration.station.01","BIGC_S1_20170620","2017-06-20T16:46Z",398,"2017-06-20T18:06:10Z",,74.60,15.83,90.44,,91.12,
"488b31a0-7280-4b9f-b9de-473eb7c885ef","1a5ca053-bb59-4060-acc2-fafc84bd5e6d","D17","BIGC","BIGC.AOS.reaeration.station.01","BIGC_S1_20170620","2017-06-20T16:46Z",781,"2017-06-20T19:10:00Z",,43.30,23.45,44.62,,44.70,
"5863d300-d536-48ba-a148-bce2a889272e","1a5ca053-bb59-4060-acc2-fafc84bd5e6d","D17","BIGC","BIGC.AOS.reaeration.station.01","BIGC_S1_20170620","2017-06-20T16:46Z",252,"2017-06-20T17:41:50Z",,73.90,15.62,90.03,,90.71,
"e461551d-6e7d-415b-ace7-73a85dfbf42e","1a5ca053-bb59-4060-acc2-fafc84bd5e6d","D17","BIGC","BIGC.AOS.reaeration.station.01","BIGC_S1_20170620","2017-06-20T16:46Z",563,"2017-06-20T18:33:40Z",,78.00,16.38,93.37,,94.05,
"5ba8fbc2-350a-4f02-bae2-1e983a3485db","1a5ca053-bb59-4060-acc2-fafc84bd5e6d","D17","BIGC","BIGC.AOS.reaeration.station.01","BIGC_S1_20170620","2017-06-20T16:46Z",239,"2017-06-20T17:39:40Z",,73.90,15.58,90.11,,90.79,
"d849e2e0-6cd2-4c7a-ae08-eb71a966bbd5","1a5ca053-bb59-4060-acc2-fafc84bd5e6d","D17","BIGC","BIGC.AOS.reaeration.station.01","BIGC_S1_20170620","2017-06-20T16:46Z",352,"2017-06-20T17:58:30Z",,74.60,15.75,90.61,,91.29,
"89fb774a-d33b-450b-9dd2-44445afa3c18","1a5ca053-bb59-4060-acc2-fafc84bd5e6d","D17","BIGC","BIGC.AOS.reaeration.station.01","BIGC_S1_20170620","2017-06-20T16:46Z",745,"2017-06-20T19:04:00Z",,40.00,20.14,44.09,,44.32,
"ceaa6d49-0de1-4a92-8999-909ecc6d6511","1a5ca053-bb59-4060-acc2-fafc84bd5e6d","D17","BIGC","BIGC.AOS.reaeration.station.01","BIGC_S1_20170620","2017-06-20T16:46Z",192,"2017-06-20T17:31:50Z",,73.50,15.54,89.71,,90.39,
"afaf3328-dd72-45e1-800e-9d2d5d9200f2","1a5ca053-bb59-4060-acc2-fafc84bd5e6d","D17","BIGC","BIGC.AOS.reaeration.station.01","BIGC_S1_20170620","2017-06-20T16:46Z",84,"2017-06-20T17:13:50Z",,73.50,15.40,90.00,,90.68,
"f01b1f54-f2d1-48b7-abe9-b9929a3dcd4b","1a5ca053-bb59-4060-acc2-fafc84bd5e6d","D17","BIGC","BIGC.AOS.reaeration.station.01","BIGC_S1_20170620","2017-06-20T16:46Z",589,"2017-06-20T18:38:00Z",,78.30,16.44,93.60,,94.29,
"b66943d9-0cd8-48cc-be8f-a0f161ffc347","1a5ca053-bb59-4060-acc2-fafc84bd5e6d","D17","BIGC","BIGC.AOS.reaeration.station.01","BIGC_S1_20170620","2017-06-20T16:46Z",489,"2017-06-20T18:21:20Z",,76.80,16.13,92.47,,93.15,
"f9ca938e-9cc5-47e6-8ff0-8089444ee453","1a5ca053-bb59-4060-acc2-fafc84bd5e6d","D17","BIGC","BIGC.AOS.reaeration.station.01","BIGC_S1_20170620","2017-06-20T16:46Z",815,"2017-06-20T19:15:40Z",,45.00,25.93,44.21,,44.16,
"28232566-5c6d-4438-9d16-ceacb7bd01b7","1a5ca053-bb59-4060-acc2-fafc84bd5e6d","D17","BIGC","BIGC.AOS.reaeration.station.01","BIGC_S1_20170620","2017-06-20T16:46Z",550,"2017-06-20T18:31:30Z",,77.60,16.31,93.04,,93.72,
"df9135c2-15f3-4a4d-b5ed-786e1d26ca09","1a5ca053-bb59-4060-acc2-fafc84bd5e6d","D17","BIGC","BIGC.AOS.reaeration.station.01","BIGC_S1_20170620","2017-06-20T16:46Z",612,"2017-06-20T18:41:50Z",,78.30,16.49,93.50,,94.18,
"7be300ac-d322-4a4f-ae26-74c64bcf7fd5","1a5ca053-bb59-4060-acc2-fafc84bd5e6d","D17","BIGC","BIGC.AOS.reaeration.station.01","BIGC_S1_20170620","2017-06-20T16:46Z",228,"2017-06-20T17:37:50Z",,73.90,15.58,90.11,,90.79,
"effc08c4-a853-4eba-9566-c25217806cb4","1a5ca053-bb59-4060-acc2-fafc84bd5e6d","D17","BIGC","BIGC.AOS.reaeration.station.01","BIGC_S1_20170620","2017-06-20T16:46Z",319,"2017-06-20T17:53:00Z",,74.20,15.69,90.25,,90.93,
"c0c498fe-7e51-480b-8f00-961fc9f198a7","1a5ca053-bb59-4060-acc2-fafc84bd5e6d","D17","BIGC","BIGC.AOS.reaeration.station.01","BIGC_S1_20170620","2017-06-20T16:46Z",725,"2017-06-20T19:00:40Z",,78.70,16.83,93.25,,93.92,
"4fe37782-c129-471d-9c12-95e5df33f05b","1a5ca053-bb59-4060-acc2-fafc84bd5e6d","D17","BIGC","BIGC.AOS.reaeration.station.01","BIGC_S1_20170620","2017-06-20T16:46Z",422,"2017-06-20T18:10:10Z",,75.00,15.92,90.74,,91.41,
"6c78f8df-d8db-4d83-875f-fd866073643c","1a5ca053-bb59-4060-acc2-fafc84bd5e6d","D17","BIGC","BIGC.AOS.reaeration.station.01","BIGC_S1_20170620","2017-06-20T16:46Z",194,"2017-06-20T17:32:10Z",,73.50,15.53,89.73,,90.41,
"f7f7d85d-9d25-4616-a0cd-ae2c0a16588a","1a5ca053-bb59-4060-acc2-fafc84bd5e6d","D17","BIGC","BIGC.AOS.reaeration.station.01","BIGC_S1_20170620","2017-06-20T16:46Z",669,"2017-06-20T18:51:20Z",,78.30,16.66,93.14,,93.81,
"ddd0bdf1-8ca4-4ad7-9c0c-592c053dd9cc","1a5ca053-bb59-4060-acc2-fafc84bd5e6d","D17","BIGC","BIGC.AOS.reaeration.station.01","BIGC_S1_20170620","2017-06-20T16:46Z",193,"2017-06-20T17:32:00Z",,73.50,15.52,89.75,,90.43,
"1dd4522d-81da-4dbc-814c-0e43fd54d466","1a5ca053-bb59-4060-acc2-fafc84bd5e6d","D17","BIGC","BIGC.AOS.reaeration.station.01","BIGC_S1_20170620","2017-06-20T16:46Z",327,"2017-06-20T17:54:20Z",,74.60,15.71,90.69,,91.37,
"b2ff279b-7ad8-4159-9960-c9452b08204e","1a5ca053-bb59-4060-acc2-fafc84bd5e6d","D17","BIGC","BIGC.AOS.reaeration.station.01","BIGC_S1_20170620","2017-06-20T16:46Z",714,"2017-06-20T18:58:50Z",,78.70,16.79,93.34,,94.00,
"11769602-75ad-45be-bf02-0cc55b430297","1a5ca053-bb59-4060-acc2-fafc84bd5e6d","D17","BIGC","BIGC.AOS.reaeration.station.01","BIGC_S1_20170620","2017-06-20T16:46Z",581,"2017-06-20T18:36:40Z",,78.30,16.40,93.69,,94.37,
"e4ba0827-90fa-4775-9853-dd2511db9022","1a5ca053-bb59-4060-acc2-fafc84bd5e6d","D17","BIGC","BIGC.AOS.reaeration.station.01","BIGC_S1_20170620","2017-06-20T16:46Z",139,"2017-06-20T17:23:00Z",,73.50,15.48,89.83,,90.51,
"206efd65-ad29-4360-b1e1-f925a770b8b1","1a5ca053-bb59-4060-acc2-fafc84bd5e6d","D17","BIGC","BIGC.AOS.reaeration.station.01","BIGC_S1_20170620","2017-06-20T16:46Z",780,"2017-06-20T19:09:50Z",,43.30,23.53,44.55,,44.63,
"b660dd06-d2a3-462e-b4ba-33ac9e5549ac","1a5ca053-bb59-4060-acc2-fafc84bd5e6d","D17","BIGC","BIGC.AOS.reaeration.station.01","BIGC_S1_20170620","2017-06-20T16:46Z",237,"2017-06-20T17:39:20Z",,73.90,15.58,90.11,,90.79,
"aaf9cb6d-f153-42f1-85e0-b032b741dcc4","1a5ca053-bb59-4060-acc2-fafc84bd5e6d","D17","BIGC","BIGC.AOS.reaeration.station.01","BIGC_S1_20170620","2017-06-20T16:46Z",249,"2017-06-20T17:41:20Z",,73.90,15.59,90.09,,90.77,
"ed038099-2d49-4b8c-892d-130b9ae9f533","1a5ca053-bb59-4060-acc2-fafc84bd5e6d","D17","BIGC","BIGC.AOS.reaeration.station.01","BIGC_S1_20170620","2017-06-20T16:46Z",24,"2017-06-20T17:03:50Z",,73.10,15.34,89.64,,90.32,
"3122b8e5-ff39-4150-9a62-bd0b83ed3f36","1a5ca053-bb59-4060-acc2-fafc84bd5e6d","D17","BIGC","BIGC.AOS.reaeration.station.01","BIGC_S1_20170620","2017-06-20T16:46Z",197,"2017-06-20T17:32:40Z",,73.50,15.57,89.65,,90.32,
"72a7983f-d3f1-47db-ab43-6a5e55409bf4","1a5ca053-bb59-4060-acc2-fafc84bd5e6d","D17","BIGC","BIGC.AOS.reaeration.station.01","BIGC_S1_20170620","2017-06-20T16:46Z",169,"2017-06-20T17:28:00Z",,73.90,15.45,90.39,,91.07,
"c4bb4394-3a58-455e-bf42-b719f38724d0","1a5ca053-bb59-4060-acc2-fafc84bd5e6d","D17","BIGC","BIGC.AOS.reaeration.station.01","BIGC_S1_20170620","2017-06-20T16:46Z",10,"2017-06-20T17:01:30Z",,73.50,15.34,90.13,,90.81,
"41b2a894-8329-4c38-b472-573cac06ae17","1a5ca053-bb59-4060-acc2-fafc84bd5e6d","D17","BIGC","BIGC.AOS.reaeration.station.01","BIGC_S1_20170620","2017-06-20T16:46Z",54,"2017-06-20T17:08:50Z",,73.50,15.32,90.17,,90.86,
"4d4b204e-604a-447e-82b3-16b752f39e37","1a5ca053-bb59-4060-acc2-fafc84bd5e6d","D17","BIGC","BIGC.AOS.reaeration.station.01","BIGC_S1_20170620","2017-06-20T16:46Z",5,"2017-06-20T17:00:40Z",,73.10,15.34,89.64,,90.32,
"f0504f7c-46db-49d4-af53-b341652f7e2e","1a5ca053-bb59-4060-acc2-fafc84bd5e6d","D17","BIGC","BIGC.AOS.reaeration.station.01","BIGC_S1_20170620","2017-06-20T16:46Z",442,"2017-06-20T18:13:30Z",,76.50,15.96,92.47,,93.15,
"63f18ea2-33b9-4bb2-9273-e9e313c4634b","1a5ca053-bb59-4060-acc2-fafc84bd5e6d","D17","BIGC","BIGC.AOS.reaeration.station.01","BIGC_S1_20170620","2017-06-20T16:46Z",808,"2017-06-20T19:14:30Z",,45.80,25.69,45.20,,45.17,
"26a19a1a-7528-4637-a6b3-871dcbac48ae","1a5ca053-bb59-4060-acc2-fafc84bd5e6d","D17","BIGC","BIGC.AOS.reaeration.station.01","BIGC_S1_20170620","2017-06-20T16:46Z",115,"2017-06-20T17:19:00Z",,73.50,15.40,90.00,,90.68,
"dc43f72d-870a-4748-8c73-965549323b8b","1a5ca053-bb59-4060-acc2-fafc84bd5e6d","D17","BIGC","BIGC.AOS.reaeration.station.01","BIGC_S1_20170620","2017-06-20T16:46Z",17,"2017-06-20T17:02:40Z",,73.10,15.42,89.47,,90.15,
"329b863b-1014-46c8-bc20-4c7409725e66","1a5ca053-bb59-4060-acc2-fafc84bd5e6d","D17","BIGC","BIGC.AOS.reaeration.station.01","BIGC_S1_20170620","2017-06-20T16:46Z",675,"2017-06-20T18:52:20Z",,78.30,16.66,93.14,,93.81,
"e77d9ea5-4db1-4342-b7dc-4d92e24d8b9e","1a5ca053-bb59-4060-acc2-fafc84bd5e6d","D17","BIGC","BIGC.AOS.reaeration.station.01","BIGC_S1_20170620","2017-06-20T16:46Z",520,"2017-06-20T18:26:30Z",,77.60,16.22,93.24,,93.92,
"e0b29c17-987f-413b-aa71-eef22dfa76f3","1a5ca053-bb59-4060-acc2-fafc84bd5e6d","D17","BIGC","BIGC.AOS.reaeration.station.01","BIGC_S1_20170620","2017-06-20T16:46Z",478,"2017-06-20T18:19:30Z",,77.20,16.07,93.08,,93.76,
"7a6f9dd3-80a0-40cb-8665-f70f2b8e96dd","1a5ca053-bb59-4060-acc2-fafc84bd5e6d","D17","BIGC","BIGC.AOS.reaeration.station.01","BIGC_S1_20170620","2017-06-20T16:46Z",94,"2017-06-20T17:15:30Z",,73.50,15.36,90.09,,90.77,
"55f3f6f2-6a37-4b9d-a795-861917044741","1a5ca053-bb59-4060-acc2-fafc84bd5e6d","D17","BIGC","BIGC.AOS.reaeration.station.01","BIGC_S1_20170620","2017-06-20T16:46Z",230,"2017-06-20T17:38:10Z",,73.90,15.56,90.16,,90.83,
"9d1832d0-87d0-44c2-a883-e165fadb799b","1a5ca053-bb59-4060-acc2-fafc84bd5e6d","D17","BIGC","BIGC.AOS.reaeration.station.01","BIGC_S1_20170620","2017-06-20T16:46Z",40,"2017-06-20T17:06:30Z",,73.50,15.33,90.15,,90.83,
"c51852bf-5d6c-499c-b68e-48a319593cd1","1a5ca053-bb59-4060-acc2-fafc84bd5e6d","D17","BIGC","BIGC.AOS.reaeration.station.01","BIGC_S1_20170620","2017-06-20T16:46Z",292,"2017-06-20T17:48:30Z",,73.90,15.65,89.97,,90.64,
"1742a034-e43d-4902-b4bb-79c5c0f63288","1a5ca053-bb59-4060-acc2-fafc84bd5e6d","D17","BIGC","BIGC.AOS.reaeration.station.01","BIGC_S1_20170620","2017-06-20T16:46Z",60,"2017-06-20T17:09:50Z",,73.50,15.34,90.13,,90.81,
"b2bfa968-bf3c-4509-a135-89a418719faa","1a5ca053-bb59-4060-acc2-fafc84bd5e6d","D17","BIGC","BIGC.AOS.reaeration.station.01","BIGC_S1_20170620","2017-06-20T16:46Z",500,"2017-06-20T18:23:10Z",,77.60,16.17,93.34,,94.03,
"59813a7a-5cf5-4a5b-a847-101aab9a06c4","1a5ca053-bb59-4060-acc2-fafc84bd5e6d","D17","BIGC","BIGC.AOS.reaeration.station.01","BIGC_S1_20170620","2017-06-20T16:46Z",543,"2017-06-20T18:30:20Z",,78.30,16.30,93.90,,94.59,
"34b33def-60aa-452e-9a9a-bbefd10233c8","1a5ca053-bb59-4060-acc2-fafc84bd5e6d","D17","BIGC","BIGC.AOS.reaeration.station.01","BIGC_S1_20170620","2017-06-20T16:46Z",502,"2017-06-20T18:23:30Z",,77.60,16.19,93.30,,93.99,
"ced05ffb-31da-4235-8f4e-e0879a2090d0","1a5ca053-bb59-4060-acc2-fafc84bd5e6d","D17","BIGC","BIGC.AOS.reaeration.station.01","BIGC_S1_20170620","2017-06-20T16:46Z",644,"2017-06-20T18:47:10Z",,78.30,16.58,93.31,,93.98,
"135cd26e-cbb2-4f1d-a3f1-e881e4b596a1","1a5ca053-bb59-4060-acc2-fafc84bd5e6d","D17","BIGC","BIGC.AOS.reaeration.station.01","BIGC_S1_20170620","2017-06-20T16:46Z",559,"2017-06-20T18:33:00Z",,78.00,16.37,93.39,,94.08,
"960bf307-bf5f-44d0-a81f-f288e9e4bd03","1a5ca053-bb59-4060-acc2-fafc84bd5e6d","D17","BIGC","BIGC.AOS.reaeration.station.01","BIGC_S1_20170620","2017-06-20T16:46Z",38,"2017-06-20T17:06:10Z",,73.50,15.33,90.15,,90.83,
"6715b11e-8d3a-42f6-82b7-c44b070c7825","1a5ca053-bb59-4060-acc2-fafc84bd5e6d","D17","BIGC","BIGC.AOS.reaeration.station.01","BIGC_S1_20170620","2017-06-20T16:46Z",336,"2017-06-20T17:55:50Z",,74.60,15.72,90.67,,91.35,
"11e4f9cb-77d2-475f-be25-2d3c9eb9fdbb","1a5ca053-bb59-4060-acc2-fafc84bd5e6d","D17","BIGC","BIGC.AOS.reaeration.station.01","BIGC_S1_20170620","2017-06-20T16:46Z",103,"2017-06-20T17:17:00Z",,73.50,15.42,89.96,,90.64,
"70eef9a7-108c-4a68-b507-cdc407700dc9","1a5ca053-bb59-4060-acc2-fafc84bd5e6d","D17","BIGC","BIGC.AOS.reaeration.station.01","BIGC_S1_20170620","2017-06-20T16:46Z",782,"2017-06-20T19:10:10Z",,43.30,23.62,44.47,,44.54,
"b53d0638-7320-44b4-8e30-2acf3666afd4","1a5ca053-bb59-4060-acc2-fafc84bd5e6d","D17","BIGC","BIGC.AOS.reaeration.station.01","BIGC_S1_20170620","2017-06-20T16:46Z",82,"2017-06-20T17:13:30Z",,73.90,15.36,90.58,,91.26,
"d18b44e2-275c-4548-9b48-df2436f3cb03","1a5ca053-bb59-4060-acc2-fafc84bd5e6d","D17","BIGC","BIGC.AOS.reaeration.station.01","BIGC_S1_20170620","2017-06-20T16:46Z",83,"2017-06-20T17:13:40Z",,73.50,15.42,89.96,,90.64,
"44fa3f83-695f-4c49-9fea-ff207eee553f","1a5ca053-bb59-4060-acc2-fafc84bd5e6d","D17","BIGC","BIGC.AOS.reaeration.station.01","BIGC_S1_20170620","2017-06-20T16:46Z",679,"2017-06-20T18:53:00Z",,78.70,16.67,93.59,,94.26,
"d8037019-9e59-4b59-846e-957a2c1592dc","1a5ca053-bb59-4060-acc2-fafc84bd5e6d","D17","BIGC","BIGC.AOS.reaeration.station.01","BIGC_S1_20170620","2017-06-20T16:46Z",346,"2017-06-20T17:57:30Z",,74.60,15.76,90.59,,91.27,
"e1f93b3e-00b4-49b8-ad6a-850c903bf58c","1a5ca053-bb59-4060-acc2-fafc84bd5e6d","D17","BIGC","BIGC.AOS.reaeration.station.01","BIGC_S1_20170620","2017-06-20T16:46Z",713,"2017-06-20T18:58:40Z",,79.10,16.79,93.81,,94.48,
"4840a6df-b855-442d-8fba-a0c332e2164c","1a5ca053-bb59-4060-acc2-fafc84bd5e6d","D17","BIGC","BIGC.AOS.reaeration.station.01","BIGC_S1_20170620","2017-06-20T16:46Z",157,"2017-06-20T17:26:00Z",,73.50,15.47,89.86,,90.53,
"98248be5-c655-414b-9db4-27d6e69032a2","1a5ca053-bb59-4060-acc2-fafc84bd5e6d","D17","BIGC","BIGC.AOS.reaeration.station.01","BIGC_S1_20170620","2017-06-20T16:46Z",810,"2017-06-20T19:14:50Z",,45.40,25.73,44.78,,44.74,
"29746903-349e-4945-9311-f0cf964755d7","1a5ca053-bb59-4060-acc2-fafc84bd5e6d","D17","BIGC","BIGC.AOS.reaeration.station.01","BIGC_S1_20170620","2017-06-20T16:46Z",789,"2017-06-20T19:11:20Z",,45.80,24.45,46.29,,46.32,
"6c109d50-bf51-4db4-893f-2ae1b8e9ebe3","1a5ca053-bb59-4060-acc2-fafc84bd5e6d","D17","BIGC","BIGC.AOS.reaeration.station.01","BIGC_S1_20170620","2017-06-20T16:46Z",622,"2017-06-20T18:43:30Z",,78.30,16.52,93.43,,94.11,
"da1ca4df-d188-4f04-b49c-b8e3ea7f3797","1a5ca053-bb59-4060-acc2-fafc84bd5e6d","D17","BIGC","BIGC.AOS.reaeration.station.01","BIGC_S1_20170620","2017-06-20T16:46Z",423,"2017-06-20T18:10:20Z",,75.00,15.90,90.78,,91.45,
"737be2e2-98bd-4c2c-930a-d9896fbc7ad1","1a5ca053-bb59-4060-acc2-fafc84bd5e6d","D17","BIGC","BIGC.AOS.reaeration.station.01","BIGC_S1_20170620","2017-06-20T16:46Z",645,"2017-06-20T18:47:20Z",,78.30,16.56,93.35,,94.02,
"20e0a9f9-f8db-4b99-af7e-ee95ada981ad","1a5ca053-bb59-4060-acc2-fafc84bd5e6d","D17","BIGC","BIGC.AOS.reaeration.station.01","BIGC_S1_20170620","2017-06-20T16:46Z",211,"2017-06-20T17:35:00Z",,73.90,15.53,90.22,,90.90,
"2fba04f3-6c72-4509-8d20-5f7f2d7a0db4","1a5ca053-bb59-4060-acc2-fafc84bd5e6d","D17","BIGC","BIGC.AOS.reaeration.station.01","BIGC_S1_20170620","2017-06-20T16:46Z",283,"2017-06-20T17:47:00Z",,73.90,15.64,89.99,,90.66,
"9e2a2c3b-c1fb-4266-896c-8bbaa352a743","1a5ca053-bb59-4060-acc2-fafc84bd5e6d","D17","BIGC","BIGC.AOS.reaeration.station.01","BIGC_S1_20170620","2017-06-20T16:46Z",796,"2017-06-20T19:12:30Z",,47.30,25.02,47.28,,47.28,
"4e5862b9-1405-4d2d-bcd0-cbae7ab36d9b","1a5ca053-bb59-4060-acc2-fafc84bd5e6d","D17","BIGC","BIGC.AOS.reaeration.station.01","BIGC_S1_20170620","2017-06-20T16:46Z",369,"2017-06-20T18:01:20Z",,74.60,15.76,90.59,,91.27,
"f598d865-5710-4f81-bb5d-560ff58a504a","1a5ca053-bb59-4060-acc2-fafc84bd5e6d","D17","BIGC","BIGC.AOS.reaeration.station.01","BIGC_S1_20170620","2017-06-20T16:46Z",261,"2017-06-20T17:43:20Z",,74.60,15.59,90.95,,91.63,
"dcd207d3-b481-4afb-822a-57191dccf2fb","1a5ca053-bb59-4060-acc2-fafc84bd5e6d","D17","BIGC","BIGC.AOS.reaeration.station.01","BIGC_S1_20170620","2017-06-20T16:46Z",575,"2017-06-20T18:35:40Z",,77.60,16.40,92.85,,93.53,
"0be6cafd-8734-4159-8bd6-5818cef601b1","1a5ca053-bb59-4060-acc2-fafc84bd5e6d","D17","BIGC","BIGC.AOS.reaeration.station.01","BIGC_S1_20170620","2017-06-20T16:46Z",363,"2017-06-20T18:00:20Z",,74.60,15.76,90.59,,91.27,
"bdc51fcd-56ad-4d85-89f5-fcfcfbf6f4a9","1a5ca053-bb59-4060-acc2-fafc84bd5e6d","D17","BIGC","BIGC.AOS.reaeration.station.01","BIGC_S1_20170620","2017-06-20T16:46Z",41,"2017-06-20T17:06:40Z",,73.50,15.32,90.17,,90.86,
"1f43da3a-4080-4767-b0fe-11c393682258","1a5ca053-bb59-4060-acc2-fafc84bd5e6d","D17","BIGC","BIGC.AOS.reaeration.station.01","BIGC_S1_20170620","2017-06-20T16:46Z",516,"2017-06-20T18:25:50Z",,77.60,16.26,93.15,,93.83,
"4879b849-1c3b-4f60-b5f8-4d127a9ccb2f","1a5ca053-bb59-4060-acc2-fafc84bd5e6d","D17","BIGC","BIGC.AOS.reaeration.station.01","BIGC_S1_20170620","2017-06-20T16:46Z",811,"2017-06-20T19:15:00Z",,45.00,25.76,44.36,,44.31,
"39a89aed-6ded-425d-bca2-e92c331fb5c2","1a5ca053-bb59-4060-acc2-fafc84bd5e6d","D17","BIGC","BIGC.AOS.reaeration.station.01","BIGC_S1_20170620","2017-06-20T16:46Z",708,"2017-06-20T18:57:50Z",,78.70,16.77,93.38,,94.05,
"6911dee5-e0a4-4a26-a76b-b4aadf8f08f4","1a5ca053-bb59-4060-acc2-fafc84bd5e6d","D17","BIGC","BIGC.AOS.reaeration.station.01","BIGC_S1_20170620","2017-06-20T16:46Z",28,"2017-06-20T17:04:30Z",,73.50,15.33,90.15,,90.83,
"5fe750cd-e289-4d25-8a0e-69ff1c39ee11","1a5ca053-bb59-4060-acc2-fafc84bd5e6d","D17","BIGC","BIGC.AOS.reaeration.station.01","BIGC_S1_20170620","2017-06-20T16:46Z",171,"2017-06-20T17:28:20Z",,73.50,15.47,89.86,,90.53,
"a0510a88-71bc-42b4-9ea6-531ac991c654","1a5ca053-bb59-4060-acc2-fafc84bd5e6d","D17","BIGC","BIGC.AOS.reaeration.station.01","BIGC_S1_20170620","2017-06-20T16:46Z",205,"2017-06-20T17:34:00Z",,73.50,15.53,89.73,,90.41,
"f7fba6f7-0d40-4760-8c73-6ef2d637771a","1a5ca053-bb59-4060-acc2-fafc84bd5e6d","D17","BIGC","BIGC.AOS.reaeration.station.01","BIGC_S1_20170620","2017-06-20T16:46Z",233,"2017-06-20T17:38:40Z",,73.90,15.58,90.11,,90.79,
"da823817-3ea6-4d0a-b36f-5d08fdd11384","1a5ca053-bb59-4060-acc2-fafc84bd5e6d","D17","BIGC","BIGC.AOS.reaeration.station.01","BIGC_S1_20170620","2017-06-20T16:46Z",112,"2017-06-20T17:18:30Z",,73.50,15.42,89.96,,90.64,
"9a1c0125-22a0-4718-a263-74a9b2aa9536","1a5ca053-bb59-4060-acc2-fafc84bd5e6d","D17","BIGC","BIGC.AOS.reaeration.station.01","BIGC_S1_20170620","2017-06-20T16:46Z",770,"2017-06-20T19:08:10Z",,42.20,22.12,44.66,,44.80,
"1986aeac-eaec-4b9d-9c36-2f745b140600","1a5ca053-bb59-4060-acc2-fafc84bd5e6d","D17","BIGC","BIGC.AOS.reaeration.station.01","BIGC_S1_20170620","2017-06-20T16:46Z",374,"2017-06-20T18:02:10Z",,74.60,15.80,90.50,,91.18,
"4476ec26-7f1f-48ba-b43e-bfbf54a35bfd","1a5ca053-bb59-4060-acc2-fafc84bd5e6d","D17","BIGC","BIGC.AOS.reaeration.station.01","BIGC_S1_20170620","2017-06-20T16:46Z",221,"2017-06-20T17:36:40Z",,73.90,15.56,90.16,,90.83,
"71cf639f-db76-46b9-aa52-bd7d5da41a22","1a5ca053-bb59-4060-acc2-fafc84bd5e6d","D17","BIGC","BIGC.AOS.reaeration.station.01","BIGC_S1_20170620","2017-06-20T16:46Z",492,"2017-06-20T18:21:50Z",,77.20,16.13,92.95,,93.63,
"95c5d598-89dc-4e17-8f67-6f8025284a51","1a5ca053-bb59-4060-acc2-fafc84bd5e6d","D17","BIGC","BIGC.AOS.reaeration.station.01","BIGC_S1_20170620","2017-06-20T16:46Z",703,"2017-06-20T18:57:00Z",,78.70,16.76,93.40,,94.07,
"90dfcd61-c8ac-4d10-a71c-ec60b1a3817a","1a5ca053-bb59-4060-acc2-fafc84bd5e6d","D17","BIGC","BIGC.AOS.reaeration.station.01","BIGC_S1_20170620","2017-06-20T16:46Z",449,"2017-06-20T18:14:40Z",,76.50,16.01,92.36,,93.04,
"59ff74e8-067b-40a6-ab93-0093a36b202a","1a5ca053-bb59-4060-acc2-fafc84bd5e6d","D17","BIGC","BIGC.AOS.reaeration.station.01","BIGC_S1_20170620","2017-06-20T16:46Z",680,"2017-06-20T18:53:10Z",,78.30,16.67,93.11,,93.78,
"36afccdb-902f-415d-804e-a9b6dd68195b","1a5ca053-bb59-4060-acc2-fafc84bd5e6d","D17","BIGC","BIGC.AOS.reaeration.station.01","BIGC_S1_20170620","2017-06-20T16:46Z",138,"2017-06-20T17:22:50Z",,73.50,15.45,89.90,,90.58,
"fa23f007-0dda-4438-8f7e-91348c8018b0","1a5ca053-bb59-4060-acc2-fafc84bd5e6d","D17","BIGC","BIGC.AOS.reaeration.station.01","BIGC_S1_20170620","2017-06-20T16:46Z",778,"2017-06-20T19:09:30Z",,42.20,22.62,44.21,,44.33,
"d741481b-ab76-45d0-b616-699bcaf8a016","1a5ca053-bb59-4060-acc2-fafc84bd5e6d","D17","BIGC","BIGC.AOS.reaeration.station.01","BIGC_S1_20170620","2017-06-20T16:46Z",431,"2017-06-20T18:11:40Z",,75.70,15.93,91.56,,92.24,
"96e4a42b-cb12-4d1d-8d20-5ded0bece586","1a5ca053-bb59-4060-acc2-fafc84bd5e6d","D17","BIGC","BIGC.AOS.reaeration.station.01","BIGC_S1_20170620","2017-06-20T16:46Z",566,"2017-06-20T18:34:10Z",,78.30,16.38,93.73,,94.42,
"b55e61b4-9af2-41a1-b1ef-dd45308051f6","1a5ca053-bb59-4060-acc2-fafc84bd5e6d","D17","BIGC","BIGC.AOS.reaeration.station.01","BIGC_S1_20170620","2017-06-20T16:46Z",75,"2017-06-20T17:12:20Z",,73.50,15.35,90.11,,90.79,
"fcab72f5-1918-4ff4-8d8e-223b4ab99aac","1a5ca053-bb59-4060-acc2-fafc84bd5e6d","D17","BIGC","BIGC.AOS.reaeration.station.01","BIGC_S1_20170620","2017-06-20T16:46Z",265,"2017-06-20T17:44:00Z",,73.90,15.60,90.07,,90.75,
"2df1a143-c7ca-4d41-8d9e-cd2b2e7b86f6","1a5ca053-bb59-4060-acc2-fafc84bd5e6d","D17","BIGC","BIGC.AOS.reaeration.station.01","BIGC_S1_20170620","2017-06-20T16:46Z",314,"2017-06-20T17:52:10Z",,74.60,15.69,90.73,,91.42,
"318e713d-5c52-468b-8d32-9466423c2d1d","1a5ca053-bb59-4060-acc2-fafc84bd5e6d","D17","BIGC","BIGC.AOS.reaeration.station.01","BIGC_S1_20170620","2017-06-20T16:46Z",125,"2017-06-20T17:20:40Z",,73.50,15.42,89.96,,90.64,
"eee8f34d-0612-448b-bfa2-5392cfe08b9b","1a5ca053-bb59-4060-acc2-fafc84bd5e6d","D17","BIGC","BIGC.AOS.reaeration.station.01","BIGC_S1_20170620","2017-06-20T16:46Z",409,"2017-06-20T18:08:00Z",,75.00,15.86,90.86,,91.54,
"1485e78a-9ed4-46be-bc1b-32595c153eb4","1a5ca053-bb59-4060-acc2-fafc84bd5e6d","D17","BIGC","BIGC.AOS.reaeration.station.01","BIGC_S1_20170620","2017-06-20T16:46Z",510,"2017-06-20T18:24:50Z",,77.60,16.20,93.28,,93.96,
"7cae3f4a-b2e2-47e3-bd9b-0fcd58e3ef02","1a5ca053-bb59-4060-acc2-fafc84bd5e6d","D17","BIGC","BIGC.AOS.reaeration.station.01","BIGC_S1_20170620","2017-06-20T16:46Z",717,"2017-06-20T18:59:20Z",,78.70,16.80,93.31,,93.98,
"38ca050e-bf3c-48f4-852d-2c6409ccf314","1a5ca053-bb59-4060-acc2-fafc84bd5e6d","D17","BIGC","BIGC.AOS.reaeration.station.01","BIGC_S1_20170620","2017-06-20T16:46Z",31,"2017-06-20T17:05:00Z",,73.10,15.36,89.60,,90.28,
"7bfcacb1-172a-4221-a007-89498a0ec60f","1a5ca053-bb59-4060-acc2-fafc84bd5e6d","D17","BIGC","BIGC.AOS.reaeration.station.01","BIGC_S1_20170620","2017-06-20T16:46Z",20,"2017-06-20T17:03:10Z",,73.50,15.38,90.05,,90.73,
"b0484b8b-ec39-4798-8d8f-5d845f5178be","1a5ca053-bb59-4060-acc2-fafc84bd5e6d","D17","BIGC","BIGC.AOS.reaeration.station.01","BIGC_S1_20170620","2017-06-20T16:46Z",580,"2017-06-20T18:36:30Z",,78.00,16.42,93.29,,93.97,
"a5743b35-833b-4d4b-b689-b282d56e6da9","1a5ca053-bb59-4060-acc2-fafc84bd5e6d","D17","BIGC","BIGC.AOS.reaeration.station.01","BIGC_S1_20170620","2017-06-20T16:46Z",105,"2017-06-20T17:17:20Z",,73.50,15.45,89.90,,90.58,
"d808defb-cc50-4c83-931f-56ec91ea5cbc","1a5ca053-bb59-4060-acc2-fafc84bd5e6d","D17","BIGC","BIGC.AOS.reaeration.station.01","BIGC_S1_20170620","2017-06-20T16:46Z",587,"2017-06-20T18:37:40Z",,78.00,16.43,93.27,,93.95,
"a4a2c313-e3e2-4266-acf2-c3000d5d7c14","1a5ca053-bb59-4060-acc2-fafc84bd5e6d","D17","BIGC","BIGC.AOS.reaeration.station.01","BIGC_S1_20170620","2017-06-20T16:46Z",23,"2017-06-20T17:03:40Z",,73.50,15.33,90.15,,90.83,
"d552d702-5ca2-4e24-8b85-0ecaa7b67519","1a5ca053-bb59-4060-acc2-fafc84bd5e6d","D17","BIGC","BIGC.AOS.reaeration.station.01","BIGC_S1_20170620","2017-06-20T16:46Z",557,"2017-06-20T18:32:40Z",,77.60,16.35,92.96,,93.64,
"7d90bc7d-c91e-45c1-ad1b-ee91c092be88","1a5ca053-bb59-4060-acc2-fafc84bd5e6d","D17","BIGC","BIGC.AOS.reaeration.station.01","BIGC_S1_20170620","2017-06-20T16:46Z",758,"2017-06-20T19:06:10Z",,41.50,21.43,44.54,,44.71,
"031db268-bc9f-44bf-bab8-01d4cb39eb63","1a5ca053-bb59-4060-acc2-fafc84bd5e6d","D17","BIGC","BIGC.AOS.reaeration.station.01","BIGC_S1_20170620","2017-06-20T16:46Z",425,"2017-06-20T18:10:40Z",,74.60,15.94,90.21,,90.88,
"c9e331be-801d-40c3-9714-9120f2a2067a","1a5ca053-bb59-4060-acc2-fafc84bd5e6d","D17","BIGC","BIGC.AOS.reaeration.station.01","BIGC_S1_20170620","2017-06-20T16:46Z",73,"2017-06-20T17:12:00Z",,73.10,15.44,89.43,,90.11,
"37129cf2-4b2d-470c-a14d-e19811162fa3","1a5ca053-bb59-4060-acc2-fafc84bd5e6d","D17","BIGC","BIGC.AOS.reaeration.station.01","BIGC_S1_20170620","2017-06-20T16:46Z",213,"2017-06-20T17:35:20Z",,73.90,15.54,90.20,,90.88,
"effbdd38-91e6-4e61-a494-72bac7a847d7","1a5ca053-bb59-4060-acc2-fafc84bd5e6d","D17","BIGC","BIGC.AOS.reaeration.station.01","BIGC_S1_20170620","2017-06-20T16:46Z",768,"2017-06-20T19:07:50Z",,42.20,22.13,44.65,,44.79,
"f479335e-935e-4af9-a5bd-fa4566f50783","1a5ca053-bb59-4060-acc2-fafc84bd5e6d","D17","BIGC","BIGC.AOS.reaeration.station.01","BIGC_S1_20170620","2017-06-20T16:46Z",453,"2017-06-20T18:15:20Z",,76.50,16.02,92.34,,93.02,
"f141bcc3-c753-4669-bea0-8cd92c09ea0e","1a5ca053-bb59-4060-acc2-fafc84bd5e6d","D17","BIGC","BIGC.AOS.reaeration.station.01","BIGC_S1_20170620","2017-06-20T16:46Z",488,"2017-06-20T18:21:10Z",,77.20,16.10,93.01,,93.70,
"79fbe596-9a34-47c0-9ed9-28ff9561b6ee","1a5ca053-bb59-4060-acc2-fafc84bd5e6d","D17","BIGC","BIGC.AOS.reaeration.station.01","BIGC_S1_20170620","2017-06-20T16:46Z",629,"2017-06-20T18:44:40Z",,78.30,16.54,93.39,,94.07,
"60b1c731-9670-4b24-adb5-e031da6d2502","1a5ca053-bb59-4060-acc2-fafc84bd5e6d","D17","BIGC","BIGC.AOS.reaeration.station.01","BIGC_S1_20170620","2017-06-20T16:46Z",416,"2017-06-20T18:09:10Z",,75.00,15.90,90.78,,91.45,
"92038edc-144f-42d2-a6f9-a7c9187a3056","1a5ca053-bb59-4060-acc2-fafc84bd5e6d","D17","BIGC","BIGC.AOS.reaeration.station.01","BIGC_S1_20170620","2017-06-20T16:46Z",407,"2017-06-20T18:07:40Z",,75.00,15.87,90.84,,91.52,
"d9d01cb1-b593-44b7-8315-276c4231b5fd","1a5ca053-bb59-4060-acc2-fafc84bd5e6d","D17","BIGC","BIGC.AOS.reaeration.station.01","BIGC_S1_20170620","2017-06-20T16:46Z",295,"2017-06-20T17:49:00Z",,74.20,15.66,90.31,,90.99,
"daefa4da-6065-4dbb-922e-f0dc17f364d3","1a5ca053-bb59-4060-acc2-fafc84bd5e6d","D17","BIGC","BIGC.AOS.reaeration.station.01","BIGC_S1_20170620","2017-06-20T16:46Z",459,"2017-06-20T18:16:20Z",,76.80,16.05,92.64,,93.32,
"406a06d9-f03b-476b-8c8d-1f9045161d16","1a5ca053-bb59-4060-acc2-fafc84bd5e6d","D17","BIGC","BIGC.AOS.reaeration.station.01","BIGC_S1_20170620","2017-06-20T16:46Z",399,"2017-06-20T18:06:20Z",,75.00,15.83,90.93,,91.60,
"76c6730b-426f-4281-bfcc-04eab19eed2c","1a5ca053-bb59-4060-acc2-fafc84bd5e6d","D17","BIGC","BIGC.AOS.reaeration.station.01","BIGC_S1_20170620","2017-06-20T16:46Z",238,"2017-06-20T17:39:30Z",,73.90,15.59,90.09,,90.77,
"57c00319-f0c1-45b1-8acf-bd8074957510","1a5ca053-bb59-4060-acc2-fafc84bd5e6d","D17","BIGC","BIGC.AOS.reaeration.station.01","BIGC_S1_20170620","2017-06-20T16:46Z",705,"2017-06-20T18:57:20Z",,78.30,16.77,92.90,,93.57,
"9e111ca9-1ca2-4dec-8caf-de0bd77b3460","1a5ca053-bb59-4060-acc2-fafc84bd5e6d","D17","BIGC","BIGC.AOS.reaeration.station.01","BIGC_S1_20170620","2017-06-20T16:46Z",376,"2017-06-20T18:02:30Z",,75.00,15.80,90.99,,91.67,
"25941440-07da-4ff9-a109-7323c62d1454","1a5ca053-bb59-4060-acc2-fafc84bd5e6d","D17","BIGC","BIGC.AOS.reaeration.station.01","BIGC_S1_20170620","2017-06-20T16:46Z",29,"2017-06-20T17:04:40Z",,73.50,15.34,90.13,,90.81,
"43021532-0ba3-4b09-8652-3eadb261b88e","1a5ca053-bb59-4060-acc2-fafc84bd5e6d","D17","BIGC","BIGC.AOS.reaeration.station.01","BIGC_S1_20170620","2017-06-20T16:46Z",585,"2017-06-20T18:37:20Z",,78.30,16.43,93.63,,94.31,
"13ea9729-dce7-495c-aa32-d4439a5036cd","1a5ca053-bb59-4060-acc2-fafc84bd5e6d","D17","BIGC","BIGC.AOS.reaeration.station.01","BIGC_S1_20170620","2017-06-20T16:46Z",617,"2017-06-20T18:42:40Z",,78.30,16.49,93.50,,94.18,
"0a1075c9-7316-49dd-99e1-de327e959991","1a5ca053-bb59-4060-acc2-fafc84bd5e6d","D17","BIGC","BIGC.AOS.reaeration.station.01","BIGC_S1_20170620","2017-06-20T16:46Z",348,"2017-06-20T17:57:50Z",,74.60,15.76,90.59,,91.27,
"89529d8b-1175-4cfc-bed9-bcf2a152b0e8","1a5ca053-bb59-4060-acc2-fafc84bd5e6d","D17","BIGC","BIGC.AOS.reaeration.station.01","BIGC_S1_20170620","2017-06-20T16:46Z",548,"2017-06-20T18:31:10Z",,78.00,16.34,93.46,,94.14,
"5ea2a2f7-93bb-45f6-945c-bd155c1e6760","1a5ca053-bb59-4060-acc2-fafc84bd5e6d","D17","BIGC","BIGC.AOS.reaeration.station.01","BIGC_S1_20170620","2017-06-20T16:46Z",42,"2017-06-20T17:06:50Z",,73.50,15.38,90.05,,90.73,
"878138e0-4fcc-48c8-8880-bfcbba26e813","1a5ca053-bb59-4060-acc2-fafc84bd5e6d","D17","BIGC","BIGC.AOS.reaeration.station.01","BIGC_S1_20170620","2017-06-20T16:46Z",683,"2017-06-20T18:53:40Z",,78.30,16.70,93.05,,93.72,
"1ec8a00a-1bf1-43e0-be97-da563748e952","1a5ca053-bb59-4060-acc2-fafc84bd5e6d","D17","BIGC","BIGC.AOS.reaeration.station.01","BIGC_S1_20170620","2017-06-20T16:46Z",56,"2017-06-20T17:09:10Z",,73.50,15.35,90.11,,90.79,
"3fbc5e73-a61c-4322-8846-04480da9d7a6","1a5ca053-bb59-4060-acc2-fafc84bd5e6d","D17","BIGC","BIGC.AOS.reaeration.station.01","BIGC_S1_20170620","2017-06-20T16:46Z",577,"2017-06-20T18:36:00Z",,78.30,16.40,93.69,,94.37,
"0154a2ff-c46b-4bb8-a5f1-1fb51b5881d9","1a5ca053-bb59-4060-acc2-fafc84bd5e6d","D17","BIGC","BIGC.AOS.reaeration.station.01","BIGC_S1_20170620","2017-06-20T16:46Z",506,"2017-06-20T18:24:10Z",,77.60,16.22,93.24,,93.92,
"81af402b-9fbf-4c59-b2c2-ace7ee83ed23","1a5ca053-bb59-4060-acc2-fafc84bd5e6d","D17","BIGC","BIGC.AOS.reaeration.station.01","BIGC_S1_20170620","2017-06-20T16:46Z",734,"2017-06-20T19:02:10Z",,38.90,19.86,43.13,,43.36,
"12f3bd23-dc71-410b-89b9-e9d47ba324be","1a5ca053-bb59-4060-acc2-fafc84bd5e6d","D17","BIGC","BIGC.AOS.reaeration.station.01","BIGC_S1_20170620","2017-06-20T16:46Z",760,"2017-06-20T19:06:30Z",,41.50,21.57,44.41,,44.58,
"7d69483d-3e30-421f-be01-8d9192890bb0","1a5ca053-bb59-4060-acc2-fafc84bd5e6d","D17","BIGC","BIGC.AOS.reaeration.station.01","BIGC_S1_20170620","2017-06-20T16:46Z",323,"2017-06-20T17:53:40Z",,74.20,15.71,90.21,,90.88,
"c8552088-c1e5-4ea4-b4ac-ed89ac13cf94","1a5ca053-bb59-4060-acc2-fafc84bd5e6d","D17","BIGC","BIGC.AOS.reaeration.station.01","BIGC_S1_20170620","2017-06-20T16:46Z",661,"2017-06-20T18:50:00Z",,78.30,16.62,93.22,,93.89,
"f8182eec-d983-4d9e-868a-90f639388599","1a5ca053-bb59-4060-acc2-fafc84bd5e6d","D17","BIGC","BIGC.AOS.reaeration.station.01","BIGC_S1_20170620","2017-06-20T16:46Z",22,"2017-06-20T17:03:30Z",,73.50,15.30,90.21,,90.90,
"8f44c5df-3e30-4995-8f04-c0da7f3f133e","1a5ca053-bb59-4060-acc2-fafc84bd5e6d","D17","BIGC","BIGC.AOS.reaeration.station.01","BIGC_S1_20170620","2017-06-20T16:46Z",472,"2017-06-20T18:18:30Z",,76.80,16.08,92.57,,93.26,
"c86ea24f-800c-4f1c-9adb-93668147672e","1a5ca053-bb59-4060-acc2-fafc84bd5e6d","D17","BIGC","BIGC.AOS.reaeration.station.01","BIGC_S1_20170620","2017-06-20T16:46Z",671,"2017-06-20T18:51:40Z",,78.30,16.66,93.14,,93.81,
"486e9dc9-2198-4584-bb01-d6909fbcb490","1a5ca053-bb59-4060-acc2-fafc84bd5e6d","D17","BIGC","BIGC.AOS.reaeration.station.01","BIGC_S1_20170620","2017-06-20T16:46Z",224,"2017-06-20T17:37:10Z",,73.90,15.60,90.07,,90.75,
"e9044bc4-470f-4257-bfcb-d612e944c86a","1a5ca053-bb59-4060-acc2-fafc84bd5e6d","D17","BIGC","BIGC.AOS.reaeration.station.01","BIGC_S1_20170620","2017-06-20T16:46Z",299,"2017-06-20T17:49:40Z",,73.80,15.69,89.76,,90.44,
"8c7825da-cb04-40d3-b9c8-40fd9e78f9a0","1a5ca053-bb59-4060-acc2-fafc84bd5e6d","D17","BIGC","BIGC.AOS.reaeration.station.01","BIGC_S1_20170620","2017-06-20T16:46Z",829,"2017-06-20T19:17:36Z",,,,,,,
"95aa66ce-494e-478e-b2fd-d64ba38347be","1a5ca053-bb59-4060-acc2-fafc84bd5e6d","D17","BIGC","BIGC.AOS.reaeration.station.01","BIGC_S1_20170620","2017-06-20T16:46Z",325,"2017-06-20T17:54:00Z",,73.80,15.72,89.70,,90.37,
"db70f09f-02df-4db6-acba-ad7910edfed8","1a5ca053-bb59-4060-acc2-fafc84bd5e6d","D17","BIGC","BIGC.AOS.reaeration.station.01","BIGC_S1_20170620","2017-06-20T16:46Z",514,"2017-06-20T18:25:30Z",,77.60,16.29,93.09,,93.77,
"55b7745c-96d9-46ff-9d56-c2189aabbd10","1a5ca053-bb59-4060-acc2-fafc84bd5e6d","D17","BIGC","BIGC.AOS.reaeration.station.01","BIGC_S1_20170620","2017-06-20T16:46Z",775,"2017-06-20T19:09:00Z",,42.20,22.45,44.36,,44.49,
"87af32d9-3d87-46ab-a99c-198b469e3169","1a5ca053-bb59-4060-acc2-fafc84bd5e6d","D17","BIGC","BIGC.AOS.reaeration.station.01","BIGC_S1_20170620","2017-06-20T16:46Z",152,"2017-06-20T17:25:10Z",,73.50,15.53,89.73,,90.41,
"ff0b2bdd-1929-4e1d-ac18-1f367e5d347c","1a5ca053-bb59-4060-acc2-fafc84bd5e6d","D17","BIGC","BIGC.AOS.reaeration.station.01","BIGC_S1_20170620","2017-06-20T16:46Z",21,"2017-06-20T17:03:20Z",,73.50,15.34,90.13,,90.81,
"14c02bf2-f94e-4d12-bda3-e7c1352cd526","1a5ca053-bb59-4060-acc2-fafc84bd5e6d","D17","BIGC","BIGC.AOS.reaeration.station.01","BIGC_S1_20170620","2017-06-20T16:46Z",646,"2017-06-20T18:47:30Z",,78.30,16.59,93.28,,93.96,
"6ca2dc01-ceb5-495c-9a63-40e556e21fea","1a5ca053-bb59-4060-acc2-fafc84bd5e6d","D17","BIGC","BIGC.AOS.reaeration.station.01","BIGC_S1_20170620","2017-06-20T16:46Z",513,"2017-06-20T18:25:20Z",,77.60,16.23,93.21,,93.90,
"e60dc274-5737-42ca-972f-f3546057bb99","1a5ca053-bb59-4060-acc2-fafc84bd5e6d","D17","BIGC","BIGC.AOS.reaeration.station.01","BIGC_S1_20170620","2017-06-20T16:46Z",269,"2017-06-20T17:44:40Z",,74.20,15.62,90.39,,91.08,
"783edde3-db18-4c02-8ae0-530c97adba18","1a5ca053-bb59-4060-acc2-fafc84bd5e6d","D17","BIGC","BIGC.AOS.reaeration.station.01","BIGC_S1_20170620","2017-06-20T16:46Z",158,"2017-06-20T17:26:10Z",,73.50,15.46,89.88,,90.56,
"f8840012-6369-441a-b029-f19e2484a3ef","1a5ca053-bb59-4060-acc2-fafc84bd5e6d","D17","BIGC","BIGC.AOS.reaeration.station.01","BIGC_S1_20170620","2017-06-20T16:46Z",806,"2017-06-20T19:14:10Z",,46.50,25.85,45.76,,45.71,
"5595db03-a3b4-43bb-be12-ab4d3d883196","1a5ca053-bb59-4060-acc2-fafc84bd5e6d","D17","BIGC","BIGC.AOS.reaeration.station.01","BIGC_S1_20170620","2017-06-20T16:46Z",828,"2017-06-20T19:17:30Z",,43.90,26.68,42.54,,42.44,
"29d67a58-011a-4d9f-abb6-98ebc7bf07c3","1a5ca053-bb59-4060-acc2-fafc84bd5e6d","D17","BIGC","BIGC.AOS.reaeration.station.01","BIGC_S1_20170620","2017-06-20T16:46Z",317,"2017-06-20T17:52:40Z",,74.20,15.66,90.31,,90.99,
"01c9670b-f7f4-42a7-85aa-0fb45f92af38","1a5ca053-bb59-4060-acc2-fafc84bd5e6d","D17","BIGC","BIGC.AOS.reaeration.station.01","BIGC_S1_20170620","2017-06-20T16:46Z",751,"2017-06-20T19:05:00Z",,40.80,20.80,44.36,,44.56,
"06322a0e-048e-46b3-808b-056d83ca2808","1a5ca053-bb59-4060-acc2-fafc84bd5e6d","D17","BIGC","BIGC.AOS.reaeration.station.01","BIGC_S1_20170620","2017-06-20T16:46Z",339,"2017-06-20T17:56:20Z",,74.20,15.75,90.12,,90.80,
"2a0f91cc-c00b-47dd-84bb-2c1ebaa160dd","1a5ca053-bb59-4060-acc2-fafc84bd5e6d","D17","BIGC","BIGC.AOS.reaeration.station.01","BIGC_S1_20170620","2017-06-20T16:46Z",473,"2017-06-20T18:18:40Z",,76.80,16.11,92.51,,93.19,
"3f8e236d-c3f9-4356-ae0a-221cfef111db","1a5ca053-bb59-4060-acc2-fafc84bd5e6d","D17","BIGC","BIGC.AOS.reaeration.station.01","BIGC_S1_20170620","2017-06-20T16:46Z",12,"2017-06-20T17:01:50Z",,73.50,15.34,90.13,,90.81,
"fbed08da-e751-4b61-aad8-a303affc14bb","1a5ca053-bb59-4060-acc2-fafc84bd5e6d","D17","BIGC","BIGC.AOS.reaeration.station.01","BIGC_S1_20170620","2017-06-20T16:46Z",246,"2017-06-20T17:40:50Z",,73.90,15.60,90.07,,90.75,
"05e66a34-c8eb-42f5-80d0-94ae09255443","1a5ca053-bb59-4060-acc2-fafc84bd5e6d","D17","BIGC","BIGC.AOS.reaeration.station.01","BIGC_S1_20170620","2017-06-20T16:46Z",653,"2017-06-20T18:48:40Z",,78.30,16.60,93.26,,93.94,
"c9cb710a-e0d9-490b-abc1-fd7c272c2a89","1a5ca053-bb59-4060-acc2-fafc84bd5e6d","D17","BIGC","BIGC.AOS.reaeration.station.01","BIGC_S1_20170620","2017-06-20T16:46Z",494,"2017-06-20T18:22:10Z",,77.60,16.13,93.43,,94.12,
"6ecbc394-961f-4e6e-8c6c-e75ec02b2687","1a5ca053-bb59-4060-acc2-fafc84bd5e6d","D17","BIGC","BIGC.AOS.reaeration.station.01","BIGC_S1_20170620","2017-06-20T16:46Z",245,"2017-06-20T17:40:40Z",,73.90,15.57,90.13,,90.81,
"3f2df90e-306d-4283-8411-c4f56dd65316","1a5ca053-bb59-4060-acc2-fafc84bd5e6d","D17","BIGC","BIGC.AOS.reaeration.station.01","BIGC_S1_20170620","2017-06-20T16:46Z",429,"2017-06-20T18:11:20Z",,75.00,15.93,90.72,,91.39,
"65c4e53a-a10f-46f3-b18c-342369aee5a0","1a5ca053-bb59-4060-acc2-fafc84bd5e6d","D17","BIGC","BIGC.AOS.reaeration.station.01","BIGC_S1_20170620","2017-06-20T16:46Z",793,"2017-06-20T19:12:00Z",,46.90,24.89,47.00,,47.01,
"078decbd-27e6-4829-af4f-fe81de80514f","1a5ca053-bb59-4060-acc2-fafc84bd5e6d","D17","BIGC","BIGC.AOS.reaeration.station.01","BIGC_S1_20170620","2017-06-20T16:46Z",179,"2017-06-20T17:29:40Z",,73.50,15.52,89.75,,90.43,
"1f4ee02d-c464-4742-ab3c-0fd4bb80e9d1","1a5ca053-bb59-4060-acc2-fafc84bd5e6d","D17","BIGC","BIGC.AOS.reaeration.station.01","BIGC_S1_20170620","2017-06-20T16:46Z",166,"2017-06-20T17:27:30Z",,73.90,15.47,90.34,,91.03,
"ee77d277-8dc6-4c9b-91de-48687d4b51cb","1a5ca053-bb59-4060-acc2-fafc84bd5e6d","D17","BIGC","BIGC.AOS.reaeration.station.01","BIGC_S1_20170620","2017-06-20T16:46Z",380,"2017-06-20T18:03:10Z",,74.20,15.84,89.93,,90.61,
"a1c832a8-5a38-436a-8505-312ed350853c","1a5ca053-bb59-4060-acc2-fafc84bd5e6d","D17","BIGC","BIGC.AOS.reaeration.station.01","BIGC_S1_20170620","2017-06-20T16:46Z",414,"2017-06-20T18:08:50Z",,75.00,15.87,90.84,,91.52,
"e67984a3-2910-4847-a239-60a37ec6fbb0","1a5ca053-bb59-4060-acc2-fafc84bd5e6d","D17","BIGC","BIGC.AOS.reaeration.station.01","BIGC_S1_20170620","2017-06-20T16:46Z",723,"2017-06-20T19:00:20Z",,78.70,16.82,93.27,,93.94,
"56afd49a-ad39-4240-85cf-ba8e3b0519c9","1a5ca053-bb59-4060-acc2-fafc84bd5e6d","D17","BIGC","BIGC.AOS.reaeration.station.01","BIGC_S1_20170620","2017-06-20T16:46Z",208,"2017-06-20T17:34:30Z",,73.90,15.52,90.24,,90.92,
"feb02242-222c-4c71-a6b7-5daa2989d197","1a5ca053-bb59-4060-acc2-fafc84bd5e6d","D17","BIGC","BIGC.AOS.reaeration.station.01","BIGC_S1_20170620","2017-06-20T16:46Z",345,"2017-06-20T17:57:20Z",,74.60,15.72,90.67,,91.35,
"b606aaa4-2311-4ea5-a1c5-c1a02922d459","1a5ca053-bb59-4060-acc2-fafc84bd5e6d","D17","BIGC","BIGC.AOS.reaeration.station.01","BIGC_S1_20170620","2017-06-20T16:46Z",57,"2017-06-20T17:09:20Z",,73.50,15.35,90.11,,90.79,
"f6abc8d5-bb23-49fd-9e0c-27813c112197","1a5ca053-bb59-4060-acc2-fafc84bd5e6d","D17","BIGC","BIGC.AOS.reaeration.station.01","BIGC_S1_20170620","2017-06-20T16:46Z",437,"2017-06-20T18:12:40Z",,76.10,15.96,91.98,,92.67,
"d8ac5f2b-de49-4cd6-8257-adbc7ea1aa30","1a5ca053-bb59-4060-acc2-fafc84bd5e6d","D17","BIGC","BIGC.AOS.reaeration.station.01","BIGC_S1_20170620","2017-06-20T16:46Z",534,"2017-06-20T18:28:50Z",,77.60,16.28,93.11,,93.79,
"83d5d2a9-d224-485b-a102-0feb156ca95c","1a5ca053-bb59-4060-acc2-fafc84bd5e6d","D17","BIGC","BIGC.AOS.reaeration.station.01","BIGC_S1_20170620","2017-06-20T16:46Z",773,"2017-06-20T19:08:40Z",,42.20,22.26,44.53,,44.67,
"85cf302a-9ac3-4dd8-a441-faa110149965","1a5ca053-bb59-4060-acc2-fafc84bd5e6d","D17","BIGC","BIGC.AOS.reaeration.station.01","BIGC_S1_20170620","2017-06-20T16:46Z",146,"2017-06-20T17:24:10Z",,73.50,15.46,89.88,,90.56,
"362965f2-0863-44aa-9db2-7325bcd67315","1a5ca053-bb59-4060-acc2-fafc84bd5e6d","D17","BIGC","BIGC.AOS.reaeration.station.01","BIGC_S1_20170620","2017-06-20T16:46Z",733,"2017-06-20T19:02:00Z",,38.60,19.58,43.06,,43.29,
"8a2bed70-ebc3-4866-b66c-dc662d4ad19f","1a5ca053-bb59-4060-acc2-fafc84bd5e6d","D17","BIGC","BIGC.AOS.reaeration.station.01","BIGC_S1_20170620","2017-06-20T16:46Z",9,"2017-06-20T17:01:20Z",,73.10,15.35,89.62,,90.30,
"58b325ba-4166-4631-90fa-f35a7cc853df","1a5ca053-bb59-4060-acc2-fafc84bd5e6d","D17","BIGC","BIGC.AOS.reaeration.station.01","BIGC_S1_20170620","2017-06-20T16:46Z",512,"2017-06-20T18:25:10Z",,78.00,16.24,93.67,,94.36,
"67030067-f2a9-440f-81f4-3fe0f1e554d4","1a5ca053-bb59-4060-acc2-fafc84bd5e6d","D17","BIGC","BIGC.AOS.reaeration.station.01","BIGC_S1_20170620","2017-06-20T16:46Z",365,"2017-06-20T18:00:40Z",,74.60,15.77,90.57,,91.24,
"99f09a89-7c3d-4608-8213-c4324b9d896c","1a5ca053-bb59-4060-acc2-fafc84bd5e6d","D17","BIGC","BIGC.AOS.reaeration.station.01","BIGC_S1_20170620","2017-06-20T16:46Z",70,"2017-06-20T17:11:30Z",,73.50,15.35,90.11,,90.79,
"31f32c63-cefa-4335-8fe1-2229e5b03f3b","1a5ca053-bb59-4060-acc2-fafc84bd5e6d","D17","BIGC","BIGC.AOS.reaeration.station.01","BIGC_S1_20170620","2017-06-20T16:46Z",322,"2017-06-20T17:53:30Z",,74.60,15.70,90.71,,91.39,
"41ab5634-5e62-4b77-86b4-1faf89746f9b","1a5ca053-bb59-4060-acc2-fafc84bd5e6d","D17","BIGC","BIGC.AOS.reaeration.station.01","BIGC_S1_20170620","2017-06-20T16:46Z",822,"2017-06-20T19:16:42Z",,,,,,,
"16054607-76ce-4e7f-b9ca-f4498273bdd8","1a5ca053-bb59-4060-acc2-fafc84bd5e6d","D17","BIGC","BIGC.AOS.reaeration.station.01","BIGC_S1_20170620","2017-06-20T16:46Z",743,"2017-06-20T19:03:40Z",,39.30,19.97,43.48,,43.70,
"ea6bd3f2-4166-489c-b639-0159d538de8d","1a5ca053-bb59-4060-acc2-fafc84bd5e6d","D17","BIGC","BIGC.AOS.reaeration.station.01","BIGC_S1_20170620","2017-06-20T16:46Z",673,"2017-06-20T18:52:00Z",,78.70,16.66,93.61,,94.29,
"0bb02afd-0740-43d0-afe7-2e8ab6652729","1a5ca053-bb59-4060-acc2-fafc84bd5e6d","D17","BIGC","BIGC.AOS.reaeration.station.01","BIGC_S1_20170620","2017-06-20T16:46Z",804,"2017-06-20T19:13:50Z",,46.90,26.00,46.02,,45.96,
"51a1a17a-4843-4ca6-973d-93d9fcce5ae5","1a5ca053-bb59-4060-acc2-fafc84bd5e6d","D17","BIGC","BIGC.AOS.reaeration.station.01","BIGC_S1_20170620","2017-06-20T16:46Z",613,"2017-06-20T18:42:00Z",,78.30,16.48,93.52,,94.20,
"993f7aba-9103-47cf-813c-f9c9d7fb7bef","1a5ca053-bb59-4060-acc2-fafc84bd5e6d","D17","BIGC","BIGC.AOS.reaeration.station.01","BIGC_S1_20170620","2017-06-20T16:46Z",260,"2017-06-20T17:43:10Z",,73.90,15.64,89.99,,90.66,
"c817783d-15fa-4159-b7d2-1903838b2560","1a5ca053-bb59-4060-acc2-fafc84bd5e6d","D17","BIGC","BIGC.AOS.reaeration.station.01","BIGC_S1_20170620","2017-06-20T16:46Z",568,"2017-06-20T18:34:30Z",,77.60,16.40,92.85,,93.53,
"a3ef1ce9-4546-4c86-8ba7-cd941a424617","1a5ca053-bb59-4060-acc2-fafc84bd5e6d","D17","BIGC","BIGC.AOS.reaeration.station.01","BIGC_S1_20170620","2017-06-20T16:46Z",404,"2017-06-20T18:07:10Z",,75.00,15.84,90.90,,91.58,
"164e9e79-9fe9-4379-b41b-f5daa769de8e","1a5ca053-bb59-4060-acc2-fafc84bd5e6d","D17","BIGC","BIGC.AOS.reaeration.station.01","BIGC_S1_20170620","2017-06-20T16:46Z",291,"2017-06-20T17:48:20Z",,74.20,15.65,90.33,,91.01,
"ff02d43c-08e4-4e5b-8715-76ba7810f2f2","1a5ca053-bb59-4060-acc2-fafc84bd5e6d","D17","BIGC","BIGC.AOS.reaeration.station.01","BIGC_S1_20170620","2017-06-20T16:46Z",573,"2017-06-20T18:35:20Z",,78.00,16.38,93.37,,94.05,
"38f80bc0-94be-49a0-9d8b-dc3522c7f8b2","1a5ca053-bb59-4060-acc2-fafc84bd5e6d","D17","BIGC","BIGC.AOS.reaeration.station.01","BIGC_S1_20170620","2017-06-20T16:46Z",444,"2017-06-20T18:13:50Z",,76.50,15.98,92.42,,93.11,
"2cd5d73a-0aa0-4745-9ad4-8e6adfce8d4a","1a5ca053-bb59-4060-acc2-fafc84bd5e6d","D17","BIGC","BIGC.AOS.reaeration.station.01","BIGC_S1_20170620","2017-06-20T16:46Z",219,"2017-06-20T17:36:20Z",,73.50,15.58,89.63,,90.30,
"fcf718d5-777e-413d-9e5e-602729648739","1a5ca053-bb59-4060-acc2-fafc84bd5e6d","D17","BIGC","BIGC.AOS.reaeration.station.01","BIGC_S1_20170620","2017-06-20T16:46Z",699,"2017-06-20T18:56:20Z",,78.70,16.74,93.44,,94.11,
"4f3b7f89-5968-403b-a7d6-46b4b125c4e9","1a5ca053-bb59-4060-acc2-fafc84bd5e6d","D17","BIGC","BIGC.AOS.reaeration.station.01","BIGC_S1_20170620","2017-06-20T16:46Z",435,"2017-06-20T18:12:20Z",,75.70,15.95,91.52,,92.20,
"aa0d408b-87e3-4d36-a6d0-47e4144f8ef1","1a5ca053-bb59-4060-acc2-fafc84bd5e6d","D17","BIGC","BIGC.AOS.reaeration.station.01","BIGC_S1_20170620","2017-06-20T16:46Z",567,"2017-06-20T18:34:20Z",,77.60,16.37,92.92,,93.59,
"4e77bfea-c0f4-488e-b583-22b141299256","1a5ca053-bb59-4060-acc2-fafc84bd5e6d","D17","BIGC","BIGC.AOS.reaeration.station.01","BIGC_S1_20170620","2017-06-20T16:46Z",623,"2017-06-20T18:43:40Z",,78.30,16.52,93.43,,94.11,
"e5951f54-0ccf-4022-9835-525a3d2eba7b","1a5ca053-bb59-4060-acc2-fafc84bd5e6d","D17","BIGC","BIGC.AOS.reaeration.station.01","BIGC_S1_20170620","2017-06-20T16:46Z",571,"2017-06-20T18:35:00Z",,78.30,16.38,93.73,,94.42,
"f027a9ad-674d-4562-acdd-36c16904f6ca","1a5ca053-bb59-4060-acc2-fafc84bd5e6d","D17","BIGC","BIGC.AOS.reaeration.station.01","BIGC_S1_20170620","2017-06-20T16:46Z",536,"2017-06-20T18:29:10Z",,78.30,16.25,94.01,,94.70,
"b938b2c8-9c15-4cec-89ea-0585ff53917d","1a5ca053-bb59-4060-acc2-fafc84bd5e6d","D17","BIGC","BIGC.AOS.reaeration.station.01","BIGC_S1_20170620","2017-06-20T16:46Z",86,"2017-06-20T17:14:10Z",,73.50,15.39,90.02,,90.71,
"2a099248-48a5-48f6-837a-19f61b3bf221","1a5ca053-bb59-4060-acc2-fafc84bd5e6d","D17","BIGC","BIGC.AOS.reaeration.station.01","BIGC_S1_20170620","2017-06-20T16:46Z",293,"2017-06-20T17:48:40Z",,73.90,15.68,89.90,,90.58,
"7cadd816-ea44-465a-a0bd-3b85b294d1fc","1a5ca053-bb59-4060-acc2-fafc84bd5e6d","D17","BIGC","BIGC.AOS.reaeration.station.01","BIGC_S1_20170620","2017-06-20T16:46Z",650,"2017-06-20T18:48:10Z",,77.90,16.61,92.77,,93.44,
"8a2afcfc-b1da-43a8-a156-763f405d5d33","1a5ca053-bb59-4060-acc2-fafc84bd5e6d","D17","BIGC","BIGC.AOS.reaeration.station.01","BIGC_S1_20170620","2017-06-20T16:46Z",807,"2017-06-20T19:14:20Z",,46.50,25.76,45.83,,45.79,
"6d9756ec-836a-4abf-b20c-649824ee78eb","1a5ca053-bb59-4060-acc2-fafc84bd5e6d","D17","BIGC","BIGC.AOS.reaeration.station.01","BIGC_S1_20170620","2017-06-20T16:46Z",539,"2017-06-20T18:29:40Z",,78.00,16.26,93.63,,94.32,
"971e5880-777f-4edb-999c-f48533ceb117","1a5ca053-bb59-4060-acc2-fafc84bd5e6d","D17","BIGC","BIGC.AOS.reaeration.station.01","BIGC_S1_20170620","2017-06-20T16:46Z",286,"2017-06-20T17:47:30Z",,73.90,15.65,89.97,,90.64,
"400b6419-8720-4789-b28a-f03f6d1e33f9","1a5ca053-bb59-4060-acc2-fafc84bd5e6d","D17","BIGC","BIGC.AOS.reaeration.station.01","BIGC_S1_20170620","2017-06-20T16:46Z",647,"2017-06-20T18:47:40Z",,78.30,16.59,93.28,,93.96,
"91ba5757-235d-4275-9efc-70ab0b4f9eb0","1a5ca053-bb59-4060-acc2-fafc84bd5e6d","D17","BIGC","BIGC.AOS.reaeration.station.01","BIGC_S1_20170620","2017-06-20T16:46Z",451,"2017-06-20T18:15:00Z",,76.50,15.99,92.40,,93.09,
"fa3306bf-f656-4143-b4ee-e0efef67a8b5","1a5ca053-bb59-4060-acc2-fafc84bd5e6d","D17","BIGC","BIGC.AOS.reaeration.station.01","BIGC_S1_20170620","2017-06-20T16:46Z",141,"2017-06-20T17:23:20Z",,73.50,15.46,89.88,,90.56,
"293ed775-1374-4db3-adeb-f4843a1ebbd1","1a5ca053-bb59-4060-acc2-fafc84bd5e6d","D17","BIGC","BIGC.AOS.reaeration.station.01","BIGC_S1_20170620","2017-06-20T16:46Z",69,"2017-06-20T17:11:20Z",,73.50,15.36,90.09,,90.77,
"aa36a06a-3fd4-4a8b-9436-9fb940a35fbb","1a5ca053-bb59-4060-acc2-fafc84bd5e6d","D17","BIGC","BIGC.AOS.reaeration.station.01","BIGC_S1_20170620","2017-06-20T16:46Z",484,"2017-06-20T18:20:30Z",,77.20,16.08,93.05,,93.74,
"f968620a-d60d-4a41-8981-9e04fd50446c","1a5ca053-bb59-4060-acc2-fafc84bd5e6d","D17","BIGC","BIGC.AOS.reaeration.station.01","BIGC_S1_20170620","2017-06-20T16:46Z",64,"2017-06-20T17:10:30Z",,73.50,15.40,90.00,,90.68,
"f4915843-f254-4ff4-bc74-525fb827b2e7","1a5ca053-bb59-4060-acc2-fafc84bd5e6d","D17","BIGC","BIGC.AOS.reaeration.station.01","BIGC_S1_20170620","2017-06-20T16:46Z",180,"2017-06-20T17:29:50Z",,73.90,15.50,90.28,,90.96,
"8db89257-be57-4565-8063-eca2282be79f","1a5ca053-bb59-4060-acc2-fafc84bd5e6d","D17","BIGC","BIGC.AOS.reaeration.station.01","BIGC_S1_20170620","2017-06-20T16:46Z",172,"2017-06-20T17:28:30Z",,73.90,15.47,90.34,,91.03,
"657db44a-b927-4c39-8cc2-cc35f2a96faf","1a5ca053-bb59-4060-acc2-fafc84bd5e6d","D17","BIGC","BIGC.AOS.reaeration.station.01","BIGC_S1_20170620","2017-06-20T16:46Z",91,"2017-06-20T17:15:00Z",,73.50,15.44,89.92,,90.60,
"4507fdc1-8da9-4afc-8f2e-8c27c76f0f64","1a5ca053-bb59-4060-acc2-fafc84bd5e6d","D17","BIGC","BIGC.AOS.reaeration.station.01","BIGC_S1_20170620","2017-06-20T16:46Z",664,"2017-06-20T18:50:30Z",,78.70,16.64,93.65,,94.33,
"a2da89fb-e0d7-4fc4-94fb-418c87dca6c1","1a5ca053-bb59-4060-acc2-fafc84bd5e6d","D17","BIGC","BIGC.AOS.reaeration.station.01","BIGC_S1_20170620","2017-06-20T16:46Z",800,"2017-06-20T19:13:10Z",,47.70,25.43,47.31,,47.29,
"89312f70-6765-465f-acbc-133a64ba584a","1a5ca053-bb59-4060-acc2-fafc84bd5e6d","D17","BIGC","BIGC.AOS.reaeration.station.01","BIGC_S1_20170620","2017-06-20T16:46Z",185,"2017-06-20T17:30:40Z",,73.50,15.53,89.73,,90.41,
"9ef11e6d-1b90-4d86-bbd4-14c0bdd06010","1a5ca053-bb59-4060-acc2-fafc84bd5e6d","D17","BIGC","BIGC.AOS.reaeration.station.01","BIGC_S1_20170620","2017-06-20T16:46Z",445,"2017-06-20T18:14:00Z",,76.90,15.98,92.91,,93.60,
"680454f9-c049-4141-9fc6-4b0ad4aa4d52","1a5ca053-bb59-4060-acc2-fafc84bd5e6d","D17","BIGC","BIGC.AOS.reaeration.station.01","BIGC_S1_20170620","2017-06-20T16:46Z",765,"2017-06-20T19:07:20Z",,42.20,21.97,44.79,,44.94,
"8ad9c1a4-3310-4fd1-b1a1-33d4836e2c84","1a5ca053-bb59-4060-acc2-fafc84bd5e6d","D17","BIGC","BIGC.AOS.reaeration.station.01","BIGC_S1_20170620","2017-06-20T16:46Z",355,"2017-06-20T17:59:00Z",,74.60,15.76,90.59,,91.27,
"ff09fba7-d406-447a-9bb0-b320e757a8e6","1a5ca053-bb59-4060-acc2-fafc84bd5e6d","D17","BIGC","BIGC.AOS.reaeration.station.01","BIGC_S1_20170620","2017-06-20T16:46Z",635,"2017-06-20T18:45:40Z",,78.30,16.55,93.37,,94.05,
"8859e4a4-ad66-41fa-b0a2-5a1671190779","1a5ca053-bb59-4060-acc2-fafc84bd5e6d","D17","BIGC","BIGC.AOS.reaeration.station.01","BIGC_S1_20170620","2017-06-20T16:46Z",491,"2017-06-20T18:21:40Z",,77.20,16.11,92.99,,93.68,
"c8b41f4f-8372-4652-bc6a-cd3b32f104b1","1a5ca053-bb59-4060-acc2-fafc84bd5e6d","D17","BIGC","BIGC.AOS.reaeration.station.01","BIGC_S1_20170620","2017-06-20T16:46Z",196,"2017-06-20T17:32:30Z",,73.50,15.52,89.75,,90.43,
"de9d669a-6411-4b30-a60b-c68db36134e4","1a5ca053-bb59-4060-acc2-fafc84bd5e6d","D17","BIGC","BIGC.AOS.reaeration.station.01","BIGC_S1_20170620","2017-06-20T16:46Z",153,"2017-06-20T17:25:20Z",,73.90,15.46,90.37,,91.05,
"b1f09191-5836-4b1d-8a77-4e0813735174","1a5ca053-bb59-4060-acc2-fafc84bd5e6d","D17","BIGC","BIGC.AOS.reaeration.station.01","BIGC_S1_20170620","2017-06-20T16:46Z",39,"2017-06-20T17:06:20Z",,73.50,15.33,90.15,,90.83,
"92fc5f72-64c2-488c-b699-bdb36c3895b1","1a5ca053-bb59-4060-acc2-fafc84bd5e6d","D17","BIGC","BIGC.AOS.reaeration.station.01","BIGC_S1_20170620","2017-06-20T16:46Z",578,"2017-06-20T18:36:10Z",,78.30,16.42,93.65,,94.33,
"4bbe11d6-cad6-4b6a-a1b6-69040365bd97","1a5ca053-bb59-4060-acc2-fafc84bd5e6d","D17","BIGC","BIGC.AOS.reaeration.station.01","BIGC_S1_20170620","2017-06-20T16:46Z",34,"2017-06-20T17:05:30Z",,73.50,15.34,90.13,,90.81,
"2c59407a-ebc7-4581-875d-a3eb4412dfe7","1a5ca053-bb59-4060-acc2-fafc84bd5e6d","D17","BIGC","BIGC.AOS.reaeration.station.01","BIGC_S1_20170620","2017-06-20T16:46Z",728,"2017-06-20T19:01:10Z",,78.30,16.84,92.76,,93.42,
"f66ff45f-0828-4463-9b85-de80130947a0","1a5ca053-bb59-4060-acc2-fafc84bd5e6d","D17","BIGC","BIGC.AOS.reaeration.station.01","BIGC_S1_20170620","2017-06-20T16:46Z",215,"2017-06-20T17:35:40Z",,73.90,15.56,90.16,,90.83,
"5c26a06f-8972-45ae-bba4-3746fc4bb17d","1a5ca053-bb59-4060-acc2-fafc84bd5e6d","D17","BIGC","BIGC.AOS.reaeration.station.01","BIGC_S1_20170620","2017-06-20T16:46Z",540,"2017-06-20T18:29:50Z",,78.30,16.28,93.95,,94.64,
"5753a886-dcc4-45b4-b4b3-61e88fd92f37","1a5ca053-bb59-4060-acc2-fafc84bd5e6d","D17","BIGC","BIGC.AOS.reaeration.station.01","BIGC_S1_20170620","2017-06-20T16:46Z",795,"2017-06-20T19:12:20Z",,46.60,24.89,46.70,,46.70,
"00ddbcc1-c250-4f15-b3d5-1d66714264ba","1a5ca053-bb59-4060-acc2-fafc84bd5e6d","D17","BIGC","BIGC.AOS.reaeration.station.01","BIGC_S1_20170620","2017-06-20T16:46Z",32,"2017-06-20T17:05:10Z",,73.50,15.36,90.09,,90.77,
"9272c86f-8a4c-446b-893f-689ae3678e54","1a5ca053-bb59-4060-acc2-fafc84bd5e6d","D17","BIGC","BIGC.AOS.reaeration.station.01","BIGC_S1_20170620","2017-06-20T16:46Z",672,"2017-06-20T18:51:50Z",,78.30,16.65,93.16,,93.83,
"9e3474b2-d223-45a6-8247-09078a5153dd","1a5ca053-bb59-4060-acc2-fafc84bd5e6d","D17","BIGC","BIGC.AOS.reaeration.station.01","BIGC_S1_20170620","2017-06-20T16:46Z",702,"2017-06-20T18:56:50Z",,79.10,16.74,93.92,,94.59,
"766acaf6-3ffe-411b-8004-9739450c7194","1a5ca053-bb59-4060-acc2-fafc84bd5e6d","D17","BIGC","BIGC.AOS.reaeration.station.01","BIGC_S1_20170620","2017-06-20T16:46Z",634,"2017-06-20T18:45:30Z",,77.90,16.55,92.89,,93.56,
"44c90335-358a-4050-a2d9-0f5a5b9eeff5","1a5ca053-bb59-4060-acc2-fafc84bd5e6d","D17","BIGC","BIGC.AOS.reaeration.station.01","BIGC_S1_20170620","2017-06-20T16:46Z",195,"2017-06-20T17:32:20Z",,73.90,15.53,90.22,,90.90,
"b8838615-1db9-43d2-8910-34019fc8d30b","1a5ca053-bb59-4060-acc2-fafc84bd5e6d","D17","BIGC","BIGC.AOS.reaeration.station.01","BIGC_S1_20170620","2017-06-20T16:46Z",137,"2017-06-20T17:22:40Z",,73.50,15.44,89.92,,90.60,
"f5f4a03d-fb3e-4c53-8ba7-5f88356689fd","1a5ca053-bb59-4060-acc2-fafc84bd5e6d","D17","BIGC","BIGC.AOS.reaeration.station.01","BIGC_S1_20170620","2017-06-20T16:46Z",271,"2017-06-20T17:45:00Z",,73.90,15.62,90.03,,90.71,
"0aaf7867-3bbe-47cf-b422-08fb2e127597","1a5ca053-bb59-4060-acc2-fafc84bd5e6d","D17","BIGC","BIGC.AOS.reaeration.station.01","BIGC_S1_20170620","2017-06-20T16:46Z",803,"2017-06-20T19:13:40Z",,47.30,25.78,46.61,,46.56,
"8aa8b24c-a72b-4e6d-a28b-2d86371490f5","1a5ca053-bb59-4060-acc2-fafc84bd5e6d","D17","BIGC","BIGC.AOS.reaeration.station.01","BIGC_S1_20170620","2017-06-20T16:46Z",527,"2017-06-20T18:27:40Z",,77.60,16.22,93.24,,93.92,
"4d25adb0-d96f-4603-bb8f-7e4305b10bb8","1a5ca053-bb59-4060-acc2-fafc84bd5e6d","D17","BIGC","BIGC.AOS.reaeration.station.01","BIGC_S1_20170620","2017-06-20T16:46Z",370,"2017-06-20T18:01:30Z",,74.60,15.78,90.55,,91.22,
"be775b1c-2a8d-4b7c-880e-28ea99505ec8","1a5ca053-bb59-4060-acc2-fafc84bd5e6d","D17","BIGC","BIGC.AOS.reaeration.station.01","BIGC_S1_20170620","2017-06-20T16:46Z",541,"2017-06-20T18:30:00Z",,78.00,16.28,93.59,,94.27,
"1a97556b-8efc-4d0f-9ac5-2fe76f2caa0c","1a5ca053-bb59-4060-acc2-fafc84bd5e6d","D17","BIGC","BIGC.AOS.reaeration.station.01","BIGC_S1_20170620","2017-06-20T16:46Z",358,"2017-06-20T17:59:30Z",,74.20,15.78,90.06,,90.73,
"32c33659-7c39-4f57-b08b-64e4895b379f","1a5ca053-bb59-4060-acc2-fafc84bd5e6d","D17","BIGC","BIGC.AOS.reaeration.station.01","BIGC_S1_20170620","2017-06-20T16:46Z",178,"2017-06-20T17:29:30Z",,73.50,15.48,89.83,,90.51,
"eee2fe11-1409-4f92-8869-bfe21c333fc8","1a5ca053-bb59-4060-acc2-fafc84bd5e6d","D17","BIGC","BIGC.AOS.reaeration.station.01","BIGC_S1_20170620","2017-06-20T16:46Z",342,"2017-06-20T17:56:50Z",,74.20,15.72,90.19,,90.86,
"23e26a6a-c2dd-4fd3-b84d-b5c487a3cf98","1a5ca053-bb59-4060-acc2-fafc84bd5e6d","D17","BIGC","BIGC.AOS.reaeration.station.01","BIGC_S1_20170620","2017-06-20T16:46Z",321,"2017-06-20T17:53:20Z",,74.60,15.69,90.73,,91.42,
"b278c6f7-8c8d-4d13-84c7-d3db3784ecc9","1a5ca053-bb59-4060-acc2-fafc84bd5e6d","D17","BIGC","BIGC.AOS.reaeration.station.01","BIGC_S1_20170620","2017-06-20T16:46Z",100,"2017-06-20T17:16:30Z",,73.50,15.40,90.00,,90.68,
"36d06722-b49b-4de9-9742-a9c24e7fa6bd","1a5ca053-bb59-4060-acc2-fafc84bd5e6d","D17","BIGC","BIGC.AOS.reaeration.station.01","BIGC_S1_20170620","2017-06-20T16:46Z",68,"2017-06-20T17:11:10Z",,73.50,15.35,90.11,,90.79,
"9f36f30f-7cab-4061-862e-9ac4e8e7b923","1a5ca053-bb59-4060-acc2-fafc84bd5e6d","D17","BIGC","BIGC.AOS.reaeration.station.01","BIGC_S1_20170620","2017-06-20T16:46Z",477,"2017-06-20T18:19:20Z",,77.20,16.08,93.05,,93.74,
"440c7b5e-e907-4fda-afd2-137d0f319d6b","1a5ca053-bb59-4060-acc2-fafc84bd5e6d","D17","BIGC","BIGC.AOS.reaeration.station.01","BIGC_S1_20170620","2017-06-20T16:46Z",368,"2017-06-20T18:01:10Z",,74.20,15.78,90.06,,90.73,
"157e60cf-2159-4536-9bd6-80aa4f2c9165","1a5ca053-bb59-4060-acc2-fafc84bd5e6d","D17","BIGC","BIGC.AOS.reaeration.station.01","BIGC_S1_20170620","2017-06-20T16:46Z",296,"2017-06-20T17:49:10Z",,73.90,15.68,89.90,,90.58,
"596d0985-39ad-4fe4-8951-d362b84822fd","1a5ca053-bb59-4060-acc2-fafc84bd5e6d","D17","BIGC","BIGC.AOS.reaeration.station.01","BIGC_S1_20170620","2017-06-20T16:46Z",704,"2017-06-20T18:57:10Z",,78.70,16.77,93.38,,94.05,
"7d9956a8-51f2-483d-a29b-adc54f70fe58","1a5ca053-bb59-4060-acc2-fafc84bd5e6d","D17","BIGC","BIGC.AOS.reaeration.station.01","BIGC_S1_20170620","2017-06-20T16:46Z",123,"2017-06-20T17:20:20Z",,73.50,15.45,89.90,,90.58,
"947f7cec-4ebf-424f-a8b9-754c7377a7bf","1a5ca053-bb59-4060-acc2-fafc84bd5e6d","D17","BIGC","BIGC.AOS.reaeration.station.01","BIGC_S1_20170620","2017-06-20T16:46Z",605,"2017-06-20T18:40:40Z",,78.30,16.47,93.54,,94.22,
"4f3b9b8d-f792-421f-a76f-89bba261e72f","1a5ca053-bb59-4060-acc2-fafc84bd5e6d","D17","BIGC","BIGC.AOS.reaeration.station.01","BIGC_S1_20170620","2017-06-20T16:46Z",515,"2017-06-20T18:25:40Z",,78.00,16.26,93.63,,94.32,
"931f7ba2-28bb-43e5-80ae-ed5046be2739","1a5ca053-bb59-4060-acc2-fafc84bd5e6d","D17","BIGC","BIGC.AOS.reaeration.station.01","BIGC_S1_20170620","2017-06-20T16:46Z",652,"2017-06-20T18:48:30Z",,78.30,16.60,93.26,,93.94,
"0b0aec29-b95d-48b6-92db-567221466432","1a5ca053-bb59-4060-acc2-fafc84bd5e6d","D17","BIGC","BIGC.AOS.reaeration.station.01","BIGC_S1_20170620","2017-06-20T16:46Z",600,"2017-06-20T18:39:50Z",,77.60,16.48,92.68,,93.36,
"dc217b84-63e8-4d6a-901b-1f53a7b798f1","1a5ca053-bb59-4060-acc2-fafc84bd5e6d","D17","BIGC","BIGC.AOS.reaeration.station.01","BIGC_S1_20170620","2017-06-20T16:46Z",487,"2017-06-20T18:21:00Z",,77.20,16.11,92.99,,93.68,
"ddc0977d-2657-4c77-aa76-feb2a9043e10","1a5ca053-bb59-4060-acc2-fafc84bd5e6d","D17","BIGC","BIGC.AOS.reaeration.station.01","BIGC_S1_20170620","2017-06-20T16:46Z",71,"2017-06-20T17:11:40Z",,73.50,15.36,90.09,,90.77,
"14be23e1-ba4c-483d-87b5-7e20fbc2da84","1a5ca053-bb59-4060-acc2-fafc84bd5e6d","D17","BIGC","BIGC.AOS.reaeration.station.01","BIGC_S1_20170620","2017-06-20T16:46Z",813,"2017-06-20T19:15:20Z",,45.00,25.97,44.18,,44.13,
"d2332b4c-927b-4fbb-ad7a-feb77a1100aa","1a5ca053-bb59-4060-acc2-fafc84bd5e6d","D17","BIGC","BIGC.AOS.reaeration.station.01","BIGC_S1_20170620","2017-06-20T16:46Z",746,"2017-06-20T19:04:10Z",,39.70,20.25,43.66,,43.88,
"5e423d5a-7451-4ba7-b673-b3405596dc93","1a5ca053-bb59-4060-acc2-fafc84bd5e6d","D17","BIGC","BIGC.AOS.reaeration.station.01","BIGC_S1_20170620","2017-06-20T16:46Z",805,"2017-06-20T19:14:00Z",,46.90,25.98,46.04,,45.98,
"56126857-4f78-4598-b2c1-c3e45c8f5b69","1a5ca053-bb59-4060-acc2-fafc84bd5e6d","D17","BIGC","BIGC.AOS.reaeration.station.01","BIGC_S1_20170620","2017-06-20T16:46Z",517,"2017-06-20T18:26:00Z",,78.00,16.25,93.65,,94.34,
"68f488de-5b94-4ea1-a4bd-cf9ca781d734","1a5ca053-bb59-4060-acc2-fafc84bd5e6d","D17","BIGC","BIGC.AOS.reaeration.station.01","BIGC_S1_20170620","2017-06-20T16:46Z",632,"2017-06-20T18:45:10Z",,78.30,16.56,93.35,,94.02,
"0c29964f-eb4d-4c01-b4ea-44e12bc3e8aa","1a5ca053-bb59-4060-acc2-fafc84bd5e6d","D17","BIGC","BIGC.AOS.reaeration.station.01","BIGC_S1_20170620","2017-06-20T16:46Z",273,"2017-06-20T17:45:20Z",,73.90,15.64,89.99,,90.66,
"9a7990d9-0766-41c5-a05d-712361e14425","1a5ca053-bb59-4060-acc2-fafc84bd5e6d","D17","BIGC","BIGC.AOS.reaeration.station.01","BIGC_S1_20170620","2017-06-20T16:46Z",755,"2017-06-20T19:05:40Z",,41.10,21.15,44.36,,44.55,
"035342eb-a8e2-4293-8c50-0e670b7fa516","1a5ca053-bb59-4060-acc2-fafc84bd5e6d","D17","BIGC","BIGC.AOS.reaeration.station.01","BIGC_S1_20170620","2017-06-20T16:46Z",45,"2017-06-20T17:07:20Z",,73.10,15.35,89.62,,90.30,
"37282cdc-076d-4ff1-af92-85a718570b3d","1a5ca053-bb59-4060-acc2-fafc84bd5e6d","D17","BIGC","BIGC.AOS.reaeration.station.01","BIGC_S1_20170620","2017-06-20T16:46Z",203,"2017-06-20T17:33:40Z",,73.90,15.52,90.24,,90.92,
"de979b98-9b8f-4e71-9f0b-d002c314ca85","1a5ca053-bb59-4060-acc2-fafc84bd5e6d","D17","BIGC","BIGC.AOS.reaeration.station.01","BIGC_S1_20170620","2017-06-20T16:46Z",648,"2017-06-20T18:47:50Z",,77.90,16.60,92.79,,93.46,
"99fd1df3-4ba1-4f7f-8c19-464c4ecd0153","1a5ca053-bb59-4060-acc2-fafc84bd5e6d","D17","BIGC","BIGC.AOS.reaeration.station.01","BIGC_S1_20170620","2017-06-20T16:46Z",727,"2017-06-20T19:01:00Z",,78.30,16.84,92.76,,93.42,
"531b66fa-568f-49b7-b15b-ccfb8cdf9181","1a5ca053-bb59-4060-acc2-fafc84bd5e6d","D17","BIGC","BIGC.AOS.reaeration.station.01","BIGC_S1_20170620","2017-06-20T16:46Z",356,"2017-06-20T17:59:10Z",,74.60,15.76,90.59,,91.27,
"c3e05a24-b5cd-465a-8d9f-59b58fbe29d9","1a5ca053-bb59-4060-acc2-fafc84bd5e6d","D17","BIGC","BIGC.AOS.reaeration.station.01","BIGC_S1_20170620","2017-06-20T16:46Z",460,"2017-06-20T18:16:30Z",,76.90,16.04,92.78,,93.47,
"6c7931d0-5b32-46e0-9151-93c037f15edb","1a5ca053-bb59-4060-acc2-fafc84bd5e6d","D17","BIGC","BIGC.AOS.reaeration.station.01","BIGC_S1_20170620","2017-06-20T16:46Z",432,"2017-06-20T18:11:50Z",,75.30,15.93,91.08,,91.76,
"df3b2a22-1d44-4b42-bb64-5ddb7e31b3bf","1a5ca053-bb59-4060-acc2-fafc84bd5e6d","D17","BIGC","BIGC.AOS.reaeration.station.01","BIGC_S1_20170620","2017-06-20T16:46Z",161,"2017-06-20T17:26:40Z",,73.50,15.45,89.90,,90.58,
"6dc3773b-b0e0-4443-8736-64c052e60487","1a5ca053-bb59-4060-acc2-fafc84bd5e6d","D17","BIGC","BIGC.AOS.reaeration.station.01","BIGC_S1_20170620","2017-06-20T16:46Z",501,"2017-06-20T18:23:20Z",,77.60,16.18,93.32,,94.01,
"824c16b6-56a7-4bd3-8e04-75a32e59f4d3","1a5ca053-bb59-4060-acc2-fafc84bd5e6d","D17","BIGC","BIGC.AOS.reaeration.station.01","BIGC_S1_20170620","2017-06-20T16:46Z",136,"2017-06-20T17:22:30Z",,73.90,15.44,90.41,,91.09,
"9c531389-b162-4543-8524-df73e5fefb90","1a5ca053-bb59-4060-acc2-fafc84bd5e6d","D17","BIGC","BIGC.AOS.reaeration.station.01","BIGC_S1_20170620","2017-06-20T16:46Z",251,"2017-06-20T17:41:40Z",,73.90,15.59,90.09,,90.77,
"8d165c18-ef97-411a-a9e0-b6e345d8467b","1a5ca053-bb59-4060-acc2-fafc84bd5e6d","D17","BIGC","BIGC.AOS.reaeration.station.01","BIGC_S1_20170620","2017-06-20T16:46Z",379,"2017-06-20T18:03:00Z",,75.00,15.78,91.03,,91.71,
"e47d7f38-85a8-4b65-994e-b13fb9d59edd","1a5ca053-bb59-4060-acc2-fafc84bd5e6d","D17","BIGC","BIGC.AOS.reaeration.station.01","BIGC_S1_20170620","2017-06-20T16:46Z",599,"2017-06-20T18:39:40Z",,78.30,16.44,93.60,,94.29,
"70e6f432-5a08-4376-a893-45ac241fb73b","1a5ca053-bb59-4060-acc2-fafc84bd5e6d","D17","BIGC","BIGC.AOS.reaeration.station.01","BIGC_S1_20170620","2017-06-20T16:46Z",188,"2017-06-20T17:31:10Z",,73.50,15.48,89.83,,90.51,
"9684e496-f65c-4f71-b56e-337abdf004cf","1a5ca053-bb59-4060-acc2-fafc84bd5e6d","D17","BIGC","BIGC.AOS.reaeration.station.01","BIGC_S1_20170620","2017-06-20T16:46Z",240,"2017-06-20T17:39:50Z",,73.90,15.57,90.13,,90.81,
"830d5357-a7d5-431d-a8aa-7267ceabb621","1a5ca053-bb59-4060-acc2-fafc84bd5e6d","D17","BIGC","BIGC.AOS.reaeration.station.01","BIGC_S1_20170620","2017-06-20T16:46Z",118,"2017-06-20T17:19:30Z",,73.50,15.40,90.00,,90.68,
"b1f8443d-41e1-40e3-a1af-fca7043648b1","1a5ca053-bb59-4060-acc2-fafc84bd5e6d","D17","BIGC","BIGC.AOS.reaeration.station.01","BIGC_S1_20170620","2017-06-20T16:46Z",590,"2017-06-20T18:38:10Z",,78.30,16.43,93.63,,94.31,
"3c913f29-4bab-44ee-8285-946b79b7c08a","1a5ca053-bb59-4060-acc2-fafc84bd5e6d","D17","BIGC","BIGC.AOS.reaeration.station.01","BIGC_S1_20170620","2017-06-20T16:46Z",175,"2017-06-20T17:29:00Z",,73.90,15.46,90.37,,91.05,
"bc47f795-7df5-431f-9e4d-2d39b1a61d2a","1a5ca053-bb59-4060-acc2-fafc84bd5e6d","D17","BIGC","BIGC.AOS.reaeration.station.01","BIGC_S1_20170620","2017-06-20T16:46Z",199,"2017-06-20T17:33:00Z",,73.90,15.51,90.26,,90.94,
"b20df1ad-64ed-42f4-90e9-8ea91eef822d","1a5ca053-bb59-4060-acc2-fafc84bd5e6d","D17","BIGC","BIGC.AOS.reaeration.station.01","BIGC_S1_20170620","2017-06-20T16:46Z",353,"2017-06-20T17:58:40Z",,74.60,15.76,90.59,,91.27,
"dc1b7940-6f37-4192-8ed6-af995f0a0e46","1a5ca053-bb59-4060-acc2-fafc84bd5e6d","D17","BIGC","BIGC.AOS.reaeration.station.01","BIGC_S1_20170620","2017-06-20T16:46Z",145,"2017-06-20T17:24:00Z",,73.50,15.45,89.90,,90.58,
"cdb0021d-500b-477a-93eb-005d71b8dfbc","1a5ca053-bb59-4060-acc2-fafc84bd5e6d","D17","BIGC","BIGC.AOS.reaeration.station.01","BIGC_S1_20170620","2017-06-20T16:46Z",537,"2017-06-20T18:29:20Z",,78.00,16.28,93.59,,94.27,
"39cde037-a32e-44da-9c8b-c52ed3cde77e","1a5ca053-bb59-4060-acc2-fafc84bd5e6d","D17","BIGC","BIGC.AOS.reaeration.station.01","BIGC_S1_20170620","2017-06-20T16:46Z",598,"2017-06-20T18:39:30Z",,78.30,16.46,93.56,,94.24,
"af9cfa8d-d987-4f60-95fb-f798dcfed524","1a5ca053-bb59-4060-acc2-fafc84bd5e6d","D17","BIGC","BIGC.AOS.reaeration.station.01","BIGC_S1_20170620","2017-06-20T16:46Z",354,"2017-06-20T17:58:50Z",,74.20,15.77,90.08,,90.75,
"d135adc8-885a-4774-b746-94dcb7d15437","1a5ca053-bb59-4060-acc2-fafc84bd5e6d","D17","BIGC","BIGC.AOS.reaeration.station.01","BIGC_S1_20170620","2017-06-20T16:46Z",328,"2017-06-20T17:54:30Z",,74.20,15.70,90.23,,90.90,
"5a6e57dd-f943-4641-9090-0fa8d22e4746","1a5ca053-bb59-4060-acc2-fafc84bd5e6d","D17","BIGC","BIGC.AOS.reaeration.station.01","BIGC_S1_20170620","2017-06-20T16:46Z",532,"2017-06-20T18:28:30Z",,78.00,16.26,93.63,,94.32,
"73b7bf17-b647-45f1-b572-b12c0b862fdc","1a5ca053-bb59-4060-acc2-fafc84bd5e6d","D17","BIGC","BIGC.AOS.reaeration.station.01","BIGC_S1_20170620","2017-06-20T16:46Z",114,"2017-06-20T17:18:50Z",,73.50,15.40,90.00,,90.68,
"6188657e-79c5-42d9-94c2-b858f3aac026","1a5ca053-bb59-4060-acc2-fafc84bd5e6d","D17","BIGC","BIGC.AOS.reaeration.station.01","BIGC_S1_20170620","2017-06-20T16:46Z",74,"2017-06-20T17:12:10Z",,73.50,15.36,90.09,,90.77,
"94c7cf66-65f5-49be-9be4-3187ede4318e","1a5ca053-bb59-4060-acc2-fafc84bd5e6d","D17","BIGC","BIGC.AOS.reaeration.station.01","BIGC_S1_20170620","2017-06-20T16:46Z",419,"2017-06-20T18:09:40Z",,74.60,15.92,90.25,,90.92,
"df65ce43-2796-493e-8ba4-e1216c5540be","1a5ca053-bb59-4060-acc2-fafc84bd5e6d","D17","BIGC","BIGC.AOS.reaeration.station.01","BIGC_S1_20170620","2017-06-20T16:46Z",619,"2017-06-20T18:43:00Z",,78.30,16.50,93.48,,94.15,
"8969fbd0-62c4-4b7b-b775-83ee94da1a3c","1a5ca053-bb59-4060-acc2-fafc84bd5e6d","D17","BIGC","BIGC.AOS.reaeration.station.01","BIGC_S1_20170620","2017-06-20T16:46Z",243,"2017-06-20T17:40:20Z",,74.20,15.57,90.50,,91.18,
"a323a5bf-05c9-4356-aef4-11126aeb9646","1a5ca053-bb59-4060-acc2-fafc84bd5e6d","D17","BIGC","BIGC.AOS.reaeration.station.01","BIGC_S1_20170620","2017-06-20T16:46Z",360,"2017-06-20T17:59:50Z",,74.60,15.77,90.57,,91.24,
"9a3acbb3-e885-481f-a4c1-9b43fd48f8b0","1a5ca053-bb59-4060-acc2-fafc84bd5e6d","D17","BIGC","BIGC.AOS.reaeration.station.01","BIGC_S1_20170620","2017-06-20T16:46Z",7,"2017-06-20T17:01:00Z",,73.50,15.32,90.17,,90.86,
"bd207e21-250e-4e25-95a0-5f9eb91ff642","1a5ca053-bb59-4060-acc2-fafc84bd5e6d","D17","BIGC","BIGC.AOS.reaeration.station.01","BIGC_S1_20170620","2017-06-20T16:46Z",88,"2017-06-20T17:14:30Z",,73.50,15.36,90.09,,90.77,
"b604869e-652d-4883-87ef-d9e25283e895","1a5ca053-bb59-4060-acc2-fafc84bd5e6d","D17","BIGC","BIGC.AOS.reaeration.station.01","BIGC_S1_20170620","2017-06-20T16:46Z",786,"2017-06-20T19:10:50Z",,45.50,24.25,46.16,,46.20,
"aecd49b1-d1a9-4032-a5c5-893065e6315b","1a5ca053-bb59-4060-acc2-fafc84bd5e6d","D17","BIGC","BIGC.AOS.reaeration.station.01","BIGC_S1_20170620","2017-06-20T16:46Z",78,"2017-06-20T17:12:50Z",,73.50,15.38,90.05,,90.73,
"d1784c7a-e86b-46cc-8b99-094047e5a01d","1a5ca053-bb59-4060-acc2-fafc84bd5e6d","D17","BIGC","BIGC.AOS.reaeration.station.01","BIGC_S1_20170620","2017-06-20T16:46Z",682,"2017-06-20T18:53:30Z",,78.30,16.70,93.05,,93.72,
"03b06311-0d3e-4ed2-8171-c5618d835152","1a5ca053-bb59-4060-acc2-fafc84bd5e6d","D17","BIGC","BIGC.AOS.reaeration.station.01","BIGC_S1_20170620","2017-06-20T16:46Z",684,"2017-06-20T18:53:50Z",,78.70,16.70,93.53,,94.20,
"95d339b9-cfd9-4650-af75-2a2f62b929ee","1a5ca053-bb59-4060-acc2-fafc84bd5e6d","D17","BIGC","BIGC.AOS.reaeration.station.01","BIGC_S1_20170620","2017-06-20T16:46Z",385,"2017-06-20T18:04:00Z",,74.20,15.82,89.98,,90.65,
"c10bb2fd-6c38-4598-8440-619e1695d97e","1a5ca053-bb59-4060-acc2-fafc84bd5e6d","D17","BIGC","BIGC.AOS.reaeration.station.01","BIGC_S1_20170620","2017-06-20T16:46Z",216,"2017-06-20T17:35:50Z",,73.50,15.56,89.67,,90.34,
"7817e1df-77c2-4f66-a3f2-a910b89cd2c1","1a5ca053-bb59-4060-acc2-fafc84bd5e6d","D17","BIGC","BIGC.AOS.reaeration.station.01","BIGC_S1_20170620","2017-06-20T16:46Z",665,"2017-06-20T18:50:40Z",,78.30,16.62,93.22,,93.89,
"fceda496-e000-456b-b9b6-93acbc683b03","1a5ca053-bb59-4060-acc2-fafc84bd5e6d","D17","BIGC","BIGC.AOS.reaeration.station.01","BIGC_S1_20170620","2017-06-20T16:46Z",186,"2017-06-20T17:30:50Z",,73.50,15.52,89.75,,90.43,
"9ddbd6b5-0d94-4e62-b875-3155bcc584f8","1a5ca053-bb59-4060-acc2-fafc84bd5e6d","D17","BIGC","BIGC.AOS.reaeration.station.01","BIGC_S1_20170620","2017-06-20T16:46Z",225,"2017-06-20T17:37:20Z",,73.90,15.57,90.13,,90.81,
"37a23df8-d5b9-4fc6-8841-f1a3c2d35d0b","1a5ca053-bb59-4060-acc2-fafc84bd5e6d","D17","BIGC","BIGC.AOS.reaeration.station.01","BIGC_S1_20170620","2017-06-20T16:46Z",542,"2017-06-20T18:30:10Z",,78.00,16.29,93.57,,94.25,
"d0338fae-afa5-4f54-a391-7057fff9de54","1a5ca053-bb59-4060-acc2-fafc84bd5e6d","D17","BIGC","BIGC.AOS.reaeration.station.01","BIGC_S1_20170620","2017-06-20T16:46Z",461,"2017-06-20T18:16:40Z",,76.90,16.02,92.82,,93.51,
"76174e18-0112-4636-a06d-a3b6a292c98b","1a5ca053-bb59-4060-acc2-fafc84bd5e6d","D17","BIGC","BIGC.AOS.reaeration.station.01","BIGC_S1_20170620","2017-06-20T16:46Z",47,"2017-06-20T17:07:40Z",,73.50,15.34,90.13,,90.81,
"a8a10f8d-c23d-4533-bd13-5399a139aa98","1a5ca053-bb59-4060-acc2-fafc84bd5e6d","D17","BIGC","BIGC.AOS.reaeration.station.01","BIGC_S1_20170620","2017-06-20T16:46Z",35,"2017-06-20T17:05:40Z",,73.50,15.33,90.15,,90.83,
"6d1c1649-9c21-4db1-884f-fbda95c8efaf","1a5ca053-bb59-4060-acc2-fafc84bd5e6d","D17","BIGC","BIGC.AOS.reaeration.station.01","BIGC_S1_20170620","2017-06-20T16:46Z",304,"2017-06-20T17:50:30Z",,73.80,15.69,89.76,,90.44,
"be504a39-4242-4b48-b32c-a6efece7c8c7","1a5ca053-bb59-4060-acc2-fafc84bd5e6d","D17","BIGC","BIGC.AOS.reaeration.station.01","BIGC_S1_20170620","2017-06-20T16:46Z",332,"2017-06-20T17:55:10Z",,73.80,15.72,89.70,,90.37,
"ef59f254-6f0f-43df-8365-981f6325adce","1a5ca053-bb59-4060-acc2-fafc84bd5e6d","D17","BIGC","BIGC.AOS.reaeration.station.01","BIGC_S1_20170620","2017-06-20T16:46Z",148,"2017-06-20T17:24:30Z",,73.90,15.45,90.39,,91.07,
"f5515c4c-7d21-429f-9013-84ec8df49bfd","1a5ca053-bb59-4060-acc2-fafc84bd5e6d","D17","BIGC","BIGC.AOS.reaeration.station.01","BIGC_S1_20170620","2017-06-20T16:46Z",597,"2017-06-20T18:39:20Z",,78.30,16.46,93.56,,94.24,
"be502b4a-a8e7-4578-ab15-5e1f6c1dd80d","1a5ca053-bb59-4060-acc2-fafc84bd5e6d","D17","BIGC","BIGC.AOS.reaeration.station.01","BIGC_S1_20170620","2017-06-20T16:46Z",582,"2017-06-20T18:36:50Z",,78.30,16.41,93.67,,94.35,
"550e51fa-3c17-4ecc-8a1a-3e8a480bfa6c","1a5ca053-bb59-4060-acc2-fafc84bd5e6d","D17","BIGC","BIGC.AOS.reaeration.station.01","BIGC_S1_20170620","2017-06-20T16:46Z",696,"2017-06-20T18:55:50Z",,78.30,16.74,92.97,,93.63,
"abd0416f-9a80-4257-aad7-c176c2e27955","1a5ca053-bb59-4060-acc2-fafc84bd5e6d","D17","BIGC","BIGC.AOS.reaeration.station.01","BIGC_S1_20170620","2017-06-20T16:46Z",666,"2017-06-20T18:50:50Z",,78.30,16.65,93.16,,93.83,
"aacf310d-fae1-485c-bc73-9e93261744a9","1a5ca053-bb59-4060-acc2-fafc84bd5e6d","D17","BIGC","BIGC.AOS.reaeration.station.01","BIGC_S1_20170620","2017-06-20T16:46Z",90,"2017-06-20T17:14:50Z",,73.50,15.42,89.96,,90.64,
"d261dd2f-f65b-499a-a1b5-c08cbd48e862","1a5ca053-bb59-4060-acc2-fafc84bd5e6d","D17","BIGC","BIGC.AOS.reaeration.station.01","BIGC_S1_20170620","2017-06-20T16:46Z",693,"2017-06-20T18:55:20Z",,78.30,16.72,93.01,,93.68,
"869a3f61-a459-45f3-981f-39625c842031","1a5ca053-bb59-4060-acc2-fafc84bd5e6d","D17","BIGC","BIGC.AOS.reaeration.station.01","BIGC_S1_20170620","2017-06-20T16:46Z",384,"2017-06-20T18:03:50Z",,74.60,15.81,90.48,,91.16,
"ead9f5b5-e52e-41f3-8a1a-0ff59f37530d","1a5ca053-bb59-4060-acc2-fafc84bd5e6d","D17","BIGC","BIGC.AOS.reaeration.station.01","BIGC_S1_20170620","2017-06-20T16:46Z",467,"2017-06-20T18:17:40Z",,76.80,16.06,92.61,,93.30,
"3069b254-99a2-4ddd-ab9f-c161ac25fe68","1a5ca053-bb59-4060-acc2-fafc84bd5e6d","D17","BIGC","BIGC.AOS.reaeration.station.01","BIGC_S1_20170620","2017-06-20T16:46Z",498,"2017-06-20T18:22:50Z",,77.60,16.13,93.43,,94.12,
"a90b2637-bd01-439d-a6ec-c891f9b9388a","1a5ca053-bb59-4060-acc2-fafc84bd5e6d","D17","BIGC","BIGC.AOS.reaeration.station.01","BIGC_S1_20170620","2017-06-20T16:46Z",217,"2017-06-20T17:36:00Z",,73.50,15.57,89.65,,90.32,
"3e7000f4-d830-4306-bd84-651ddff326ef","1a5ca053-bb59-4060-acc2-fafc84bd5e6d","D17","BIGC","BIGC.AOS.reaeration.station.01","BIGC_S1_20170620","2017-06-20T16:46Z",485,"2017-06-20T18:20:40Z",,77.20,16.10,93.01,,93.70,
"469aea00-b12b-47c7-a681-3ba1c0a3638a","1a5ca053-bb59-4060-acc2-fafc84bd5e6d","D17","BIGC","BIGC.AOS.reaeration.station.01","BIGC_S1_20170620","2017-06-20T16:46Z",591,"2017-06-20T18:38:20Z",,78.00,16.44,93.25,,93.92,
"919ce4a7-7d36-40e4-bb66-3c29a55205df","1a5ca053-bb59-4060-acc2-fafc84bd5e6d","D17","BIGC","BIGC.AOS.reaeration.station.01","BIGC_S1_20170620","2017-06-20T16:46Z",132,"2017-06-20T17:21:50Z",,73.90,15.40,90.49,,91.18,
"1e98b041-e665-4240-bd5d-95d600b89cca","1a5ca053-bb59-4060-acc2-fafc84bd5e6d","D17","BIGC","BIGC.AOS.reaeration.station.01","BIGC_S1_20170620","2017-06-20T16:46Z",821,"2017-06-20T19:16:40Z",,44.60,26.64,43.25,,43.16,
"3f5b26e7-e190-45d3-b129-257b2b931c5a","1a5ca053-bb59-4060-acc2-fafc84bd5e6d","D17","BIGC","BIGC.AOS.reaeration.station.01","BIGC_S1_20170620","2017-06-20T16:46Z",302,"2017-06-20T17:50:10Z",,73.90,15.68,89.90,,90.58,
"36776e6c-c6e2-462a-bcf1-92415240cbc2","1a5ca053-bb59-4060-acc2-fafc84bd5e6d","D17","BIGC","BIGC.AOS.reaeration.station.01","BIGC_S1_20170620","2017-06-20T16:46Z",335,"2017-06-20T17:55:40Z",,74.60,15.72,90.67,,91.35,
"2c578141-94f2-484d-b0c6-fe61122b9628","1a5ca053-bb59-4060-acc2-fafc84bd5e6d","D17","BIGC","BIGC.AOS.reaeration.station.01","BIGC_S1_20170620","2017-06-20T16:46Z",507,"2017-06-20T18:24:20Z",,77.20,16.25,92.69,,93.37,
"f2544d95-46e4-4939-90bf-c9558cc0f86e","1a5ca053-bb59-4060-acc2-fafc84bd5e6d","D17","BIGC","BIGC.AOS.reaeration.station.01","BIGC_S1_20170620","2017-06-20T16:46Z",13,"2017-06-20T17:02:00Z",,73.50,15.32,90.17,,90.86,
"9a7291cf-2a6b-478d-8c13-259c16ddd8fe","1a5ca053-bb59-4060-acc2-fafc84bd5e6d","D17","BIGC","BIGC.AOS.reaeration.station.01","BIGC_S1_20170620","2017-06-20T16:46Z",678,"2017-06-20T18:52:50Z",,78.70,16.68,93.57,,94.24,
"5e34d928-f843-497c-a1e2-96726501e647","1a5ca053-bb59-4060-acc2-fafc84bd5e6d","D17","BIGC","BIGC.AOS.reaeration.station.01","BIGC_S1_20170620","2017-06-20T16:46Z",357,"2017-06-20T17:59:20Z",,74.60,15.76,90.59,,91.27,
"e0a12e82-9e73-4261-b9d3-68441233e0ea","1a5ca053-bb59-4060-acc2-fafc84bd5e6d","D17","BIGC","BIGC.AOS.reaeration.station.01","BIGC_S1_20170620","2017-06-20T16:46Z",126,"2017-06-20T17:20:50Z",,73.50,15.42,89.96,,90.64,
"2c8115fa-a459-468f-8c99-c9a53098f30d","1a5ca053-bb59-4060-acc2-fafc84bd5e6d","D17","BIGC","BIGC.AOS.reaeration.station.01","BIGC_S1_20170620","2017-06-20T16:46Z",753,"2017-06-20T19:05:20Z",,41.10,20.99,44.51,,44.70,
"dcfee0b2-a839-40fc-a6d0-1a34308af1a8","1a5ca053-bb59-4060-acc2-fafc84bd5e6d","D17","BIGC","BIGC.AOS.reaeration.station.01","BIGC_S1_20170620","2017-06-20T16:46Z",554,"2017-06-20T18:32:10Z",,78.00,16.32,93.50,,94.19,
"ed2c84c6-d656-48be-b081-e4cd28674580","1a5ca053-bb59-4060-acc2-fafc84bd5e6d","D17","BIGC","BIGC.AOS.reaeration.station.01","BIGC_S1_20170620","2017-06-20T16:46Z",798,"2017-06-20T19:12:50Z",,47.30,25.18,47.14,,47.13,
"025f8bdf-678e-4dbc-8e11-5a4eee3980a6","1a5ca053-bb59-4060-acc2-fafc84bd5e6d","D17","BIGC","BIGC.AOS.reaeration.station.01","BIGC_S1_20170620","2017-06-20T16:46Z",750,"2017-06-20T19:04:50Z",,40.80,20.71,44.44,,44.64,
"1e91c6ba-5956-4128-bf1b-8c23c8c81985","1a5ca053-bb59-4060-acc2-fafc84bd5e6d","D17","BIGC","BIGC.AOS.reaeration.station.01","BIGC_S1_20170620","2017-06-20T16:46Z",165,"2017-06-20T17:27:20Z",,73.90,15.46,90.37,,91.05,
"b21bf80d-8c95-4134-9320-12d6735be1a7","1a5ca053-bb59-4060-acc2-fafc84bd5e6d","D17","BIGC","BIGC.AOS.reaeration.station.01","BIGC_S1_20170620","2017-06-20T16:46Z",736,"2017-06-20T19:02:30Z",,38.90,19.76,43.23,,43.46,
"4bf0edae-4681-40f0-adc6-0215752e75bf","1a5ca053-bb59-4060-acc2-fafc84bd5e6d","D17","BIGC","BIGC.AOS.reaeration.station.01","BIGC_S1_20170620","2017-06-20T16:46Z",722,"2017-06-20T19:00:10Z",,78.30,16.82,92.80,,93.46,
"70bb9f16-29cb-477b-8f72-c1b5df334588","1a5ca053-bb59-4060-acc2-fafc84bd5e6d","D17","BIGC","BIGC.AOS.reaeration.station.01","BIGC_S1_20170620","2017-06-20T16:46Z",436,"2017-06-20T18:12:30Z",,76.10,15.93,92.05,,92.73,
"0ea962c3-fc00-4f9c-8a37-5a1506d08745","1a5ca053-bb59-4060-acc2-fafc84bd5e6d","D17","BIGC","BIGC.AOS.reaeration.station.01","BIGC_S1_20170620","2017-06-20T16:46Z",651,"2017-06-20T18:48:20Z",,78.30,16.60,93.26,,93.94,
"59065a89-d036-4bf3-a000-3f06a5e27e16","1a5ca053-bb59-4060-acc2-fafc84bd5e6d","D17","BIGC","BIGC.AOS.reaeration.station.01","BIGC_S1_20170620","2017-06-20T16:46Z",402,"2017-06-20T18:06:50Z",,75.00,15.84,90.90,,91.58,
"8568cb1d-90e1-4f90-b942-7af02a55b16d","1a5ca053-bb59-4060-acc2-fafc84bd5e6d","D17","BIGC","BIGC.AOS.reaeration.station.01","BIGC_S1_20170620","2017-06-20T16:46Z",551,"2017-06-20T18:31:40Z",,77.60,16.29,93.09,,93.77,
"5491ebe2-dee3-440b-9e92-906e0a1a7f5d","1a5ca053-bb59-4060-acc2-fafc84bd5e6d","D17","BIGC","BIGC.AOS.reaeration.station.01","BIGC_S1_20170620","2017-06-20T16:46Z",569,"2017-06-20T18:34:40Z",,78.30,16.36,93.78,,94.46,
"5f47274d-7242-4bb2-a7bf-b36589de17e4","1a5ca053-bb59-4060-acc2-fafc84bd5e6d","D17","BIGC","BIGC.AOS.reaeration.station.01","BIGC_S1_20170620","2017-06-20T16:46Z",641,"2017-06-20T18:46:40Z",,78.30,16.58,93.31,,93.98,
"1bc86df7-c880-48b1-85b4-171ac3cb97b0","1a5ca053-bb59-4060-acc2-fafc84bd5e6d","D17","BIGC","BIGC.AOS.reaeration.station.01","BIGC_S1_20170620","2017-06-20T16:46Z",689,"2017-06-20T18:54:40Z",,78.70,16.71,93.51,,94.18,
"0b8a066d-13a4-4b22-92d3-8492fe4905f0","1a5ca053-bb59-4060-acc2-fafc84bd5e6d","D17","BIGC","BIGC.AOS.reaeration.station.01","BIGC_S1_20170620","2017-06-20T16:46Z",592,"2017-06-20T18:38:30Z",,78.00,16.43,93.27,,93.95,
"d6bb78b8-4b67-449f-b16f-4fa7f1a0d268","1a5ca053-bb59-4060-acc2-fafc84bd5e6d","D17","BIGC","BIGC.AOS.reaeration.station.01","BIGC_S1_20170620","2017-06-20T16:46Z",801,"2017-06-20T19:13:20Z",,47.70,25.60,47.16,,47.12,
"a8de255d-1521-4258-8dfd-5e887cda93c8","1a5ca053-bb59-4060-acc2-fafc84bd5e6d","D17","BIGC","BIGC.AOS.reaeration.station.01","BIGC_S1_20170620","2017-06-20T16:46Z",756,"2017-06-20T19:05:50Z",,41.10,21.23,44.29,,44.47,
"7d62b39d-883e-4a28-8c34-c2d83bab7ee9","1a5ca053-bb59-4060-acc2-fafc84bd5e6d","D17","BIGC","BIGC.AOS.reaeration.station.01","BIGC_S1_20170620","2017-06-20T16:46Z",817,"2017-06-20T19:16:00Z",,45.00,26.12,44.06,,44.00,
"542fb012-3c2e-4205-afeb-39b4afd95b2d","1a5ca053-bb59-4060-acc2-fafc84bd5e6d","D17","BIGC","BIGC.AOS.reaeration.station.01","BIGC_S1_20170620","2017-06-20T16:46Z",545,"2017-06-20T18:30:40Z",,78.00,16.32,93.50,,94.19,
"42f81499-35e8-492c-9140-e7cf78898843","1a5ca053-bb59-4060-acc2-fafc84bd5e6d","D17","BIGC","BIGC.AOS.reaeration.station.01","BIGC_S1_20170620","2017-06-20T16:46Z",638,"2017-06-20T18:46:10Z",,77.90,16.56,92.87,,93.54,
"b67ed706-0044-4aaf-b84e-a12c78054713","1a5ca053-bb59-4060-acc2-fafc84bd5e6d","D17","BIGC","BIGC.AOS.reaeration.station.01","BIGC_S1_20170620","2017-06-20T16:46Z",748,"2017-06-20T19:04:30Z",,39.70,20.47,43.46,,43.67,
"92f6e428-994b-450f-a127-c15aa8274f4a","1a5ca053-bb59-4060-acc2-fafc84bd5e6d","D17","BIGC","BIGC.AOS.reaeration.station.01","BIGC_S1_20170620","2017-06-20T16:46Z",505,"2017-06-20T18:24:00Z",,77.60,16.19,93.30,,93.99,
"a5ab1809-0e6c-4eff-b666-4b4c0ecfc221","1a5ca053-bb59-4060-acc2-fafc84bd5e6d","D17","BIGC","BIGC.AOS.reaeration.station.01","BIGC_S1_20170620","2017-06-20T16:46Z",611,"2017-06-20T18:41:40Z",,78.30,16.48,93.52,,94.20,
"54eb8c25-7521-4706-80ed-ded7e0757f13","1a5ca053-bb59-4060-acc2-fafc84bd5e6d","D17","BIGC","BIGC.AOS.reaeration.station.01","BIGC_S1_20170620","2017-06-20T16:46Z",3,"2017-06-20T17:00:20Z",,73.10,15.34,89.64,,90.32,
"04c72137-d904-441f-b951-1af35a91ac80","1a5ca053-bb59-4060-acc2-fafc84bd5e6d","D17","BIGC","BIGC.AOS.reaeration.station.01","BIGC_S1_20170620","2017-06-20T16:46Z",159,"2017-06-20T17:26:20Z",,73.90,15.45,90.39,,91.07,
"f8330b7f-a444-48ce-83e1-ab1ee267d043","1a5ca053-bb59-4060-acc2-fafc84bd5e6d","D17","BIGC","BIGC.AOS.reaeration.station.01","BIGC_S1_20170620","2017-06-20T16:46Z",640,"2017-06-20T18:46:30Z",,78.30,16.59,93.28,,93.96,
"f9868b23-bc89-4340-b56c-b972fcceebc6","1a5ca053-bb59-4060-acc2-fafc84bd5e6d","D17","BIGC","BIGC.AOS.reaeration.station.01","BIGC_S1_20170620","2017-06-20T16:46Z",391,"2017-06-20T18:05:00Z",,74.60,15.86,90.38,,91.05,
"aacd3379-a0a2-4dd2-aec0-8da8592e04b8","1a5ca053-bb59-4060-acc2-fafc84bd5e6d","D17","BIGC","BIGC.AOS.reaeration.station.01","BIGC_S1_20170620","2017-06-20T16:46Z",769,"2017-06-20T19:08:00Z",,42.20,22.20,44.58,,44.72,
"014027a5-6db9-4e82-8e27-0e8c2b573c50","1a5ca053-bb59-4060-acc2-fafc84bd5e6d","D17","BIGC","BIGC.AOS.reaeration.station.01","BIGC_S1_20170620","2017-06-20T16:46Z",479,"2017-06-20T18:19:40Z",,77.20,16.07,93.08,,93.76,
"3dd26fcd-b2e4-49f4-bed8-a9ccd9f63ae3","1a5ca053-bb59-4060-acc2-fafc84bd5e6d","D17","BIGC","BIGC.AOS.reaeration.station.01","BIGC_S1_20170620","2017-06-20T16:46Z",309,"2017-06-20T17:51:20Z",,74.20,15.66,90.31,,90.99,
"9a225812-7821-4cf7-9202-c149737d4040","1a5ca053-bb59-4060-acc2-fafc84bd5e6d","D17","BIGC","BIGC.AOS.reaeration.station.01","BIGC_S1_20170620","2017-06-20T16:46Z",33,"2017-06-20T17:05:20Z",,73.50,15.30,90.21,,90.90,
"dbf3f70c-f8dc-4890-959c-1a98d3f41840","1a5ca053-bb59-4060-acc2-fafc84bd5e6d","D17","BIGC","BIGC.AOS.reaeration.station.01","BIGC_S1_20170620","2017-06-20T16:46Z",603,"2017-06-20T18:40:20Z",,78.30,16.46,93.56,,94.24,
"a41b767e-f0ee-4003-8455-c1a50470d552","1a5ca053-bb59-4060-acc2-fafc84bd5e6d","D17","BIGC","BIGC.AOS.reaeration.station.01","BIGC_S1_20170620","2017-06-20T16:46Z",455,"2017-06-20T18:15:40Z",,76.90,16.01,92.84,,93.53,
"0fd1a771-2b9b-4efa-b84f-57bfcca63a95","1a5ca053-bb59-4060-acc2-fafc84bd5e6d","D17","BIGC","BIGC.AOS.reaeration.station.01","BIGC_S1_20170620","2017-06-20T16:46Z",649,"2017-06-20T18:48:00Z",,77.90,16.61,92.77,,93.44,
"61bb2f1f-4ce1-405d-a201-1795e7200e30","1a5ca053-bb59-4060-acc2-fafc84bd5e6d","D17","BIGC","BIGC.AOS.reaeration.station.01","BIGC_S1_20170620","2017-06-20T16:46Z",58,"2017-06-20T17:09:30Z",,73.50,15.38,90.05,,90.73,
"6f9c3db6-8bd9-4e74-98bc-2879fbd64656","1a5ca053-bb59-4060-acc2-fafc84bd5e6d","D17","BIGC","BIGC.AOS.reaeration.station.01","BIGC_S1_20170620","2017-06-20T16:46Z",377,"2017-06-20T18:02:40Z",,75.00,15.80,90.99,,91.67,
"c3fe8ce8-7c98-494d-bd13-1b0670718583","1a5ca053-bb59-4060-acc2-fafc84bd5e6d","D17","BIGC","BIGC.AOS.reaeration.station.01","BIGC_S1_20170620","2017-06-20T16:46Z",315,"2017-06-20T17:52:20Z",,74.20,15.68,90.27,,90.95,
"7e14c3d7-f835-4723-97ca-877db2783997","1a5ca053-bb59-4060-acc2-fafc84bd5e6d","D17","BIGC","BIGC.AOS.reaeration.station.01","BIGC_S1_20170620","2017-06-20T16:46Z",819,"2017-06-20T19:16:20Z",,45.00,26.17,44.02,,43.95,
"a9d2bc80-04f1-40f9-b4b6-b5ceba00ebe6","1a5ca053-bb59-4060-acc2-fafc84bd5e6d","D17","BIGC","BIGC.AOS.reaeration.station.01","BIGC_S1_20170620","2017-06-20T16:46Z",450,"2017-06-20T18:14:50Z",,76.90,15.99,92.88,,93.57,
"c1d72622-3878-429a-9c09-b84cb1bc3d03","1a5ca053-bb59-4060-acc2-fafc84bd5e6d","D17","BIGC","BIGC.AOS.reaeration.station.01","BIGC_S1_20170620","2017-06-20T16:46Z",766,"2017-06-20T19:07:30Z",,42.20,22.07,44.70,,44.85,
"da6061e8-9fc0-4f68-93bc-2d4e6966b5da","1a5ca053-bb59-4060-acc2-fafc84bd5e6d","D17","BIGC","BIGC.AOS.reaeration.station.01","BIGC_S1_20170620","2017-06-20T16:46Z",209,"2017-06-20T17:34:40Z",,73.90,15.54,90.20,,90.88,
"8bdae250-9fb2-4d42-9c9f-5a9794047f7f","1a5ca053-bb59-4060-acc2-fafc84bd5e6d","D17","BIGC","BIGC.AOS.reaeration.station.01","BIGC_S1_20170620","2017-06-20T16:46Z",538,"2017-06-20T18:29:30Z",,78.00,16.28,93.59,,94.27,
"58834983-e600-4bdd-aa00-3361a2b8ff27","1a5ca053-bb59-4060-acc2-fafc84bd5e6d","D17","BIGC","BIGC.AOS.reaeration.station.01","BIGC_S1_20170620","2017-06-20T16:46Z",509,"2017-06-20T18:24:40Z",,77.60,16.25,93.17,,93.86,
"6d81b1eb-8d9d-4701-845b-a377b66b6af1","1a5ca053-bb59-4060-acc2-fafc84bd5e6d","D17","BIGC","BIGC.AOS.reaeration.station.01","BIGC_S1_20170620","2017-06-20T16:46Z",275,"2017-06-20T17:45:40Z",,73.90,15.62,90.03,,90.71,
"415ab95b-ca3c-45c1-bf02-dc88e0572942","1a5ca053-bb59-4060-acc2-fafc84bd5e6d","D17","BIGC","BIGC.AOS.reaeration.station.01","BIGC_S1_20170620","2017-06-20T16:46Z",448,"2017-06-20T18:14:30Z",,76.50,16.01,92.36,,93.04,
"cdba6ab8-378f-440e-b12b-a5421e1a341c","1a5ca053-bb59-4060-acc2-fafc84bd5e6d","D17","BIGC","BIGC.AOS.reaeration.station.01","BIGC_S1_20170620","2017-06-20T16:46Z",787,"2017-06-20T19:11:00Z",,45.90,24.41,46.42,,46.46,
"35f19367-e62b-403c-91f8-b2afdd9962c9","1a5ca053-bb59-4060-acc2-fafc84bd5e6d","D17","BIGC","BIGC.AOS.reaeration.station.01","BIGC_S1_20170620","2017-06-20T16:46Z",263,"2017-06-20T17:43:40Z",,73.90,15.62,90.03,,90.71,
"5796e876-6f63-47cb-94b3-e1eff521c218","1a5ca053-bb59-4060-acc2-fafc84bd5e6d","D17","BIGC","BIGC.AOS.reaeration.station.01","BIGC_S1_20170620","2017-06-20T16:46Z",637,"2017-06-20T18:46:00Z",,78.30,16.56,93.35,,94.02,
"c66f24ca-39fe-4bc0-bab1-35bfbcdbd85e","1a5ca053-bb59-4060-acc2-fafc84bd5e6d","D17","BIGC","BIGC.AOS.reaeration.station.01","BIGC_S1_20170620","2017-06-20T16:46Z",434,"2017-06-20T18:12:10Z",,75.70,15.95,91.52,,92.20,
"b8260c37-c2a3-4de3-9ce2-9fa1f3fd772a","1a5ca053-bb59-4060-acc2-fafc84bd5e6d","D17","BIGC","BIGC.AOS.reaeration.station.01","BIGC_S1_20170620","2017-06-20T16:46Z",270,"2017-06-20T17:44:50Z",,73.90,15.63,90.01,,90.69,
"b7b49715-92ce-4eda-9865-be0cb08259cd","1a5ca053-bb59-4060-acc2-fafc84bd5e6d","D17","BIGC","BIGC.AOS.reaeration.station.01","BIGC_S1_20170620","2017-06-20T16:46Z",415,"2017-06-20T18:09:00Z",,75.00,15.87,90.84,,91.52,
"c7cfd6e5-19d4-437d-988e-b5e3e2d8b158","1a5ca053-bb59-4060-acc2-fafc84bd5e6d","D17","BIGC","BIGC.AOS.reaeration.station.01","BIGC_S1_20170620","2017-06-20T16:46Z",102,"2017-06-20T17:16:50Z",,73.50,15.41,89.98,,90.66,
"d7496e90-12b1-42db-a287-e30993992c1c","1a5ca053-bb59-4060-acc2-fafc84bd5e6d","D17","BIGC","BIGC.AOS.reaeration.station.01","BIGC_S1_20170620","2017-06-20T16:46Z",771,"2017-06-20T19:08:20Z",,42.20,22.23,44.56,,44.70,
"19939453-7125-42ce-9ef8-0b4f1f3551b4","1a5ca053-bb59-4060-acc2-fafc84bd5e6d","D17","BIGC","BIGC.AOS.reaeration.station.01","BIGC_S1_20170620","2017-06-20T16:46Z",253,"2017-06-20T17:42:00Z",,73.90,15.62,90.03,,90.71,
"f6957272-7d32-4861-aae3-04c470013188","1a5ca053-bb59-4060-acc2-fafc84bd5e6d","D17","BIGC","BIGC.AOS.reaeration.station.01","BIGC_S1_20170620","2017-06-20T16:46Z",149,"2017-06-20T17:24:40Z",,73.10,15.54,89.22,,89.89,
"c3c6f4bb-07e9-4b59-a54b-d13872f9ef84","1a5ca053-bb59-4060-acc2-fafc84bd5e6d","D17","BIGC","BIGC.AOS.reaeration.station.01","BIGC_S1_20170620","2017-06-20T16:46Z",206,"2017-06-20T17:34:10Z",,73.90,15.52,90.24,,90.92,
"de48971c-a346-4d20-9f12-4a93574acbb5","1a5ca053-bb59-4060-acc2-fafc84bd5e6d","D17","BIGC","BIGC.AOS.reaeration.station.01","BIGC_S1_20170620","2017-06-20T16:46Z",729,"2017-06-20T19:01:20Z",,78.30,16.85,92.74,,93.40,
"eba00f73-f43c-4568-992b-daa049a37cf9","1a5ca053-bb59-4060-acc2-fafc84bd5e6d","D17","BIGC","BIGC.AOS.reaeration.station.01","BIGC_S1_20170620","2017-06-20T16:46Z",499,"2017-06-20T18:23:00Z",,77.60,16.17,93.34,,94.03,
"f13c2ed0-07e0-402d-9112-4fa7908a01d9","1a5ca053-bb59-4060-acc2-fafc84bd5e6d","D17","BIGC","BIGC.AOS.reaeration.station.01","BIGC_S1_20170620","2017-06-20T16:46Z",50,"2017-06-20T17:08:10Z",,73.50,15.41,89.98,,90.66,
"a0c922d8-afc2-453b-9233-07c7da5ca6d6","1a5ca053-bb59-4060-acc2-fafc84bd5e6d","D17","BIGC","BIGC.AOS.reaeration.station.01","BIGC_S1_20170620","2017-06-20T16:46Z",706,"2017-06-20T18:57:30Z",,78.70,16.77,93.38,,94.05,
"5aafa7b3-6b79-46cc-80d0-1e804efae897","1a5ca053-bb59-4060-acc2-fafc84bd5e6d","D17","BIGC","BIGC.AOS.reaeration.station.01","BIGC_S1_20170620","2017-06-20T16:46Z",565,"2017-06-20T18:34:00Z",,78.30,16.37,93.75,,94.44,
"64ab21b5-f0dd-4f05-93fe-d5b7a0702568","1a5ca053-bb59-4060-acc2-fafc84bd5e6d","D17","BIGC","BIGC.AOS.reaeration.station.01","BIGC_S1_20170620","2017-06-20T16:46Z",698,"2017-06-20T18:56:10Z",,78.70,16.73,93.46,,94.13,
"d9fe086d-cb3b-41f4-9b77-20412309f55f","1a5ca053-bb59-4060-acc2-fafc84bd5e6d","D17","BIGC","BIGC.AOS.reaeration.station.01","BIGC_S1_20170620","2017-06-20T16:46Z",572,"2017-06-20T18:35:10Z",,78.30,16.38,93.73,,94.42,
"c81a0358-c961-4067-b67d-4f6ab60105ed","1a5ca053-bb59-4060-acc2-fafc84bd5e6d","D17","BIGC","BIGC.AOS.reaeration.station.01","BIGC_S1_20170620","2017-06-20T16:46Z",168,"2017-06-20T17:27:50Z",,73.50,15.48,89.83,,90.51,
"f710885c-0102-423b-a060-b8cd4efc8450","1a5ca053-bb59-4060-acc2-fafc84bd5e6d","D17","BIGC","BIGC.AOS.reaeration.station.01","BIGC_S1_20170620","2017-06-20T16:46Z",676,"2017-06-20T18:52:30Z",,78.30,16.67,93.11,,93.78,
"58b596f4-ae94-4b53-a941-4a20b2f7403e","1a5ca053-bb59-4060-acc2-fafc84bd5e6d","D17","BIGC","BIGC.AOS.reaeration.station.01","BIGC_S1_20170620","2017-06-20T16:46Z",312,"2017-06-20T17:51:50Z",,74.60,15.66,90.80,,91.48,
"f63526a8-746d-4e88-a6fa-7a8b9e7261be","1a5ca053-bb59-4060-acc2-fafc84bd5e6d","D17","BIGC","BIGC.AOS.reaeration.station.01","BIGC_S1_20170620","2017-06-20T16:46Z",593,"2017-06-20T18:38:40Z",,78.30,16.46,93.56,,94.24,
"53cb7e57-90c0-45a7-a679-e9bca3508ac5","1a5ca053-bb59-4060-acc2-fafc84bd5e6d","D17","BIGC","BIGC.AOS.reaeration.station.01","BIGC_S1_20170620","2017-06-20T16:46Z",660,"2017-06-20T18:49:50Z",,78.30,16.62,93.22,,93.89,
"1bed159a-a5fa-45fb-9825-4e2fcd88164c","1a5ca053-bb59-4060-acc2-fafc84bd5e6d","D17","BIGC","BIGC.AOS.reaeration.station.01","BIGC_S1_20170620","2017-06-20T16:46Z",397,"2017-06-20T18:06:00Z",,74.60,15.83,90.44,,91.12,
"57086311-07b5-4274-b9f0-242c05ca1cae","1a5ca053-bb59-4060-acc2-fafc84bd5e6d","D17","BIGC","BIGC.AOS.reaeration.station.01","BIGC_S1_20170620","2017-06-20T16:46Z",316,"2017-06-20T17:52:30Z",,74.20,15.69,90.25,,90.93,
"7d794eca-fe90-400b-9f7e-0a521e055da5","1a5ca053-bb59-4060-acc2-fafc84bd5e6d","D17","BIGC","BIGC.AOS.reaeration.station.01","BIGC_S1_20170620","2017-06-20T16:46Z",812,"2017-06-20T19:15:10Z",,45.00,25.82,44.31,,44.26,
"36c52c9f-a213-4b15-9907-0ddf9486e5b9","1a5ca053-bb59-4060-acc2-fafc84bd5e6d","D17","BIGC","BIGC.AOS.reaeration.station.01","BIGC_S1_20170620","2017-06-20T16:46Z",547,"2017-06-20T18:31:00Z",,77.60,16.36,92.94,,93.62,
"fbf22412-4543-4b99-a0bb-fa58c87f1a44","1a5ca053-bb59-4060-acc2-fafc84bd5e6d","D17","BIGC","BIGC.AOS.reaeration.station.01","BIGC_S1_20170620","2017-06-20T16:46Z",417,"2017-06-20T18:09:20Z",,74.60,15.90,90.29,,90.97,
"ad0512b1-598a-42ff-936d-87b1949f3f13","1a5ca053-bb59-4060-acc2-fafc84bd5e6d","D17","BIGC","BIGC.AOS.reaeration.station.01","BIGC_S1_20170620","2017-06-20T16:46Z",36,"2017-06-20T17:05:50Z",,73.10,15.38,89.56,,90.23,
"7c8a2074-0fb8-4637-99ea-0afd3326277d","1a5ca053-bb59-4060-acc2-fafc84bd5e6d","D17","BIGC","BIGC.AOS.reaeration.station.01","BIGC_S1_20170620","2017-06-20T16:46Z",264,"2017-06-20T17:43:50Z",,73.90,15.62,90.03,,90.71,
"e8f9d8a0-fcab-43b7-b858-690da0ec1514","1a5ca053-bb59-4060-acc2-fafc84bd5e6d","D17","BIGC","BIGC.AOS.reaeration.station.01","BIGC_S1_20170620","2017-06-20T16:46Z",76,"2017-06-20T17:12:30Z",,73.50,15.35,90.11,,90.79,
"2a97f6ed-d9a0-4b52-9b74-811375f853d2","1a5ca053-bb59-4060-acc2-fafc84bd5e6d","D17","BIGC","BIGC.AOS.reaeration.station.01","BIGC_S1_20170620","2017-06-20T16:46Z",614,"2017-06-20T18:42:10Z",,78.30,16.48,93.52,,94.20,
"d9719fac-51ae-4b8b-9488-05283f01b6e9","1a5ca053-bb59-4060-acc2-fafc84bd5e6d","D17","BIGC","BIGC.AOS.reaeration.station.01","BIGC_S1_20170620","2017-06-20T16:46Z",732,"2017-06-20T19:01:50Z",,37.50,18.40,42.91,,43.18,
"b86cbea1-8d42-4e1b-a1f5-d8d4b591987b","1a5ca053-bb59-4060-acc2-fafc84bd5e6d","D17","BIGC","BIGC.AOS.reaeration.station.01","BIGC_S1_20170620","2017-06-20T16:46Z",741,"2017-06-20T19:03:20Z",,38.90,19.89,43.11,,43.33,
"8569b35e-162c-46cc-9546-4a4e12d1a781","1a5ca053-bb59-4060-acc2-fafc84bd5e6d","D17","BIGC","BIGC.AOS.reaeration.station.01","BIGC_S1_20170620","2017-06-20T16:46Z",720,"2017-06-20T18:59:50Z",,78.70,16.82,93.27,,93.94,
"9c44afa2-c3b3-4bbe-b323-c003f4ff9dce","1a5ca053-bb59-4060-acc2-fafc84bd5e6d","D17","BIGC","BIGC.AOS.reaeration.station.01","BIGC_S1_20170620","2017-06-20T16:46Z",52,"2017-06-20T17:08:30Z",,73.50,15.34,90.13,,90.81,
"b053abe6-a693-4307-8637-6818594d511d","1a5ca053-bb59-4060-acc2-fafc84bd5e6d","D17","BIGC","BIGC.AOS.reaeration.station.01","BIGC_S1_20170620","2017-06-20T16:46Z",659,"2017-06-20T18:49:40Z",,78.70,16.62,93.70,,94.37,
"08313ac0-e445-4be5-9c66-e154b285c8de","1a5ca053-bb59-4060-acc2-fafc84bd5e6d","D17","BIGC","BIGC.AOS.reaeration.station.01","BIGC_S1_20170620","2017-06-20T16:46Z",677,"2017-06-20T18:52:40Z",,78.30,16.68,93.09,,93.76,
"2cbabde0-ad50-4a59-bca0-ba080bcb2e91","1a5ca053-bb59-4060-acc2-fafc84bd5e6d","D17","BIGC","BIGC.AOS.reaeration.station.01","BIGC_S1_20170620","2017-06-20T16:46Z",503,"2017-06-20T18:23:40Z",,77.60,16.20,93.28,,93.96,
"bfd59fd6-2814-4c8a-ac1c-fb36230b660d","1a5ca053-bb59-4060-acc2-fafc84bd5e6d","D17","BIGC","BIGC.AOS.reaeration.station.01","BIGC_S1_20170620","2017-06-20T16:46Z",774,"2017-06-20T19:08:50Z",,42.20,22.33,44.47,,44.60,
"f4b56c29-391c-4945-a9eb-822c0dbe46fe","1a5ca053-bb59-4060-acc2-fafc84bd5e6d","D17","BIGC","BIGC.AOS.reaeration.station.01","BIGC_S1_20170620","2017-06-20T16:46Z",11,"2017-06-20T17:01:40Z",,73.10,15.36,89.60,,90.28,
"eea4e6bf-70e9-4291-a272-4d42a8631dc4","1a5ca053-bb59-4060-acc2-fafc84bd5e6d","D17","BIGC","BIGC.AOS.reaeration.station.01","BIGC_S1_20170620","2017-06-20T16:46Z",351,"2017-06-20T17:58:20Z",,74.20,15.76,90.10,,90.78,
"efe18368-d242-4e5f-902a-f962c19213f9","1a5ca053-bb59-4060-acc2-fafc84bd5e6d","D17","BIGC","BIGC.AOS.reaeration.station.01","BIGC_S1_20170620","2017-06-20T16:46Z",809,"2017-06-20T19:14:40Z",,45.80,25.54,45.33,,45.30,
"d47cd789-abeb-491e-aa4c-494de90f8f26","1a5ca053-bb59-4060-acc2-fafc84bd5e6d","D17","BIGC","BIGC.AOS.reaeration.station.01","BIGC_S1_20170620","2017-06-20T16:46Z",160,"2017-06-20T17:26:30Z",,73.90,15.42,90.45,,91.13,
"48426a00-cc0b-4c31-9fc3-519de301603f","1a5ca053-bb59-4060-acc2-fafc84bd5e6d","D17","BIGC","BIGC.AOS.reaeration.station.01","BIGC_S1_20170620","2017-06-20T16:46Z",59,"2017-06-20T17:09:40Z",,73.50,15.36,90.09,,90.77,
"6778db2f-f916-4aa7-851c-3460766fcc80","1a5ca053-bb59-4060-acc2-fafc84bd5e6d","D17","BIGC","BIGC.AOS.reaeration.station.01","BIGC_S1_20170620","2017-06-20T16:46Z",393,"2017-06-20T18:05:20Z",,74.60,15.82,90.46,,91.14,
"6d63a114-89a1-47a1-9822-b15540b3db2f","1a5ca053-bb59-4060-acc2-fafc84bd5e6d","D17","BIGC","BIGC.AOS.reaeration.station.01","BIGC_S1_20170620","2017-06-20T16:46Z",616,"2017-06-20T18:42:30Z",,77.90,16.50,93.00,,93.67,
"aa44ea5b-dc86-4d2e-8b61-778ac10a8477","1a5ca053-bb59-4060-acc2-fafc84bd5e6d","D17","BIGC","BIGC.AOS.reaeration.station.01","BIGC_S1_20170620","2017-06-20T16:46Z",438,"2017-06-20T18:12:50Z",,76.10,15.95,92.00,,92.69,
"61847894-1414-4756-8092-38a42b0ea8bd","1a5ca053-bb59-4060-acc2-fafc84bd5e6d","D17","BIGC","BIGC.AOS.reaeration.station.01","BIGC_S1_20170620","2017-06-20T16:46Z",108,"2017-06-20T17:17:50Z",,73.50,15.42,89.96,,90.64,
"a037a4b1-3fd1-4deb-9812-78ef422f4c03","1a5ca053-bb59-4060-acc2-fafc84bd5e6d","D17","BIGC","BIGC.AOS.reaeration.station.01","BIGC_S1_20170620","2017-06-20T16:46Z",433,"2017-06-20T18:12:00Z",,75.70,15.95,91.52,,92.20,
"7b54406a-0b3b-4b71-9f78-3834d064d8af","1a5ca053-bb59-4060-acc2-fafc84bd5e6d","D17","BIGC","BIGC.AOS.reaeration.station.01","BIGC_S1_20170620","2017-06-20T16:46Z",628,"2017-06-20T18:44:30Z",,77.90,16.55,92.89,,93.56,
"ec2f48e4-2c6f-4519-8fae-0c0c645bc7c6","1a5ca053-bb59-4060-acc2-fafc84bd5e6d","D17","BIGC","BIGC.AOS.reaeration.station.01","BIGC_S1_20170620","2017-06-20T16:46Z",712,"2017-06-20T18:58:30Z",,78.70,16.79,93.34,,94.00,
"700d581d-36fe-4a47-ba2f-f6514613f0c8","1a5ca053-bb59-4060-acc2-fafc84bd5e6d","D17","BIGC","BIGC.AOS.reaeration.station.01","BIGC_S1_20170620","2017-06-20T16:46Z",662,"2017-06-20T18:50:10Z",,77.90,16.64,92.70,,93.37,
"8fa4186a-39d4-4401-8dac-010809e20b06","1a5ca053-bb59-4060-acc2-fafc84bd5e6d","D17","BIGC","BIGC.AOS.reaeration.station.01","BIGC_S1_20170620","2017-06-20T16:46Z",267,"2017-06-20T17:44:20Z",,73.90,15.63,90.01,,90.69,
"7e081877-42fb-4373-8bbe-3ca0eb430644","1a5ca053-bb59-4060-acc2-fafc84bd5e6d","D17","BIGC","BIGC.AOS.reaeration.station.01","BIGC_S1_20170620","2017-06-20T16:46Z",300,"2017-06-20T17:49:50Z",,74.20,15.68,90.27,,90.95,
"4d168d6d-3e92-40dd-84a1-969d4b79bcd3","1a5ca053-bb59-4060-acc2-fafc84bd5e6d","D17","BIGC","BIGC.AOS.reaeration.station.01","BIGC_S1_20170620","2017-06-20T16:46Z",303,"2017-06-20T17:50:20Z",,73.80,15.74,89.66,,90.33,
"cc50fef9-232b-4e01-aa02-29fb4b3f4c30","1a5ca053-bb59-4060-acc2-fafc84bd5e6d","D17","BIGC","BIGC.AOS.reaeration.station.01","BIGC_S1_20170620","2017-06-20T16:46Z",594,"2017-06-20T18:38:50Z",,78.00,16.44,93.25,,93.92,
"a79b9b2e-1a20-4352-b3db-5694afb45d0e","1a5ca053-bb59-4060-acc2-fafc84bd5e6d","D17","BIGC","BIGC.AOS.reaeration.station.01","BIGC_S1_20170620","2017-06-20T16:46Z",754,"2017-06-20T19:05:30Z",,41.10,21.09,44.42,,44.60,
"80daa50d-d5d2-426f-8a8f-ecc5021f84d1","1a5ca053-bb59-4060-acc2-fafc84bd5e6d","D17","BIGC","BIGC.AOS.reaeration.station.01","BIGC_S1_20170620","2017-06-20T16:46Z",405,"2017-06-20T18:07:20Z",,75.00,15.86,90.86,,91.54,
"e038c7e1-a373-466b-a4e2-e8d32620366d","1a5ca053-bb59-4060-acc2-fafc84bd5e6d","D17","BIGC","BIGC.AOS.reaeration.station.01","BIGC_S1_20170620","2017-06-20T16:46Z",458,"2017-06-20T18:16:10Z",,76.90,16.02,92.82,,93.51,
"c9068c1e-062d-4c17-9f5d-a9a815a6bdfa","1a5ca053-bb59-4060-acc2-fafc84bd5e6d","D17","BIGC","BIGC.AOS.reaeration.station.01","BIGC_S1_20170620","2017-06-20T16:46Z",282,"2017-06-20T17:46:50Z",,73.90,15.63,90.01,,90.69,
"2125f3db-1299-42f6-8a2f-9981a31932a9","1a5ca053-bb59-4060-acc2-fafc84bd5e6d","D17","BIGC","BIGC.AOS.reaeration.station.01","BIGC_S1_20170620","2017-06-20T16:46Z",400,"2017-06-20T18:06:30Z",,74.60,15.86,90.38,,91.05,
"4149a1e2-55f4-4a47-998a-f4d8d9681f46","1a5ca053-bb59-4060-acc2-fafc84bd5e6d","D17","BIGC","BIGC.AOS.reaeration.station.01","BIGC_S1_20170620","2017-06-20T16:46Z",150,"2017-06-20T17:24:50Z",,73.50,15.48,89.83,,90.51,
"59bda79b-6586-47c0-9579-1ea8289810b5","1a5ca053-bb59-4060-acc2-fafc84bd5e6d","D17","BIGC","BIGC.AOS.reaeration.station.01","BIGC_S1_20170620","2017-06-20T16:46Z",343,"2017-06-20T17:57:00Z",,74.20,15.74,90.14,,90.82,
"8994e366-9831-442f-b027-3d38f99819b7","1a5ca053-bb59-4060-acc2-fafc84bd5e6d","D17","BIGC","BIGC.AOS.reaeration.station.01","BIGC_S1_20170620","2017-06-20T16:46Z",107,"2017-06-20T17:17:40Z",,73.50,15.44,89.92,,90.60,
"648ef7e3-56cc-4452-b3d8-51c540c1c386","1a5ca053-bb59-4060-acc2-fafc84bd5e6d","D17","BIGC","BIGC.AOS.reaeration.station.01","BIGC_S1_20170620","2017-06-20T16:46Z",726,"2017-06-20T19:00:50Z",,78.70,16.83,93.25,,93.92,
"d994af64-0368-49d6-97ab-8252cb4d342d","1a5ca053-bb59-4060-acc2-fafc84bd5e6d","D17","BIGC","BIGC.AOS.reaeration.station.01","BIGC_S1_20170620","2017-06-20T16:46Z",182,"2017-06-20T17:30:10Z",,73.90,15.48,90.32,,91.01,
"027823ec-e8d6-4e7f-9203-32a2ed9ff6eb","1a5ca053-bb59-4060-acc2-fafc84bd5e6d","D17","BIGC","BIGC.AOS.reaeration.station.01","BIGC_S1_20170620","2017-06-20T16:46Z",408,"2017-06-20T18:07:50Z",,75.00,15.86,90.86,,91.54,
"44e61952-14c6-4715-821c-19273092aea0","1a5ca053-bb59-4060-acc2-fafc84bd5e6d","D17","BIGC","BIGC.AOS.reaeration.station.01","BIGC_S1_20170620","2017-06-20T16:46Z",134,"2017-06-20T17:22:10Z",,73.50,15.41,89.98,,90.66,
"b0126617-9f40-4653-90eb-afc7954d10de","1a5ca053-bb59-4060-acc2-fafc84bd5e6d","D17","BIGC","BIGC.AOS.reaeration.station.01","BIGC_S1_20170620","2017-06-20T16:46Z",731,"2017-06-20T19:01:40Z",,35.60,17.56,41.50,,41.78,
"a2375368-a198-42ce-997e-4b69a0ac287a","1a5ca053-bb59-4060-acc2-fafc84bd5e6d","D17","BIGC","BIGC.AOS.reaeration.station.01","BIGC_S1_20170620","2017-06-20T16:46Z",601,"2017-06-20T18:40:00Z",,77.60,16.47,92.70,,93.38,
"4105bde8-f988-4ea4-bc2d-9907c31088b2","1a5ca053-bb59-4060-acc2-fafc84bd5e6d","D17","BIGC","BIGC.AOS.reaeration.station.01","BIGC_S1_20170620","2017-06-20T16:46Z",144,"2017-06-20T17:23:50Z",,73.50,15.47,89.86,,90.53,
"f9f976ab-8255-4d5f-916e-96f5368cd920","1a5ca053-bb59-4060-acc2-fafc84bd5e6d","D17","BIGC","BIGC.AOS.reaeration.station.01","BIGC_S1_20170620","2017-06-20T16:46Z",546,"2017-06-20T18:30:50Z",,77.60,16.34,92.98,,93.66,
"381bb0c3-8162-46e0-b889-9af31514eaa3","1a5ca053-bb59-4060-acc2-fafc84bd5e6d","D17","BIGC","BIGC.AOS.reaeration.station.01","BIGC_S1_20170620","2017-06-20T16:46Z",454,"2017-06-20T18:15:30Z",,76.90,16.00,92.86,,93.55,
"7d833abb-ef50-4692-9f51-e2ceeb8b84df","1a5ca053-bb59-4060-acc2-fafc84bd5e6d","D17","BIGC","BIGC.AOS.reaeration.station.01","BIGC_S1_20170620","2017-06-20T16:46Z",625,"2017-06-20T18:44:00Z",,77.90,16.52,92.96,,93.63,
"ba5bd6bc-e633-42c5-914d-aa58372125c3","1a5ca053-bb59-4060-acc2-fafc84bd5e6d","D17","BIGC","BIGC.AOS.reaeration.station.01","BIGC_S1_20170620","2017-06-20T16:46Z",715,"2017-06-20T18:59:00Z",,78.70,16.80,93.31,,93.98,
"72f8153c-cd5f-4021-a517-42e01ea5f66d","1a5ca053-bb59-4060-acc2-fafc84bd5e6d","D17","BIGC","BIGC.AOS.reaeration.station.01","BIGC_S1_20170620","2017-06-20T16:46Z",764,"2017-06-20T19:07:10Z",,42.20,21.90,44.86,,45.01,
"aedbf012-727f-4ddf-9b24-cf39962c551f","1a5ca053-bb59-4060-acc2-fafc84bd5e6d","D17","BIGC","BIGC.AOS.reaeration.station.01","BIGC_S1_20170620","2017-06-20T16:46Z",552,"2017-06-20T18:31:50Z",,77.60,16.31,93.04,,93.72,
"6c151bd9-440c-4edc-8069-1588bf1efbb3","1a5ca053-bb59-4060-acc2-fafc84bd5e6d","D17","BIGC","BIGC.AOS.reaeration.station.01","BIGC_S1_20170620","2017-06-20T16:46Z",49,"2017-06-20T17:08:00Z",,73.50,15.36,90.09,,90.77,
"9a9704d7-6c33-411d-b455-937b1d7b5e71","1a5ca053-bb59-4060-acc2-fafc84bd5e6d","D17","BIGC","BIGC.AOS.reaeration.station.01","BIGC_S1_20170620","2017-06-20T16:46Z",694,"2017-06-20T18:55:30Z",,78.70,16.72,93.48,,94.16,
"58e086b7-1bb4-424c-ab61-82b2367db9ce","1a5ca053-bb59-4060-acc2-fafc84bd5e6d","D17","BIGC","BIGC.AOS.reaeration.station.01","BIGC_S1_20170620","2017-06-20T16:46Z",320,"2017-06-20T17:53:10Z",,73.80,15.74,89.66,,90.33,
"aba8dd96-8e70-4293-b43a-33a33098d5ee","1a5ca053-bb59-4060-acc2-fafc84bd5e6d","D17","BIGC","BIGC.AOS.reaeration.station.01","BIGC_S1_20170620","2017-06-20T16:46Z",685,"2017-06-20T18:54:00Z",,78.30,16.70,93.05,,93.72,
"4a0e2cf8-7673-4d93-8b2a-9f20f1fcb972","1a5ca053-bb59-4060-acc2-fafc84bd5e6d","D17","BIGC","BIGC.AOS.reaeration.station.01","BIGC_S1_20170620","2017-06-20T16:46Z",394,"2017-06-20T18:05:30Z",,74.60,15.83,90.44,,91.12,
"5a503a4d-9f0b-4438-96e5-5665040ddebb","1a5ca053-bb59-4060-acc2-fafc84bd5e6d","D17","BIGC","BIGC.AOS.reaeration.station.01","BIGC_S1_20170620","2017-06-20T16:46Z",204,"2017-06-20T17:33:50Z",,73.50,15.56,89.67,,90.34,
"7a778d4c-8ff2-465d-b5af-9049fb816117","1a5ca053-bb59-4060-acc2-fafc84bd5e6d","D17","BIGC","BIGC.AOS.reaeration.station.01","BIGC_S1_20170620","2017-06-20T16:46Z",46,"2017-06-20T17:07:30Z",,73.50,15.36,90.09,,90.77,
"b37cc80b-9fba-44e4-a166-fcd051234643","1a5ca053-bb59-4060-acc2-fafc84bd5e6d","D17","BIGC","BIGC.AOS.reaeration.station.01","BIGC_S1_20170620","2017-06-20T16:46Z",772,"2017-06-20T19:08:30Z",,42.20,22.19,44.59,,44.73,
"ecfd3d03-cb37-4f78-86c9-afee99daa23a","1a5ca053-bb59-4060-acc2-fafc84bd5e6d","D17","BIGC","BIGC.AOS.reaeration.station.01","BIGC_S1_20170620","2017-06-20T16:46Z",483,"2017-06-20T18:20:20Z",,77.60,16.07,93.56,,94.25,
"fa201458-e266-406f-84c7-c2986703dca5","1a5ca053-bb59-4060-acc2-fafc84bd5e6d","D17","BIGC","BIGC.AOS.reaeration.station.01","BIGC_S1_20170620","2017-06-20T16:46Z",553,"2017-06-20T18:32:00Z",,78.30,16.30,93.90,,94.59,
"a949eb92-f3d4-42ea-ba41-2910baa8a552","1a5ca053-bb59-4060-acc2-fafc84bd5e6d","D17","BIGC","BIGC.AOS.reaeration.station.01","BIGC_S1_20170620","2017-06-20T16:46Z",116,"2017-06-20T17:19:10Z",,73.50,15.39,90.02,,90.71,
"173b3bc7-f553-44fc-9683-f83e7310f416","1a5ca053-bb59-4060-acc2-fafc84bd5e6d","D17","BIGC","BIGC.AOS.reaeration.station.01","BIGC_S1_20170620","2017-06-20T16:46Z",749,"2017-06-20T19:04:40Z",,40.40,20.59,44.12,,44.32,
"28c3d973-bbfa-4a80-be5e-90436c386c01","1a5ca053-bb59-4060-acc2-fafc84bd5e6d","D17","BIGC","BIGC.AOS.reaeration.station.01","BIGC_S1_20170620","2017-06-20T16:46Z",61,"2017-06-20T17:10:00Z",,73.10,15.40,89.51,,90.19,
"3c2a31a5-9f16-4dae-a27d-da74d2f0ccc9","1a5ca053-bb59-4060-acc2-fafc84bd5e6d","D17","BIGC","BIGC.AOS.reaeration.station.01","BIGC_S1_20170620","2017-06-20T16:46Z",191,"2017-06-20T17:31:40Z",,73.50,15.54,89.71,,90.39,
"3bcd7cf3-c5a5-4e8b-b8fa-900f7af08c87","1a5ca053-bb59-4060-acc2-fafc84bd5e6d","D17","BIGC","BIGC.AOS.reaeration.station.01","BIGC_S1_20170620","2017-06-20T16:46Z",307,"2017-06-20T17:51:00Z",,73.80,15.69,89.76,,90.44,
"5f4ab192-6d4c-40b5-8aef-c60810843293","1a5ca053-bb59-4060-acc2-fafc84bd5e6d","D17","BIGC","BIGC.AOS.reaeration.station.01","BIGC_S1_20170620","2017-06-20T16:46Z",522,"2017-06-20T18:26:50Z",,77.60,16.23,93.21,,93.90,
"be3bc71e-7b96-480b-8a71-84b078204922","1a5ca053-bb59-4060-acc2-fafc84bd5e6d","D17","BIGC","BIGC.AOS.reaeration.station.01","BIGC_S1_20170620","2017-06-20T16:46Z",721,"2017-06-20T19:00:00Z",,78.30,16.82,92.80,,93.46,
"7e4bff4f-f3e9-4d2b-8a19-196b152ec738","1a5ca053-bb59-4060-acc2-fafc84bd5e6d","D17","BIGC","BIGC.AOS.reaeration.station.01","BIGC_S1_20170620","2017-06-20T16:46Z",207,"2017-06-20T17:34:20Z",,73.90,15.52,90.24,,90.92,
"d705faf4-9be2-4eb1-98c7-89135e6fb7f3","1a5ca053-bb59-4060-acc2-fafc84bd5e6d","D17","BIGC","BIGC.AOS.reaeration.station.01","BIGC_S1_20170620","2017-06-20T16:46Z",480,"2017-06-20T18:19:50Z",,77.20,16.07,93.08,,93.76,
"0c4cd026-5105-4b9a-94b2-e0bb274a9447","1a5ca053-bb59-4060-acc2-fafc84bd5e6d","D17","BIGC","BIGC.AOS.reaeration.station.01","BIGC_S1_20170620","2017-06-20T16:46Z",81,"2017-06-20T17:13:20Z",,73.50,15.38,90.05,,90.73,
"fb1232f2-309e-49de-a2c8-c841ef3805d9","1a5ca053-bb59-4060-acc2-fafc84bd5e6d","D17","BIGC","BIGC.AOS.reaeration.station.01","BIGC_S1_20170620","2017-06-20T16:46Z",92,"2017-06-20T17:15:10Z",,73.50,15.39,90.02,,90.71,
"25fa5cab-5a48-46e1-975c-92770acb6be0","1a5ca053-bb59-4060-acc2-fafc84bd5e6d","D17","BIGC","BIGC.AOS.reaeration.station.01","BIGC_S1_20170620","2017-06-20T16:46Z",668,"2017-06-20T18:51:10Z",,78.70,16.65,93.63,,94.31,
"d6dc9702-60ef-4de2-b461-e7c6a622f947","1a5ca053-bb59-4060-acc2-fafc84bd5e6d","D17","BIGC","BIGC.AOS.reaeration.station.01","BIGC_S1_20170620","2017-06-20T16:46Z",337,"2017-06-20T17:56:00Z",,74.60,15.71,90.69,,91.37,
"0dc61865-7b23-420d-acb6-089b67325e41","1a5ca053-bb59-4060-acc2-fafc84bd5e6d","D17","BIGC","BIGC.AOS.reaeration.station.01","BIGC_S1_20170620","2017-06-20T16:46Z",226,"2017-06-20T17:37:30Z",,73.90,15.57,90.13,,90.81,
"76df2100-e32e-4b5a-8458-f33e211742a2","1a5ca053-bb59-4060-acc2-fafc84bd5e6d","D17","BIGC","BIGC.AOS.reaeration.station.01","BIGC_S1_20170620","2017-06-20T16:46Z",604,"2017-06-20T18:40:30Z",,78.30,16.46,93.56,,94.24,
"e2b85bca-e717-466d-9341-5906904c0141","1a5ca053-bb59-4060-acc2-fafc84bd5e6d","D17","BIGC","BIGC.AOS.reaeration.station.01","BIGC_S1_20170620","2017-06-20T16:46Z",643,"2017-06-20T18:47:00Z",,78.30,16.59,93.28,,93.96,
"a36ef5b8-42fe-4f11-9716-f44eaa49d989","1a5ca053-bb59-4060-acc2-fafc84bd5e6d","D17","BIGC","BIGC.AOS.reaeration.station.01","BIGC_S1_20170620","2017-06-20T16:46Z",674,"2017-06-20T18:52:10Z",,78.30,16.66,93.14,,93.81,
"b6ca227c-6159-46a0-bf87-287a6cc700cb","1a5ca053-bb59-4060-acc2-fafc84bd5e6d","D17","BIGC","BIGC.AOS.reaeration.station.01","BIGC_S1_20170620","2017-06-20T16:46Z",334,"2017-06-20T17:55:30Z",,74.20,15.72,90.19,,90.86,
"64d93b9c-8935-4eb6-885e-6ff2b68e7875","1a5ca053-bb59-4060-acc2-fafc84bd5e6d","D17","BIGC","BIGC.AOS.reaeration.station.01","BIGC_S1_20170620","2017-06-20T16:46Z",386,"2017-06-20T18:04:10Z",,74.20,15.82,89.98,,90.65,
"4da76b88-0253-441c-8b9a-abfcfb73f52b","1a5ca053-bb59-4060-acc2-fafc84bd5e6d","D17","BIGC","BIGC.AOS.reaeration.station.01","BIGC_S1_20170620","2017-06-20T16:46Z",294,"2017-06-20T17:48:50Z",,73.90,15.64,89.99,,90.66,
"34826123-b056-4804-a184-7a811c70921b","1a5ca053-bb59-4060-acc2-fafc84bd5e6d","D17","BIGC","BIGC.AOS.reaeration.station.01","BIGC_S1_20170620","2017-06-20T16:46Z",222,"2017-06-20T17:36:50Z",,73.90,15.58,90.11,,90.79,
"cf902cc5-bfd2-4d57-9750-d053e32d2946","1a5ca053-bb59-4060-acc2-fafc84bd5e6d","D17","BIGC","BIGC.AOS.reaeration.station.01","BIGC_S1_20170620","2017-06-20T16:46Z",371,"2017-06-20T18:01:40Z",,74.60,15.80,90.50,,91.18,
"164e62fc-eaa9-438f-8cc0-e73d10e0eefa","1a5ca053-bb59-4060-acc2-fafc84bd5e6d","D17","BIGC","BIGC.AOS.reaeration.station.01","BIGC_S1_20170620","2017-06-20T16:46Z",476,"2017-06-20T18:19:10Z",,77.20,16.08,93.05,,93.74,
"0a5884f0-9070-4a73-b4cc-3511afa9e49a","1a5ca053-bb59-4060-acc2-fafc84bd5e6d","D17","BIGC","BIGC.AOS.reaeration.station.01","BIGC_S1_20170620","2017-06-20T16:46Z",6,"2017-06-20T17:00:50Z",,73.50,15.32,90.17,,90.86,
"6ae774e5-139b-4da1-b90e-6507c980b1b9","1a5ca053-bb59-4060-acc2-fafc84bd5e6d","D17","BIGC","BIGC.AOS.reaeration.station.01","BIGC_S1_20170620","2017-06-20T16:46Z",250,"2017-06-20T17:41:30Z",,73.90,15.58,90.11,,90.79,
"9ea926eb-1690-470b-9113-b028d8af13f6","1a5ca053-bb59-4060-acc2-fafc84bd5e6d","D17","BIGC","BIGC.AOS.reaeration.station.01","BIGC_S1_20170620","2017-06-20T16:46Z",387,"2017-06-20T18:04:20Z",,74.20,15.84,89.93,,90.61,
"61e8510a-c68c-47ec-b131-b82c4111c248","1a5ca053-bb59-4060-acc2-fafc84bd5e6d","D17","BIGC","BIGC.AOS.reaeration.station.01","BIGC_S1_20170620","2017-06-20T16:46Z",624,"2017-06-20T18:43:50Z",,78.30,16.52,93.43,,94.11,
"253f28b0-99e2-4c03-9f62-36f37f5ae35b","1a5ca053-bb59-4060-acc2-fafc84bd5e6d","D17","BIGC","BIGC.AOS.reaeration.station.01","BIGC_S1_20170620","2017-06-20T16:46Z",656,"2017-06-20T18:49:10Z",,78.30,16.60,93.26,,93.94,
"eead561b-c1c4-45fd-9562-cfcda883c374","1a5ca053-bb59-4060-acc2-fafc84bd5e6d","D17","BIGC","BIGC.AOS.reaeration.station.01","BIGC_S1_20170620","2017-06-20T16:46Z",657,"2017-06-20T18:49:20Z",,78.30,16.61,93.24,,93.91,
"9f4529d3-8d45-4c72-a5b8-104ca95551cd","1a5ca053-bb59-4060-acc2-fafc84bd5e6d","D17","BIGC","BIGC.AOS.reaeration.station.01","BIGC_S1_20170620","2017-06-20T16:46Z",562,"2017-06-20T18:33:30Z",,78.30,16.37,93.75,,94.44,
"9a27405e-6828-4406-aed0-79cf54b24b29","1a5ca053-bb59-4060-acc2-fafc84bd5e6d","D17","BIGC","BIGC.AOS.reaeration.station.01","BIGC_S1_20170620","2017-06-20T16:46Z",700,"2017-06-20T18:56:30Z",,78.70,16.74,93.44,,94.11,
"f52e33df-ab7d-463b-b1d4-66998a4ba9a5","1a5ca053-bb59-4060-acc2-fafc84bd5e6d","D17","BIGC","BIGC.AOS.reaeration.station.01","BIGC_S1_20170620","2017-06-20T16:46Z",655,"2017-06-20T18:49:00Z",,78.30,16.60,93.26,,93.94,
"28999d89-2226-439f-8c51-af21d4b830ca","1a5ca053-bb59-4060-acc2-fafc84bd5e6d","D17","BIGC","BIGC.AOS.reaeration.station.01","BIGC_S1_20170620","2017-06-20T16:46Z",190,"2017-06-20T17:31:30Z",,73.90,15.50,90.28,,90.96,
"e35b5ee4-064d-4ec6-b480-3f49ff7ba7be","1a5ca053-bb59-4060-acc2-fafc84bd5e6d","D17","BIGC","BIGC.AOS.reaeration.station.01","BIGC_S1_20170620","2017-06-20T16:46Z",529,"2017-06-20T18:28:00Z",,77.60,16.24,93.19,,93.88,
"1f2ca3b6-e428-4a2f-95f6-6534ed3c957d","1a5ca053-bb59-4060-acc2-fafc84bd5e6d","D17","BIGC","BIGC.AOS.reaeration.station.01","BIGC_S1_20170620","2017-06-20T16:46Z",456,"2017-06-20T18:15:50Z",,76.90,16.04,92.78,,93.47,
"8c331f99-427f-4802-8a2c-774dd4ac10bb","1a5ca053-bb59-4060-acc2-fafc84bd5e6d","D17","BIGC","BIGC.AOS.reaeration.station.01","BIGC_S1_20170620","2017-06-20T16:46Z",119,"2017-06-20T17:19:40Z",,73.50,15.42,89.96,,90.64,
"3a94372d-3429-4cbd-818d-2948934bf312","1a5ca053-bb59-4060-acc2-fafc84bd5e6d","D17","BIGC","BIGC.AOS.reaeration.station.01","BIGC_S1_20170620","2017-06-20T16:46Z",430,"2017-06-20T18:11:30Z",,75.30,15.92,91.10,,91.78,
"369d9cd4-afc6-4364-9cec-69699beb057b","1a5ca053-bb59-4060-acc2-fafc84bd5e6d","D17","BIGC","BIGC.AOS.reaeration.station.01","BIGC_S1_20170620","2017-06-20T16:46Z",574,"2017-06-20T18:35:30Z",,78.00,16.38,93.37,,94.05,
"e8b6034f-82f0-4c0e-9727-e6d2b12084b3","1a5ca053-bb59-4060-acc2-fafc84bd5e6d","D17","BIGC","BIGC.AOS.reaeration.station.01","BIGC_S1_20170620","2017-06-20T16:46Z",284,"2017-06-20T17:47:10Z",,73.90,15.65,89.97,,90.64,
"abc9344b-1fd1-4935-98b2-0680150aa3d9","1a5ca053-bb59-4060-acc2-fafc84bd5e6d","D17","BIGC","BIGC.AOS.reaeration.station.01","BIGC_S1_20170620","2017-06-20T16:46Z",306,"2017-06-20T17:50:50Z",,74.60,15.66,90.80,,91.48,
"cc1a7bc2-e88b-44a5-8089-f836fa567ced","1a5ca053-bb59-4060-acc2-fafc84bd5e6d","D17","BIGC","BIGC.AOS.reaeration.station.01","BIGC_S1_20170620","2017-06-20T16:46Z",113,"2017-06-20T17:18:40Z",,73.50,15.41,89.98,,90.66,
"ee17881f-90f5-4fc5-9778-76f2e0598266","1a5ca053-bb59-4060-acc2-fafc84bd5e6d","D17","BIGC","BIGC.AOS.reaeration.station.01","BIGC_S1_20170620","2017-06-20T16:46Z",313,"2017-06-20T17:52:00Z",,74.20,15.69,90.25,,90.93,
"5dc75c53-a70a-4142-a76e-6cf8e13c86c5","1a5ca053-bb59-4060-acc2-fafc84bd5e6d","D17","BIGC","BIGC.AOS.reaeration.station.01","BIGC_S1_20170620","2017-06-20T16:46Z",324,"2017-06-20T17:53:50Z",,73.80,15.71,89.72,,90.39,
"4c6a93b2-af29-4536-83be-af55d233bb03","1a5ca053-bb59-4060-acc2-fafc84bd5e6d","D17","BIGC","BIGC.AOS.reaeration.station.01","BIGC_S1_20170620","2017-06-20T16:46Z",788,"2017-06-20T19:11:10Z",,45.50,24.40,46.03,,46.06,
"708b6207-f4a1-4a2f-a654-11989e1214fa","1a5ca053-bb59-4060-acc2-fafc84bd5e6d","D17","BIGC","BIGC.AOS.reaeration.station.01","BIGC_S1_20170620","2017-06-20T16:46Z",223,"2017-06-20T17:37:00Z",,73.90,15.56,90.16,,90.83,
"cb1e2df7-a88b-4f05-973c-c4d7f887c1ed","1a5ca053-bb59-4060-acc2-fafc84bd5e6d","D17","BIGC","BIGC.AOS.reaeration.station.01","BIGC_S1_20170620","2017-06-20T16:46Z",424,"2017-06-20T18:10:30Z",,75.00,15.92,90.74,,91.41,
"d4722621-e657-4df3-8f5e-a14b0c0dbef9","1a5ca053-bb59-4060-acc2-fafc84bd5e6d","D17","BIGC","BIGC.AOS.reaeration.station.01","BIGC_S1_20170620","2017-06-20T16:46Z",364,"2017-06-20T18:00:30Z",,74.60,15.77,90.57,,91.24,
"ef0db263-6417-4f68-b8a0-d6a55f65d2da","1a5ca053-bb59-4060-acc2-fafc84bd5e6d","D17","BIGC","BIGC.AOS.reaeration.station.01","BIGC_S1_20170620","2017-06-20T16:46Z",667,"2017-06-20T18:51:00Z",,78.30,16.64,93.18,,93.85,
"c3bc2a5a-6186-46b2-844a-1baac363ec8a","1a5ca053-bb59-4060-acc2-fafc84bd5e6d","D17","BIGC","BIGC.AOS.reaeration.station.01","BIGC_S1_20170620","2017-06-20T16:46Z",288,"2017-06-20T17:47:50Z",,74.60,15.63,90.86,,91.54,
"f4f1fea8-8440-452c-9181-6fa79b7c5347","1a5ca053-bb59-4060-acc2-fafc84bd5e6d","D17","BIGC","BIGC.AOS.reaeration.station.01","BIGC_S1_20170620","2017-06-20T16:46Z",236,"2017-06-20T17:39:10Z",,73.90,15.58,90.11,,90.79,
"e732b00d-9140-4752-ba4a-06d17596667c","1a5ca053-bb59-4060-acc2-fafc84bd5e6d","D17","BIGC","BIGC.AOS.reaeration.station.01","BIGC_S1_20170620","2017-06-20T16:46Z",268,"2017-06-20T17:44:30Z",,73.90,15.60,90.07,,90.75,
"c2cc3fe7-3584-41f4-9799-7c0f7f80dd30","1a5ca053-bb59-4060-acc2-fafc84bd5e6d","D17","BIGC","BIGC.AOS.reaeration.station.01","BIGC_S1_20170620","2017-06-20T16:46Z",583,"2017-06-20T18:37:00Z",,78.00,16.41,93.31,,93.99,
"31888f05-1dd7-4e9a-bd5e-a396721058d0","1a5ca053-bb59-4060-acc2-fafc84bd5e6d","D17","BIGC","BIGC.AOS.reaeration.station.01","BIGC_S1_20170620","2017-06-20T16:46Z",214,"2017-06-20T17:35:30Z",,73.90,15.56,90.16,,90.83,
"f08e2fa4-4f84-4c92-bdf0-0ee34d797da5","1a5ca053-bb59-4060-acc2-fafc84bd5e6d","D17","BIGC","BIGC.AOS.reaeration.station.01","BIGC_S1_20170620","2017-06-20T16:46Z",824,"2017-06-20T19:17:00Z",,45.40,26.68,43.99,,43.89,
"e0825f4f-1c4e-4438-bf0c-5f24aea4eee5","1a5ca053-bb59-4060-acc2-fafc84bd5e6d","D17","BIGC","BIGC.AOS.reaeration.station.01","BIGC_S1_20170620","2017-06-20T16:46Z",104,"2017-06-20T17:17:10Z",,73.50,15.41,89.98,,90.66,
"a75c5a81-f0ad-44e8-84ef-347429b1fb52","1a5ca053-bb59-4060-acc2-fafc84bd5e6d","D17","BIGC","BIGC.AOS.reaeration.station.01","BIGC_S1_20170620","2017-06-20T16:46Z",561,"2017-06-20T18:33:20Z",,78.00,16.36,93.42,,94.10,
"d9a95dab-25a6-4382-9d90-89c2d52db261","1a5ca053-bb59-4060-acc2-fafc84bd5e6d","D17","BIGC","BIGC.AOS.reaeration.station.01","BIGC_S1_20170620","2017-06-20T16:46Z",406,"2017-06-20T18:07:30Z",,74.60,15.86,90.38,,91.05,
"11512a3c-b726-4950-ab56-cf137930a3e5","1a5ca053-bb59-4060-acc2-fafc84bd5e6d","D17","BIGC","BIGC.AOS.reaeration.station.01","BIGC_S1_20170620","2017-06-20T16:46Z",329,"2017-06-20T17:54:40Z",,74.60,15.70,90.71,,91.39,
"05d2bdb1-607b-4bd0-99cd-0ee781fa20a5","1a5ca053-bb59-4060-acc2-fafc84bd5e6d","D17","BIGC","BIGC.AOS.reaeration.station.01","BIGC_S1_20170620","2017-06-20T16:46Z",621,"2017-06-20T18:43:20Z",,78.30,16.52,93.43,,94.11,
"c2159988-50d9-4521-9953-58e419683d8a","1a5ca053-bb59-4060-acc2-fafc84bd5e6d","D17","BIGC","BIGC.AOS.reaeration.station.01","BIGC_S1_20170620","2017-06-20T16:46Z",301,"2017-06-20T17:50:00Z",,73.90,15.68,89.90,,90.58,
"81555717-6fe0-45db-a3a0-0bd5a56a5f6b","1a5ca053-bb59-4060-acc2-fafc84bd5e6d","D17","BIGC","BIGC.AOS.reaeration.station.01","BIGC_S1_20170620","2017-06-20T16:46Z",620,"2017-06-20T18:43:10Z",,78.30,16.50,93.48,,94.15,
"147eddcc-754e-4294-b258-75c80e2e6e6f","1a5ca053-bb59-4060-acc2-fafc84bd5e6d","D17","BIGC","BIGC.AOS.reaeration.station.01","BIGC_S1_20170620","2017-06-20T16:46Z",607,"2017-06-20T18:41:00Z",,78.30,16.47,93.54,,94.22,
"6cdda602-5684-4f4e-9402-6d5c5a94be45","1a5ca053-bb59-4060-acc2-fafc84bd5e6d","D17","BIGC","BIGC.AOS.reaeration.station.01","BIGC_S1_20170620","2017-06-20T16:46Z",716,"2017-06-20T18:59:10Z",,78.70,16.80,93.31,,93.98,
"12a67ffb-6f12-43e8-9156-3caec68cb7e2","1a5ca053-bb59-4060-acc2-fafc84bd5e6d","D17","BIGC","BIGC.AOS.reaeration.station.01","BIGC_S1_20170620","2017-06-20T16:46Z",98,"2017-06-20T17:16:10Z",,73.50,15.40,90.00,,90.68,
"7c6f969e-cc9d-4972-89d7-2d19345066cd","1a5ca053-bb59-4060-acc2-fafc84bd5e6d","D17","BIGC","BIGC.AOS.reaeration.station.01","BIGC_S1_20170620","2017-06-20T16:46Z",200,"2017-06-20T17:33:10Z",,74.20,15.50,90.65,,91.33,
"f168db82-3a21-4cc5-a07d-efbc53d7f757","1a5ca053-bb59-4060-acc2-fafc84bd5e6d","D17","BIGC","BIGC.AOS.reaeration.station.01","BIGC_S1_20170620","2017-06-20T16:46Z",691,"2017-06-20T18:55:00Z",,78.70,16.71,93.51,,94.18,
"202b0594-0dfc-404d-9224-119f2035ece7","1a5ca053-bb59-4060-acc2-fafc84bd5e6d","D17","BIGC","BIGC.AOS.reaeration.station.01","BIGC_S1_20170620","2017-06-20T16:46Z",173,"2017-06-20T17:28:40Z",,73.90,15.46,90.37,,91.05,
"2aa12b23-f5cc-4bc9-b0e2-b69600b31145","1a5ca053-bb59-4060-acc2-fafc84bd5e6d","D17","BIGC","BIGC.AOS.reaeration.station.01","BIGC_S1_20170620","2017-06-20T16:46Z",549,"2017-06-20T18:31:20Z",,78.00,16.32,93.50,,94.19,
"eacd40b8-27cc-411d-9549-5039f732bf69","1a5ca053-bb59-4060-acc2-fafc84bd5e6d","D17","BIGC","BIGC.AOS.reaeration.station.01","BIGC_S1_20170620","2017-06-20T16:46Z",375,"2017-06-20T18:02:20Z",,74.60,15.81,90.48,,91.16,
"c42201bd-e42f-45d6-87cb-5f66a5a4a06a","1a5ca053-bb59-4060-acc2-fafc84bd5e6d","D17","BIGC","BIGC.AOS.reaeration.station.01","BIGC_S1_20170620","2017-06-20T16:46Z",395,"2017-06-20T18:05:40Z",,74.20,15.83,89.96,,90.63,
"4aa39952-8ab2-4774-9630-8d8a0a0dfb00","1a5ca053-bb59-4060-acc2-fafc84bd5e6d","D17","BIGC","BIGC.AOS.reaeration.station.01","BIGC_S1_20170620","2017-06-20T16:46Z",446,"2017-06-20T18:14:10Z",,76.50,15.98,92.42,,93.11,
"c1b68552-27d3-4afb-994d-c436b1b93010","1a5ca053-bb59-4060-acc2-fafc84bd5e6d","D17","BIGC","BIGC.AOS.reaeration.station.01","BIGC_S1_20170620","2017-06-20T16:46Z",381,"2017-06-20T18:03:20Z",,74.20,15.81,90.00,,90.67,
"2122b405-1b1a-4428-b7d0-6faab364c299","1a5ca053-bb59-4060-acc2-fafc84bd5e6d","D17","BIGC","BIGC.AOS.reaeration.station.01","BIGC_S1_20170620","2017-06-20T16:46Z",711,"2017-06-20T18:58:20Z",,78.70,16.79,93.34,,94.00,
"13e4a53c-efa1-4f41-8de3-83902da02232","1a5ca053-bb59-4060-acc2-fafc84bd5e6d","D17","BIGC","BIGC.AOS.reaeration.station.01","BIGC_S1_20170620","2017-06-20T16:46Z",135,"2017-06-20T17:22:20Z",,73.50,15.45,89.90,,90.58,
"1f94361f-a6bf-43c9-b633-f8967b2a296c","1a5ca053-bb59-4060-acc2-fafc84bd5e6d","D17","BIGC","BIGC.AOS.reaeration.station.01","BIGC_S1_20170620","2017-06-20T16:46Z",26,"2017-06-20T17:04:10Z",,73.50,15.33,90.15,,90.83,
"16f8f79e-fc2a-4943-8e70-8cffd0e2768e","1a5ca053-bb59-4060-acc2-fafc84bd5e6d","D17","BIGC","BIGC.AOS.reaeration.station.01","BIGC_S1_20170620","2017-06-20T16:46Z",718,"2017-06-20T18:59:30Z",,79.10,16.80,93.79,,94.46,
"52de189e-4232-45be-ad32-01d57fb272a1","1a5ca053-bb59-4060-acc2-fafc84bd5e6d","D17","BIGC","BIGC.AOS.reaeration.station.01","BIGC_S1_20170620","2017-06-20T16:46Z",390,"2017-06-20T18:04:50Z",,73.80,15.87,89.39,,90.05,
"196dbbd7-c997-43ba-a9aa-73f9397e2b36","1a5ca053-bb59-4060-acc2-fafc84bd5e6d","D17","BIGC","BIGC.AOS.reaeration.station.01","BIGC_S1_20170620","2017-06-20T16:46Z",202,"2017-06-20T17:33:30Z",,74.60,15.48,91.18,,91.87,
"451c6e8f-025b-41f8-ba7a-50e6a5cec7b6","1a5ca053-bb59-4060-acc2-fafc84bd5e6d","D17","BIGC","BIGC.AOS.reaeration.station.01","BIGC_S1_20170620","2017-06-20T16:46Z",338,"2017-06-20T17:56:10Z",,73.80,15.77,89.59,,90.27,
"a4a6ded9-b4ce-4e67-8c12-d2c93474194c","1a5ca053-bb59-4060-acc2-fafc84bd5e6d","D17","BIGC","BIGC.AOS.reaeration.station.01","BIGC_S1_20170620","2017-06-20T16:46Z",258,"2017-06-20T17:42:50Z",,73.90,15.62,90.03,,90.71,
"dfeb0cd9-2dd5-4b71-b1b4-3a35df98b219","1a5ca053-bb59-4060-acc2-fafc84bd5e6d","D17","BIGC","BIGC.AOS.reaeration.station.01","BIGC_S1_20170620","2017-06-20T16:46Z",747,"2017-06-20T19:04:20Z",,40.00,20.31,43.94,,44.15,
"1bdd801b-b532-4fb6-b551-9083e1095f0f","1a5ca053-bb59-4060-acc2-fafc84bd5e6d","D17","BIGC","BIGC.AOS.reaeration.station.01","BIGC_S1_20170620","2017-06-20T16:46Z",426,"2017-06-20T18:10:50Z",,75.00,15.92,90.74,,91.41,
"3d38a8d0-eab6-480c-80d2-4af91bfb64e1","1a5ca053-bb59-4060-acc2-fafc84bd5e6d","D17","BIGC","BIGC.AOS.reaeration.station.01","BIGC_S1_20170620","2017-06-20T16:46Z",65,"2017-06-20T17:10:40Z",,73.50,15.39,90.02,,90.71,
"98c16451-f651-4a3f-b1b1-1b2a49fb6164","1a5ca053-bb59-4060-acc2-fafc84bd5e6d","D17","BIGC","BIGC.AOS.reaeration.station.01","BIGC_S1_20170620","2017-06-20T16:46Z",471,"2017-06-20T18:18:20Z",,77.20,16.07,93.08,,93.76,
"fc85e94d-7248-4ea7-bd7f-060fe170903e","1a5ca053-bb59-4060-acc2-fafc84bd5e6d","D17","BIGC","BIGC.AOS.reaeration.station.01","BIGC_S1_20170620","2017-06-20T16:46Z",85,"2017-06-20T17:14:00Z",,73.50,15.40,90.00,,90.68,
"f9ddc324-2743-4d59-90c3-02942bfc0aa1","1a5ca053-bb59-4060-acc2-fafc84bd5e6d","D17","BIGC","BIGC.AOS.reaeration.station.01","BIGC_S1_20170620","2017-06-20T16:46Z",528,"2017-06-20T18:27:50Z",,77.60,16.23,93.21,,93.90,
"126ba3eb-6f59-43c5-b56b-d0d50c2ce701","1a5ca053-bb59-4060-acc2-fafc84bd5e6d","D17","BIGC","BIGC.AOS.reaeration.station.01","BIGC_S1_20170620","2017-06-20T16:46Z",533,"2017-06-20T18:28:40Z",,77.60,16.26,93.15,,93.83,
"dfe35556-33aa-4ba0-98b4-6f08e0bae61a","1a5ca053-bb59-4060-acc2-fafc84bd5e6d","D17","BIGC","BIGC.AOS.reaeration.station.01","BIGC_S1_20170620","2017-06-20T16:46Z",465,"2017-06-20T18:17:20Z",,77.20,16.05,93.12,,93.81,
"12b0de4b-443a-4a08-be2a-e45648d92936","1a5ca053-bb59-4060-acc2-fafc84bd5e6d","D17","BIGC","BIGC.AOS.reaeration.station.01","BIGC_S1_20170620","2017-06-20T16:46Z",212,"2017-06-20T17:35:10Z",,73.90,15.53,90.22,,90.90,
"cd10c22d-d057-4e0d-872c-e4b03a23ff72","1a5ca053-bb59-4060-acc2-fafc84bd5e6d","D17","BIGC","BIGC.AOS.reaeration.station.01","BIGC_S1_20170620","2017-06-20T16:46Z",792,"2017-06-20T19:11:50Z",,46.60,24.65,46.91,,46.93,
"088a111d-8d3a-45b5-a475-93b909480ff6","1a5ca053-bb59-4060-acc2-fafc84bd5e6d","D17","BIGC","BIGC.AOS.reaeration.station.01","BIGC_S1_20170620","2017-06-20T16:46Z",330,"2017-06-20T17:54:50Z",,73.80,15.72,89.70,,90.37,
"aa978afc-5a52-4e45-aa35-dd0bce66b506","1a5ca053-bb59-4060-acc2-fafc84bd5e6d","D17","BIGC","BIGC.AOS.reaeration.station.01","BIGC_S1_20170620","2017-06-20T16:46Z",121,"2017-06-20T17:20:00Z",,73.50,15.41,89.98,,90.66,
"5a41d73f-62df-4915-bda2-d74e4dca7a85","1a5ca053-bb59-4060-acc2-fafc84bd5e6d","D17","BIGC","BIGC.AOS.reaeration.station.01","BIGC_S1_20170620","2017-06-20T16:46Z",392,"2017-06-20T18:05:10Z",,74.60,15.83,90.44,,91.12,
"f9d3d526-62a8-4355-84ff-15ab069fab51","1a5ca053-bb59-4060-acc2-fafc84bd5e6d","D17","BIGC","BIGC.AOS.reaeration.station.01","BIGC_S1_20170620","2017-06-20T16:46Z",544,"2017-06-20T18:30:30Z",,78.00,16.29,93.57,,94.25,
"a44eb976-d840-483a-b924-fab159880922","1a5ca053-bb59-4060-acc2-fafc84bd5e6d","D17","BIGC","BIGC.AOS.reaeration.station.01","BIGC_S1_20170620","2017-06-20T16:46Z",686,"2017-06-20T18:54:10Z",,78.30,16.70,93.05,,93.72,
"491b9533-39f2-4343-9e9d-e9b583592775","1a5ca053-bb59-4060-acc2-fafc84bd5e6d","D17","BIGC","BIGC.AOS.reaeration.station.01","BIGC_S1_20170620","2017-06-20T16:46Z",279,"2017-06-20T17:46:20Z",,73.90,15.64,89.99,,90.66,
"363c742a-0c7d-4824-b086-4008df84b660","1a5ca053-bb59-4060-acc2-fafc84bd5e6d","D17","BIGC","BIGC.AOS.reaeration.station.01","BIGC_S1_20170620","2017-06-20T16:46Z",37,"2017-06-20T17:06:00Z",,73.50,15.34,90.13,,90.81,
"b886099c-449d-4041-918c-650aa8856e0d","1a5ca053-bb59-4060-acc2-fafc84bd5e6d","D17","BIGC","BIGC.AOS.reaeration.station.01","BIGC_S1_20170620","2017-06-20T16:46Z",130,"2017-06-20T17:21:30Z",,73.50,15.45,89.90,,90.58,
"fb70ac4f-b526-4f4a-803a-8656f6b367ef","1a5ca053-bb59-4060-acc2-fafc84bd5e6d","D17","BIGC","BIGC.AOS.reaeration.station.01","BIGC_S1_20170620","2017-06-20T16:46Z",181,"2017-06-20T17:30:00Z",,73.50,15.50,89.79,,90.47,
"fd5be53d-8e57-4563-a634-bb55df0924c5","1a5ca053-bb59-4060-acc2-fafc84bd5e6d","D17","BIGC","BIGC.AOS.reaeration.station.01","BIGC_S1_20170620","2017-06-20T16:46Z",164,"2017-06-20T17:27:10Z",,73.50,15.46,89.88,,90.56,
"b381a066-37ba-44c4-9971-3e65b07048d4","1a5ca053-bb59-4060-acc2-fafc84bd5e6d","D17","BIGC","BIGC.AOS.reaeration.station.01","BIGC_S1_20170620","2017-06-20T16:46Z",790,"2017-06-20T19:11:30Z",,45.90,24.42,46.41,,46.45,
"b18fa39a-5d87-4e4e-af97-01bf0d096510","1a5ca053-bb59-4060-acc2-fafc84bd5e6d","D17","BIGC","BIGC.AOS.reaeration.station.01","BIGC_S1_20170620","2017-06-20T16:46Z",124,"2017-06-20T17:20:30Z",,73.50,15.42,89.96,,90.64,
"d8d71efe-4fd7-460b-9b1a-4953644a13a9","1a5ca053-bb59-4060-acc2-fafc84bd5e6d","D17","BIGC","BIGC.AOS.reaeration.station.01","BIGC_S1_20170620","2017-06-20T16:46Z",373,"2017-06-20T18:02:00Z",,74.60,15.77,90.57,,91.24,
"f2daab09-e356-4ff8-96fb-c63dfc669f64","1a5ca053-bb59-4060-acc2-fafc84bd5e6d","D17","BIGC","BIGC.AOS.reaeration.station.01","BIGC_S1_20170620","2017-06-20T16:46Z",724,"2017-06-20T19:00:30Z",,78.70,16.83,93.25,,93.92,
"602e84e2-f832-441b-9330-cb8091b38040","1a5ca053-bb59-4060-acc2-fafc84bd5e6d","D17","BIGC","BIGC.AOS.reaeration.station.01","BIGC_S1_20170620","2017-06-20T16:46Z",177,"2017-06-20T17:29:20Z",,73.50,15.48,89.83,,90.51,
"c80bf897-26e3-4a84-b952-430429bb9217","1a5ca053-bb59-4060-acc2-fafc84bd5e6d","D17","BIGC","BIGC.AOS.reaeration.station.01","BIGC_S1_20170620","2017-06-20T16:46Z",109,"2017-06-20T17:18:00Z",,73.50,15.41,89.98,,90.66,
"9231d30b-3cb5-4d8e-89f8-e085c3405b64","1a5ca053-bb59-4060-acc2-fafc84bd5e6d","D17","BIGC","BIGC.AOS.reaeration.station.01","BIGC_S1_20170620","2017-06-20T16:46Z",802,"2017-06-20T19:13:30Z",,47.30,25.68,46.69,,46.65,
"ae3dc80e-5fe5-48d3-a811-72a07ead9110","1a5ca053-bb59-4060-acc2-fafc84bd5e6d","D17","BIGC","BIGC.AOS.reaeration.station.01","BIGC_S1_20170620","2017-06-20T16:46Z",767,"2017-06-20T19:07:40Z",,42.20,22.05,44.72,,44.87,
"04b9abc1-a83b-4087-9b7c-6acef528c771","1a5ca053-bb59-4060-acc2-fafc84bd5e6d","D17","BIGC","BIGC.AOS.reaeration.station.01","BIGC_S1_20170620","2017-06-20T16:46Z",266,"2017-06-20T17:44:10Z",,73.90,15.59,90.09,,90.77,
"14ebc2f5-bed0-4d65-933a-f3dcf59ad320","1a5ca053-bb59-4060-acc2-fafc84bd5e6d","D17","BIGC","BIGC.AOS.reaeration.station.01","BIGC_S1_20170620","2017-06-20T16:46Z",366,"2017-06-20T18:00:50Z",,74.60,15.77,90.57,,91.24,
"6e9c3fe1-5e1f-4bd4-94df-a516123c74d6","1a5ca053-bb59-4060-acc2-fafc84bd5e6d","D17","BIGC","BIGC.AOS.reaeration.station.01","BIGC_S1_20170620","2017-06-20T16:46Z",167,"2017-06-20T17:27:40Z",,73.50,15.48,89.83,,90.51,
"9961a4cb-eb2d-4af1-b842-58b074d887aa","1a5ca053-bb59-4060-acc2-fafc84bd5e6d","D17","BIGC","BIGC.AOS.reaeration.station.01","BIGC_S1_20170620","2017-06-20T16:46Z",259,"2017-06-20T17:43:00Z",,73.90,15.62,90.03,,90.71,
"624695e2-ca83-4690-b991-f184f988cbfd","1a5ca053-bb59-4060-acc2-fafc84bd5e6d","D17","BIGC","BIGC.AOS.reaeration.station.01","BIGC_S1_20170620","2017-06-20T16:46Z",466,"2017-06-20T18:17:30Z",,77.20,16.04,93.14,,93.83,
"0ec63734-0e45-45b9-8124-f0cd326e2358","1a5ca053-bb59-4060-acc2-fafc84bd5e6d","D17","BIGC","BIGC.AOS.reaeration.station.01","BIGC_S1_20170620","2017-06-20T16:46Z",210,"2017-06-20T17:34:50Z",,73.90,15.53,90.22,,90.90,
"738f14d7-ade8-47a5-ae02-57571eba62cd","1a5ca053-bb59-4060-acc2-fafc84bd5e6d","D17","BIGC","BIGC.AOS.reaeration.station.01","BIGC_S1_20170620","2017-06-20T16:46Z",93,"2017-06-20T17:15:20Z",,73.50,15.40,90.00,,90.68,
"4bf3df3f-aecc-45ab-ab28-7e97abdf81b7","1a5ca053-bb59-4060-acc2-fafc84bd5e6d","D17","BIGC","BIGC.AOS.reaeration.station.01","BIGC_S1_20170620","2017-06-20T16:46Z",663,"2017-06-20T18:50:20Z",,78.30,16.64,93.18,,93.85,
"77a20d98-5f5d-48c1-82d7-83a9a1ac9b2b","1a5ca053-bb59-4060-acc2-fafc84bd5e6d","D17","BIGC","BIGC.AOS.reaeration.station.01","BIGC_S1_20170620","2017-06-20T16:46Z",247,"2017-06-20T17:41:00Z",,73.90,15.60,90.07,,90.75,
"70aeb94c-6bad-4d59-921f-981a8b02f08b","1a5ca053-bb59-4060-acc2-fafc84bd5e6d","D17","BIGC","BIGC.AOS.reaeration.station.01","BIGC_S1_20170620","2017-06-20T16:46Z",274,"2017-06-20T17:45:30Z",,73.90,15.63,90.01,,90.69,
"527e9cfd-f849-4e17-9724-536b83a6c915","1a5ca053-bb59-4060-acc2-fafc84bd5e6d","D17","BIGC","BIGC.AOS.reaeration.station.01","BIGC_S1_20170620","2017-06-20T16:46Z",757,"2017-06-20T19:06:00Z",,41.50,21.35,44.61,,44.79,
"61810bb6-03b2-49aa-88d2-83894bb7606f","1a5ca053-bb59-4060-acc2-fafc84bd5e6d","D17","BIGC","BIGC.AOS.reaeration.station.01","BIGC_S1_20170620","2017-06-20T16:46Z",814,"2017-06-20T19:15:30Z",,45.00,25.81,44.31,,44.27,
"85d7cf10-4d37-43e2-b67d-f376e6476022","1a5ca053-bb59-4060-acc2-fafc84bd5e6d","D17","BIGC","BIGC.AOS.reaeration.station.01","BIGC_S1_20170620","2017-06-20T16:46Z",388,"2017-06-20T18:04:30Z",,75.00,15.81,90.97,,91.65,
"107577e6-f9c7-4ea8-8673-549d97cacc96","1a5ca053-bb59-4060-acc2-fafc84bd5e6d","D17","BIGC","BIGC.AOS.reaeration.station.01","BIGC_S1_20170620","2017-06-20T16:46Z",654,"2017-06-20T18:48:50Z",,78.30,16.60,93.26,,93.94,
"99e95114-cd11-4704-81ce-24e2244d6b80","1a5ca053-bb59-4060-acc2-fafc84bd5e6d","D17","BIGC","BIGC.AOS.reaeration.station.01","BIGC_S1_20170620","2017-06-20T16:46Z",101,"2017-06-20T17:16:40Z",,73.50,15.41,89.98,,90.66,
"a693ce63-ab8d-4581-bd65-4efd02c54d36","1a5ca053-bb59-4060-acc2-fafc84bd5e6d","D17","BIGC","BIGC.AOS.reaeration.station.01","BIGC_S1_20170620","2017-06-20T16:46Z",707,"2017-06-20T18:57:40Z",,78.30,16.77,92.90,,93.57,
"f4310a88-2bf6-43a8-9d9a-b14fb286ad49","1a5ca053-bb59-4060-acc2-fafc84bd5e6d","D17","BIGC","BIGC.AOS.reaeration.station.01","BIGC_S1_20170620","2017-06-20T16:46Z",1,"2017-06-20T17:00:00Z",,73.10,15.34,89.64,,90.32,
"959be362-0c91-4fc4-b9f9-ff84a5d0cdd0","1a5ca053-bb59-4060-acc2-fafc84bd5e6d","D17","BIGC","BIGC.AOS.reaeration.station.01","BIGC_S1_20170620","2017-06-20T16:46Z",791,"2017-06-20T19:11:40Z",,46.20,24.57,46.58,,46.61,
"84db8720-57fb-4b2c-9313-b448a5d9a11e","1a5ca053-bb59-4060-acc2-fafc84bd5e6d","D17","BIGC","BIGC.AOS.reaeration.station.01","BIGC_S1_20170620","2017-06-20T16:46Z",521,"2017-06-20T18:26:40Z",,77.20,16.24,92.71,,93.39,
"911cc616-4fb0-4dad-abf5-e0b29d3d87f3","1a5ca053-bb59-4060-acc2-fafc84bd5e6d","D17","BIGC","BIGC.AOS.reaeration.station.01","BIGC_S1_20170620","2017-06-20T16:46Z",761,"2017-06-20T19:06:40Z",,41.50,21.63,44.35,,44.52,
"d9dbe1da-a0a6-4129-bd6f-8b0bc458f244","1a5ca053-bb59-4060-acc2-fafc84bd5e6d","D17","BIGC","BIGC.AOS.reaeration.station.01","BIGC_S1_20170620","2017-06-20T16:46Z",518,"2017-06-20T18:26:10Z",,78.00,16.20,93.76,,94.45,
"cc64a39b-a8bb-4ce8-8f80-3cd8714535f0","1a5ca053-bb59-4060-acc2-fafc84bd5e6d","D17","BIGC","BIGC.AOS.reaeration.station.01","BIGC_S1_20170620","2017-06-20T16:46Z",311,"2017-06-20T17:51:40Z",,74.20,15.69,90.25,,90.93,
"2f37ed97-3e42-4f98-af3c-c74ff74ea77d","1a5ca053-bb59-4060-acc2-fafc84bd5e6d","D17","BIGC","BIGC.AOS.reaeration.station.01","BIGC_S1_20170620","2017-06-20T16:46Z",129,"2017-06-20T17:21:20Z",,73.50,15.44,89.92,,90.60,
"87289722-76e1-496c-a7aa-5aaa88e31df6","1a5ca053-bb59-4060-acc2-fafc84bd5e6d","D17","BIGC","BIGC.AOS.reaeration.station.01","BIGC_S1_20170620","2017-06-20T16:46Z",170,"2017-06-20T17:28:10Z",,73.50,15.48,89.83,,90.51,
"a68611ae-68ac-445e-9dd1-81a117771cee","1a5ca053-bb59-4060-acc2-fafc84bd5e6d","D17","BIGC","BIGC.AOS.reaeration.station.01","BIGC_S1_20170620","2017-06-20T16:46Z",636,"2017-06-20T18:45:50Z",,78.30,16.56,93.35,,94.02,
"f5693528-4373-43df-8684-43bafa765140","1a5ca053-bb59-4060-acc2-fafc84bd5e6d","D17","BIGC","BIGC.AOS.reaeration.station.01","BIGC_S1_20170620","2017-06-20T16:46Z",670,"2017-06-20T18:51:30Z",,78.30,16.66,93.14,,93.81,
"d2fd26fb-84d5-41bb-bb5f-6e8dc4345803","1a5ca053-bb59-4060-acc2-fafc84bd5e6d","D17","BIGC","BIGC.AOS.reaeration.station.01","BIGC_S1_20170620","2017-06-20T16:46Z",231,"2017-06-20T17:38:20Z",,74.20,15.56,90.52,,91.20,
"f292b8a4-15c5-47e9-b416-d7ae8be6a00d","1a5ca053-bb59-4060-acc2-fafc84bd5e6d","D17","BIGC","BIGC.AOS.reaeration.station.01","BIGC_S1_20170620","2017-06-20T16:46Z",525,"2017-06-20T18:27:20Z",,77.60,16.23,93.21,,93.90,
"4a28fc38-a35d-4f7a-8b7e-e8dc4db1e5e9","1a5ca053-bb59-4060-acc2-fafc84bd5e6d","D17","BIGC","BIGC.AOS.reaeration.station.01","BIGC_S1_20170620","2017-06-20T16:46Z",285,"2017-06-20T17:47:20Z",,73.90,15.65,89.97,,90.64,
"b689c032-e877-4501-9fa8-97e27a806a4c","1a5ca053-bb59-4060-acc2-fafc84bd5e6d","D17","BIGC","BIGC.AOS.reaeration.station.01","BIGC_S1_20170620","2017-06-20T16:46Z",482,"2017-06-20T18:20:10Z",,77.60,16.07,93.56,,94.25,
"73cfd3b6-0a42-4ea6-a6f6-1d9e95f3031f","1a5ca053-bb59-4060-acc2-fafc84bd5e6d","D17","BIGC","BIGC.AOS.reaeration.station.01","BIGC_S1_20170620","2017-06-20T16:46Z",254,"2017-06-20T17:42:10Z",,73.90,15.59,90.09,,90.77,
"d937e8c7-6a5e-4826-bac6-4a92ff41ed84","1a5ca053-bb59-4060-acc2-fafc84bd5e6d","D17","BIGC","BIGC.AOS.reaeration.station.01","BIGC_S1_20170620","2017-06-20T16:46Z",495,"2017-06-20T18:22:20Z",,77.60,16.13,93.43,,94.12,
"56ba95f6-c9f5-4e3b-9106-d0e066fd13f4","1a5ca053-bb59-4060-acc2-fafc84bd5e6d","D17","BIGC","BIGC.AOS.reaeration.station.01","BIGC_S1_20170620","2017-06-20T16:46Z",560,"2017-06-20T18:33:10Z",,78.30,16.34,93.82,,94.50,
"32e69ddf-50d0-4e38-8ed4-3b526ce02e9f","1a5ca053-bb59-4060-acc2-fafc84bd5e6d","D17","BIGC","BIGC.AOS.reaeration.station.01","BIGC_S1_20170620","2017-06-20T16:46Z",690,"2017-06-20T18:54:50Z",,78.70,16.71,93.51,,94.18,
"63b710d3-fb69-45ae-839a-2af6257c4982","1a5ca053-bb59-4060-acc2-fafc84bd5e6d","D17","BIGC","BIGC.AOS.reaeration.station.01","BIGC_S1_20170620","2017-06-20T16:46Z",576,"2017-06-20T18:35:50Z",,78.30,16.41,93.67,,94.35,
"f249af10-c470-4027-b88c-60d0e014fa85","1a5ca053-bb59-4060-acc2-fafc84bd5e6d","D17","BIGC","BIGC.AOS.reaeration.station.01","BIGC_S1_20170620","2017-06-20T16:46Z",742,"2017-06-20T19:03:30Z",,39.30,19.92,43.52,,43.75,
"f076e331-a515-4b26-af24-ab9aea3f93dd","1a5ca053-bb59-4060-acc2-fafc84bd5e6d","D17","BIGC","BIGC.AOS.reaeration.station.01","BIGC_S1_20170620","2017-06-20T16:46Z",709,"2017-06-20T18:58:00Z",,78.70,16.78,93.36,,94.02,
"6869d700-3740-41dd-8044-8aaeb8640e8b","1a5ca053-bb59-4060-acc2-fafc84bd5e6d","D17","BIGC","BIGC.AOS.reaeration.station.01","BIGC_S1_20170620","2017-06-20T16:46Z",490,"2017-06-20T18:21:30Z",,77.60,16.11,93.47,,94.16,
"a7adad5a-e9f8-43b0-b025-5f1478d05d03","1a5ca053-bb59-4060-acc2-fafc84bd5e6d","D17","BIGC","BIGC.AOS.reaeration.station.01","BIGC_S1_20170620","2017-06-20T16:46Z",609,"2017-06-20T18:41:20Z",,77.60,16.49,92.66,,93.33,
"4d804de8-9487-42e4-8b14-dfdb7b355983","1a5ca053-bb59-4060-acc2-fafc84bd5e6d","D17","BIGC","BIGC.AOS.reaeration.station.01","BIGC_S1_20170620","2017-06-20T16:46Z",626,"2017-06-20T18:44:10Z",,78.30,16.53,93.41,,94.09,
"8256e397-0a4d-4bd3-96aa-af209dfb2cdd","1a5ca053-bb59-4060-acc2-fafc84bd5e6d","D17","BIGC","BIGC.AOS.reaeration.station.01","BIGC_S1_20170620","2017-06-20T16:46Z",184,"2017-06-20T17:30:30Z",,73.90,15.48,90.32,,91.01,
"261276dd-396e-45f6-9814-6befbffa2ec1","1a5ca053-bb59-4060-acc2-fafc84bd5e6d","D17","BIGC","BIGC.AOS.reaeration.station.01","BIGC_S1_20170620","2017-06-20T16:46Z",16,"2017-06-20T17:02:30Z",,73.10,15.35,89.62,,90.30,
"a93670ee-1ed3-40c0-b63f-bc02682b4356","1a5ca053-bb59-4060-acc2-fafc84bd5e6d","D17","BIGC","BIGC.AOS.reaeration.station.01","BIGC_S1_20170620","2017-06-20T16:46Z",762,"2017-06-20T19:06:50Z",,41.90,21.72,44.70,,44.86,
"d86de73e-cf9e-4f5f-a3af-a2d441e3e6f2","1a5ca053-bb59-4060-acc2-fafc84bd5e6d","D17","BIGC","BIGC.AOS.reaeration.station.01","BIGC_S1_20170620","2017-06-20T16:46Z",97,"2017-06-20T17:16:00Z",,73.50,15.42,89.96,,90.64,
"a508f2d7-02a0-41a8-81c5-c388a3845704","1a5ca053-bb59-4060-acc2-fafc84bd5e6d","D17","BIGC","BIGC.AOS.reaeration.station.01","BIGC_S1_20170620","2017-06-20T16:46Z",468,"2017-06-20T18:17:50Z",,76.80,16.06,92.61,,93.30,
"57f0c022-1ce1-42d3-87a9-2e2dcd1972db","1a5ca053-bb59-4060-acc2-fafc84bd5e6d","D17","BIGC","BIGC.AOS.reaeration.station.01","BIGC_S1_20170620","2017-06-20T16:46Z",333,"2017-06-20T17:55:20Z",,74.60,15.74,90.63,,91.31,
"0913738f-7ff9-4e7b-ba76-1c191caa75ec","1a5ca053-bb59-4060-acc2-fafc84bd5e6d","D17","BIGC","BIGC.AOS.reaeration.station.01","BIGC_S1_20170620","2017-06-20T16:46Z",470,"2017-06-20T18:18:10Z",,77.20,16.06,93.10,,93.79,
"c3fa9d2e-d831-4f24-a78c-67095dfdd4d5","1a5ca053-bb59-4060-acc2-fafc84bd5e6d","D17","BIGC","BIGC.AOS.reaeration.station.01","BIGC_S1_20170620","2017-06-20T16:46Z",441,"2017-06-20T18:13:20Z",,76.10,15.96,91.98,,92.67,
"5210d4ac-8717-4dec-b449-678652b963cb","1a5ca053-bb59-4060-acc2-fafc84bd5e6d","D17","BIGC","BIGC.AOS.reaeration.station.01","BIGC_S1_20170620","2017-06-20T16:46Z",308,"2017-06-20T17:51:10Z",,73.80,15.69,89.76,,90.44,
"57beac0b-5412-4f91-aed0-a7d89fc9f221","1a5ca053-bb59-4060-acc2-fafc84bd5e6d","D17","BIGC","BIGC.AOS.reaeration.station.01","BIGC_S1_20170620","2017-06-20T16:46Z",147,"2017-06-20T17:24:20Z",,73.50,15.46,89.88,,90.56,
"0d9e59bc-5f4a-4806-8e64-ce7957442c4f","1a5ca053-bb59-4060-acc2-fafc84bd5e6d","D17","BIGC","BIGC.AOS.reaeration.station.01","BIGC_S1_20170620","2017-06-20T16:46Z",55,"2017-06-20T17:09:00Z",,73.50,15.35,90.11,,90.79,
"c998b87c-4338-4a04-b8b3-f6fd2d453c8b","1a5ca053-bb59-4060-acc2-fafc84bd5e6d","D17","BIGC","BIGC.AOS.reaeration.station.01","BIGC_S1_20170620","2017-06-20T16:46Z",526,"2017-06-20T18:27:30Z",,77.60,16.22,93.24,,93.92,
"7480ee78-6342-4d2c-907b-ab2e60378b7e","1a5ca053-bb59-4060-acc2-fafc84bd5e6d","D17","BIGC","BIGC.AOS.reaeration.station.01","BIGC_S1_20170620","2017-06-20T16:46Z",556,"2017-06-20T18:32:30Z",,78.00,16.34,93.46,,94.14,
"30ad860a-8796-4938-b739-7b404e5706f1","1a5ca053-bb59-4060-acc2-fafc84bd5e6d","D17","BIGC","BIGC.AOS.reaeration.station.01","BIGC_S1_20170620","2017-06-20T16:46Z",350,"2017-06-20T17:58:10Z",,74.20,15.77,90.08,,90.75,
"abc8bd66-9a23-4a0a-b279-990f8749b35d","1a5ca053-bb59-4060-acc2-fafc84bd5e6d","D17","BIGC","BIGC.AOS.reaeration.station.01","BIGC_S1_20170620","2017-06-20T16:46Z",143,"2017-06-20T17:23:40Z",,73.50,15.46,89.88,,90.56,
"f9f6532d-3710-4a7a-a4bc-5a0ce9f592e5","1a5ca053-bb59-4060-acc2-fafc84bd5e6d","D17","BIGC","BIGC.AOS.reaeration.station.01","BIGC_S1_20170620","2017-06-20T16:46Z",457,"2017-06-20T18:16:00Z",,77.20,15.99,93.25,,93.94,
"a940d451-d720-46d9-b476-52a0d2f6e702","1a5ca053-bb59-4060-acc2-fafc84bd5e6d","D17","BIGC","BIGC.AOS.reaeration.station.01","BIGC_S1_20170620","2017-06-20T16:46Z",439,"2017-06-20T18:13:00Z",,76.50,15.96,92.47,,93.15,
"6adae5a7-ed65-430f-a5e2-9ae8780b7f62","1a5ca053-bb59-4060-acc2-fafc84bd5e6d","D17","BIGC","BIGC.AOS.reaeration.station.01","BIGC_S1_20170620","2017-06-20T16:46Z",87,"2017-06-20T17:14:20Z",,73.50,15.39,90.02,,90.71,
"97759ec3-6686-414b-ab1b-9b943111ddfb","1a5ca053-bb59-4060-acc2-fafc84bd5e6d","D17","BIGC","BIGC.AOS.reaeration.station.01","BIGC_S1_20170620","2017-06-20T16:46Z",122,"2017-06-20T17:20:10Z",,73.50,15.44,89.92,,90.60,
"ada896c3-5364-43d5-9e5b-2edbd3b9ba0c","1a5ca053-bb59-4060-acc2-fafc84bd5e6d","D17","BIGC","BIGC.AOS.reaeration.station.01","BIGC_S1_20170620","2017-06-20T16:46Z",154,"2017-06-20T17:25:30Z",,73.90,15.45,90.39,,91.07,
"7bb8b3d8-3bd2-4434-9261-ab53e0345783","1a5ca053-bb59-4060-acc2-fafc84bd5e6d","D17","BIGC","BIGC.AOS.reaeration.station.01","BIGC_S1_20170620","2017-06-20T16:46Z",403,"2017-06-20T18:07:00Z",,75.00,15.84,90.90,,91.58,
"60146acb-2007-49b1-9a8f-f6faaffb60be","1a5ca053-bb59-4060-acc2-fafc84bd5e6d","D17","BIGC","BIGC.AOS.reaeration.station.01","BIGC_S1_20170620","2017-06-20T16:46Z",96,"2017-06-20T17:15:50Z",,73.50,15.41,89.98,,90.66,
"b8998925-b861-45bf-9965-1c5dd359ce18","1a5ca053-bb59-4060-acc2-fafc84bd5e6d","D17","BIGC","BIGC.AOS.reaeration.station.01","BIGC_S1_20170620","2017-06-20T16:46Z",189,"2017-06-20T17:31:20Z",,73.90,15.48,90.32,,91.01,
"f07a4da2-7e3e-4a51-83d8-b5d08e91069e","1a5ca053-bb59-4060-acc2-fafc84bd5e6d","D17","BIGC","BIGC.AOS.reaeration.station.01","BIGC_S1_20170620","2017-06-20T16:46Z",257,"2017-06-20T17:42:40Z",,73.90,15.62,90.03,,90.71,
"6e3be79b-f354-469d-91d1-2df91898a9fd","1a5ca053-bb59-4060-acc2-fafc84bd5e6d","D17","BIGC","BIGC.AOS.reaeration.station.01","BIGC_S1_20170620","2017-06-20T16:46Z",53,"2017-06-20T17:08:40Z",,73.50,15.33,90.15,,90.83,
"ee75400c-0b45-4d06-a229-62e9b04b4612","1a5ca053-bb59-4060-acc2-fafc84bd5e6d","D17","BIGC","BIGC.AOS.reaeration.station.01","BIGC_S1_20170620","2017-06-20T16:46Z",401,"2017-06-20T18:06:40Z",,74.60,15.87,90.36,,91.03,
"7ea38d42-a20b-4a5c-89c5-db835a20fd80","1a5ca053-bb59-4060-acc2-fafc84bd5e6d","D17","BIGC","BIGC.AOS.reaeration.station.01","BIGC_S1_20170620","2017-06-20T16:46Z",763,"2017-06-20T19:07:00Z",,42.20,21.84,44.91,,45.07,
"0c0ab824-cfce-47b1-920e-13f150e1c462","1a5ca053-bb59-4060-acc2-fafc84bd5e6d","D17","BIGC","BIGC.AOS.reaeration.station.01","BIGC_S1_20170620","2017-06-20T16:46Z",235,"2017-06-20T17:39:00Z",,74.20,15.58,90.48,,91.16,
"1026c38a-fc16-4e11-a012-d072d2361740","1a5ca053-bb59-4060-acc2-fafc84bd5e6d","D17","BIGC","BIGC.AOS.reaeration.station.01","BIGC_S1_20170620","2017-06-20T16:46Z",738,"2017-06-20T19:02:50Z",,39.30,20.06,43.39,,43.62,
"a6f927f8-e92e-4039-a029-12d1bdbcd141","1a5ca053-bb59-4060-acc2-fafc84bd5e6d","D17","BIGC","BIGC.AOS.reaeration.station.01","BIGC_S1_20170620","2017-06-20T16:46Z",584,"2017-06-20T18:37:10Z",,78.00,16.41,93.31,,93.99,
"e00bad25-31a9-467e-a23d-86b93ae8ec78","1a5ca053-bb59-4060-acc2-fafc84bd5e6d","D17","BIGC","BIGC.AOS.reaeration.station.01","BIGC_S1_20170620","2017-06-20T16:46Z",89,"2017-06-20T17:14:40Z",,73.50,15.39,90.02,,90.71,
"71fccafa-6405-45c0-9ac2-9de68740ec84","1a5ca053-bb59-4060-acc2-fafc84bd5e6d","D17","BIGC","BIGC.AOS.reaeration.station.01","BIGC_S1_20170620","2017-06-20T16:46Z",151,"2017-06-20T17:25:00Z",,73.50,15.50,89.79,,90.47,
"5dcfdf4e-b1e4-4124-b1a4-f98c3d962d9f","1a5ca053-bb59-4060-acc2-fafc84bd5e6d","D17","BIGC","BIGC.AOS.reaeration.station.01","BIGC_S1_20170620","2017-06-20T16:46Z",776,"2017-06-20T19:09:10Z",,42.20,22.41,44.40,,44.53,
"0b03134a-8fdf-4122-a8a0-ee6272bdace1","1a5ca053-bb59-4060-acc2-fafc84bd5e6d","D17","BIGC","BIGC.AOS.reaeration.station.01","BIGC_S1_20170620","2017-06-20T16:46Z",262,"2017-06-20T17:43:30Z",,73.90,15.62,90.03,,90.71,
"ed892383-75ce-4b48-b3e2-d70ae1ec2949","1a5ca053-bb59-4060-acc2-fafc84bd5e6d","D17","BIGC","BIGC.AOS.reaeration.station.01","BIGC_S1_20170620","2017-06-20T16:46Z",504,"2017-06-20T18:23:50Z",,77.60,16.20,93.28,,93.96,
"77ef9c7b-263d-42af-81ca-6d54cdbb0128","1a5ca053-bb59-4060-acc2-fafc84bd5e6d","D17","BIGC","BIGC.AOS.reaeration.station.01","BIGC_S1_20170620","2017-06-20T16:46Z",752,"2017-06-20T19:05:10Z",,40.80,20.89,44.28,,44.47,
"983e1787-efed-4a18-b907-58ae7f983405","1a5ca053-bb59-4060-acc2-fafc84bd5e6d","D17","BIGC","BIGC.AOS.reaeration.station.01","BIGC_S1_20170620","2017-06-20T16:46Z",242,"2017-06-20T17:40:10Z",,73.90,15.58,90.11,,90.79,
"5b4bd9b8-6e30-464c-95fc-4a4a75e840aa","1a5ca053-bb59-4060-acc2-fafc84bd5e6d","D17","BIGC","BIGC.AOS.reaeration.station.01","BIGC_S1_20170620","2017-06-20T16:46Z",127,"2017-06-20T17:21:00Z",,73.50,15.41,89.98,,90.66,
"a29f0756-7298-46ae-8773-53afb7476b61","1a5ca053-bb59-4060-acc2-fafc84bd5e6d","D17","BIGC","BIGC.AOS.reaeration.station.01","BIGC_S1_20170620","2017-06-20T16:46Z",163,"2017-06-20T17:27:00Z",,73.90,15.45,90.39,,91.07,
"6ac91438-7a7d-46ed-a3d3-7e06a3952474","1a5ca053-bb59-4060-acc2-fafc84bd5e6d","D17","BIGC","BIGC.AOS.reaeration.station.01","BIGC_S1_20170620","2017-06-20T16:46Z",464,"2017-06-20T18:17:10Z",,76.80,16.05,92.64,,93.32,
"c3299080-9648-45c8-b941-300927890915","1a5ca053-bb59-4060-acc2-fafc84bd5e6d","D17","BIGC","BIGC.AOS.reaeration.station.01","BIGC_S1_20170620","2017-06-20T16:46Z",382,"2017-06-20T18:03:30Z",,74.20,15.82,89.98,,90.65,
"f5219396-a0d5-4b4e-a940-0f06ac6ac225","1a5ca053-bb59-4060-acc2-fafc84bd5e6d","D17","BIGC","BIGC.AOS.reaeration.station.01","BIGC_S1_20170620","2017-06-20T16:46Z",4,"2017-06-20T17:00:30Z",,73.10,15.35,89.62,,90.30,
"ae415bc9-6828-4254-8418-928b7785e03a","1a5ca053-bb59-4060-acc2-fafc84bd5e6d","D17","BIGC","BIGC.AOS.reaeration.station.01","BIGC_S1_20170620","2017-06-20T16:46Z",799,"2017-06-20T19:13:00Z",,48.80,25.37,48.46,,48.44,
"f9237463-5b24-4936-883e-342f88c3eb2a","1a5ca053-bb59-4060-acc2-fafc84bd5e6d","D17","BIGC","BIGC.AOS.reaeration.station.01","BIGC_S1_20170620","2017-06-20T16:46Z",827,"2017-06-20T19:17:20Z",,43.90,26.48,42.69,,42.61,
"6bf3fe4f-9efa-4a3c-972a-8ac71b3d2f8d","1a5ca053-bb59-4060-acc2-fafc84bd5e6d","D17","BIGC","BIGC.AOS.reaeration.station.01","BIGC_S1_20170620","2017-06-20T16:46Z",759,"2017-06-20T19:06:20Z",,41.50,21.52,44.45,,44.62,
"46300d97-6521-4dbf-8ba9-07dabbd37482","1a5ca053-bb59-4060-acc2-fafc84bd5e6d","D17","BIGC","BIGC.AOS.reaeration.station.01","BIGC_S1_20170620","2017-06-20T16:46Z",389,"2017-06-20T18:04:40Z",,74.60,15.86,90.38,,91.05,
"851eecbc-180c-405e-aef9-87936dd9f3c7","1a5ca053-bb59-4060-acc2-fafc84bd5e6d","D17","BIGC","BIGC.AOS.reaeration.station.01","BIGC_S1_20170620","2017-06-20T16:46Z",530,"2017-06-20T18:28:10Z",,77.60,16.25,93.17,,93.86,
"7f75b5dc-3302-4f22-8d30-ec3c2d26ef9c","1a5ca053-bb59-4060-acc2-fafc84bd5e6d","D17","BIGC","BIGC.AOS.reaeration.station.01","BIGC_S1_20170620","2017-06-20T16:46Z",111,"2017-06-20T17:18:20Z",,73.90,15.38,90.54,,91.22,
"6dd5b692-d0c7-44bc-b30d-f681ec5a3870","1a5ca053-bb59-4060-acc2-fafc84bd5e6d","D17","BIGC","BIGC.AOS.reaeration.station.01","BIGC_S1_20170620","2017-06-20T16:46Z",27,"2017-06-20T17:04:20Z",,73.50,15.35,90.11,,90.79,
"078ec8a4-5787-4a13-b782-09d684c95752","1a5ca053-bb59-4060-acc2-fafc84bd5e6d","D17","BIGC","BIGC.AOS.reaeration.station.01","BIGC_S1_20170620","2017-06-20T16:46Z",241,"2017-06-20T17:40:00Z",,73.90,15.58,90.11,,90.79,
"3f246e7d-20af-4087-a928-99dec16f27db","1a5ca053-bb59-4060-acc2-fafc84bd5e6d","D17","BIGC","BIGC.AOS.reaeration.station.01","BIGC_S1_20170620","2017-06-20T16:46Z",681,"2017-06-20T18:53:20Z",,78.70,16.68,93.57,,94.24,
"796c7d6c-2481-4ee9-982a-08af7391ce27","1a5ca053-bb59-4060-acc2-fafc84bd5e6d","D17","BIGC","BIGC.AOS.reaeration.station.01","BIGC_S1_20170620","2017-06-20T16:46Z",735,"2017-06-20T19:02:20Z",,39.30,20.13,43.33,,43.55,
"b2c56037-18ae-410b-8481-8b86cbd54305","1a5ca053-bb59-4060-acc2-fafc84bd5e6d","D17","BIGC","BIGC.AOS.reaeration.station.01","BIGC_S1_20170620","2017-06-20T16:46Z",481,"2017-06-20T18:20:00Z",,77.60,16.06,93.58,,94.27,
"3f7ea5c3-a930-43f2-aac3-d054a70c3db7","1a5ca053-bb59-4060-acc2-fafc84bd5e6d","D17","BIGC","BIGC.AOS.reaeration.station.01","BIGC_S1_20170620","2017-06-20T16:46Z",535,"2017-06-20T18:29:00Z",,78.30,16.26,93.99,,94.68,
"92d3a08d-3398-417f-8df0-9369de1916ce","1a5ca053-bb59-4060-acc2-fafc84bd5e6d","D17","BIGC","BIGC.AOS.reaeration.station.01","BIGC_S1_20170620","2017-06-20T16:46Z",232,"2017-06-20T17:38:30Z",,73.90,15.54,90.20,,90.88,
"a80f5ff7-45e7-4796-bd52-854c3bd407af","1a5ca053-bb59-4060-acc2-fafc84bd5e6d","D17","BIGC","BIGC.AOS.reaeration.station.01","BIGC_S1_20170620","2017-06-20T16:46Z",361,"2017-06-20T18:00:00Z",,74.20,15.77,90.08,,90.75,
"c8fcb845-349f-4351-86ff-a064d65fcec0","1a5ca053-bb59-4060-acc2-fafc84bd5e6d","D17","BIGC","BIGC.AOS.reaeration.station.01","BIGC_S1_20170620","2017-06-20T16:46Z",318,"2017-06-20T17:52:50Z",,74.60,15.68,90.76,,91.44,
"d83e7aa6-104d-4976-bb4d-9bc10a487e10","1a5ca053-bb59-4060-acc2-fafc84bd5e6d","D17","BIGC","BIGC.AOS.reaeration.station.01","BIGC_S1_20170620","2017-06-20T16:46Z",737,"2017-06-20T19:02:40Z",,39.30,20.45,43.04,,43.25,
"a1b7fd0b-cba6-44c0-bb64-7ce8ac9ea834","1a5ca053-bb59-4060-acc2-fafc84bd5e6d","D17","BIGC","BIGC.AOS.reaeration.station.01","BIGC_S1_20170620","2017-06-20T16:46Z",631,"2017-06-20T18:45:00Z",,77.90,16.54,92.91,,93.59,
"bc551c3b-bc39-4a6d-a6bd-3dcf5880ea26","1a5ca053-bb59-4060-acc2-fafc84bd5e6d","D17","BIGC","BIGC.AOS.reaeration.station.01","BIGC_S1_20170620","2017-06-20T16:46Z",825,"2017-06-20T19:17:10Z",,45.00,26.70,43.58,,43.49,
"eb7685f5-900f-44e5-8276-0161f7473bff","1a5ca053-bb59-4060-acc2-fafc84bd5e6d","D17","BIGC","BIGC.AOS.reaeration.station.01","BIGC_S1_20170620","2017-06-20T16:46Z",331,"2017-06-20T17:55:00Z",,74.60,15.74,90.63,,91.31,
"eceddede-060d-44b2-b10b-e315ef9053de","1a5ca053-bb59-4060-acc2-fafc84bd5e6d","D17","BIGC","BIGC.AOS.reaeration.station.01","BIGC_S1_20170620","2017-06-20T16:46Z",588,"2017-06-20T18:37:50Z",,78.30,16.41,93.67,,94.35,
"1c36b635-baa1-43cb-adb9-1ad7b871fac2","1a5ca053-bb59-4060-acc2-fafc84bd5e6d","D17","BIGC","BIGC.AOS.reaeration.station.01","BIGC_S1_20170620","2017-06-20T16:46Z",359,"2017-06-20T17:59:40Z",,74.60,15.76,90.59,,91.27,
"39aa1890-46cc-451f-976c-092e014cd7f9","1a5ca053-bb59-4060-acc2-fafc84bd5e6d","D17","BIGC","BIGC.AOS.reaeration.station.01","BIGC_S1_20170620","2017-06-20T16:46Z",688,"2017-06-20T18:54:30Z",,78.30,16.71,93.03,,93.70,
"068ce11e-8a5d-4d37-b8e3-08d42135e890","1a5ca053-bb59-4060-acc2-fafc84bd5e6d","D17","BIGC","BIGC.AOS.reaeration.station.01","BIGC_S1_20170620","2017-06-20T16:46Z",602,"2017-06-20T18:40:10Z",,78.30,16.44,93.60,,94.29,
"5d2d0862-ea81-4d1a-aa45-adf73f16da19","1a5ca053-bb59-4060-acc2-fafc84bd5e6d","D17","BIGC","BIGC.AOS.reaeration.station.01","BIGC_S1_20170620","2017-06-20T16:46Z",523,"2017-06-20T18:27:00Z",,78.00,16.22,93.72,,94.41,
"6a380353-d2cf-461c-8237-02b819953400","1a5ca053-bb59-4060-acc2-fafc84bd5e6d","D17","BIGC","BIGC.AOS.reaeration.station.01","BIGC_S1_20170620","2017-06-20T16:46Z",110,"2017-06-20T17:18:10Z",,73.50,15.44,89.92,,90.60,
"70cedc71-adc6-416d-a8d8-4f404798a627","1a5ca053-bb59-4060-acc2-fafc84bd5e6d","D17","BIGC","BIGC.AOS.reaeration.station.01","BIGC_S1_20170620","2017-06-20T16:46Z",701,"2017-06-20T18:56:40Z",,79.40,16.74,94.27,,94.95,
"2f242cee-a475-468a-b4b3-a043df25611b","1a5ca053-bb59-4060-acc2-fafc84bd5e6d","D17","BIGC","BIGC.AOS.reaeration.station.01","BIGC_S1_20170620","2017-06-20T16:46Z",785,"2017-06-20T19:10:40Z",,45.10,24.01,45.97,,46.02,
"db49b5c9-ecb3-45d1-bac8-6e7bd887acc8","1a5ca053-bb59-4060-acc2-fafc84bd5e6d","D17","BIGC","BIGC.AOS.reaeration.station.01","BIGC_S1_20170620","2017-06-20T16:46Z",277,"2017-06-20T17:46:00Z",,73.90,15.63,90.01,,90.69,
"51116125-5219-4b69-83dd-604e97b15f8f","1a5ca053-bb59-4060-acc2-fafc84bd5e6d","D17","BIGC","BIGC.AOS.reaeration.station.01","BIGC_S1_20170620","2017-06-20T16:46Z",639,"2017-06-20T18:46:20Z",,78.30,16.56,93.35,,94.02,
"6c547fea-d61b-4f48-9bb8-ab2b6a50127e","1a5ca053-bb59-4060-acc2-fafc84bd5e6d","D17","BIGC","BIGC.AOS.reaeration.station.01","BIGC_S1_20170620","2017-06-20T16:46Z",298,"2017-06-20T17:49:30Z",,73.90,15.68,89.90,,90.58,
"36a9ad75-4dab-4fd9-887d-9ff5127a8e8f","1a5ca053-bb59-4060-acc2-fafc84bd5e6d","D17","BIGC","BIGC.AOS.reaeration.station.01","BIGC_S1_20170620","2017-06-20T16:46Z",697,"2017-06-20T18:56:00Z",,78.30,16.74,92.97,,93.63,
"0fa596ac-1f69-4794-b8af-6a54d81eb891","1a5ca053-bb59-4060-acc2-fafc84bd5e6d","D17","BIGC","BIGC.AOS.reaeration.station.01","BIGC_S1_20170620","2017-06-20T16:46Z",777,"2017-06-20T19:09:20Z",,42.20,22.54,44.28,,44.40,
"e63ce754-1d4e-49ab-b615-0c64c4331256","1a5ca053-bb59-4060-acc2-fafc84bd5e6d","D17","BIGC","BIGC.AOS.reaeration.station.01","BIGC_S1_20170620","2017-06-20T16:46Z",25,"2017-06-20T17:04:00Z",,73.50,15.32,90.17,,90.86,
"5be15cf0-212f-4b30-93f3-2acfa138746f","1a5ca053-bb59-4060-acc2-fafc84bd5e6d","D17","BIGC","BIGC.AOS.reaeration.station.01","BIGC_S1_20170620","2017-06-20T16:46Z",310,"2017-06-20T17:51:30Z",,74.20,15.65,90.33,,91.01,
"00181d09-fd00-4f62-acbb-d1e354f48bf5","1a5ca053-bb59-4060-acc2-fafc84bd5e6d","D17","BIGC","BIGC.AOS.reaeration.station.01","BIGC_S1_20170620","2017-06-20T16:46Z",133,"2017-06-20T17:22:00Z",,73.50,15.41,89.98,,90.66,
"2b79208e-db60-470f-a8c6-d1255db1bce9","1a5ca053-bb59-4060-acc2-fafc84bd5e6d","D17","BIGC","BIGC.AOS.reaeration.station.01","BIGC_S1_20170620","2017-06-20T16:46Z",797,"2017-06-20T19:12:40Z",,47.70,25.19,47.53,,47.52,
"da571ae4-f845-4a9f-bcf0-da61c3f8d257","1a5ca053-bb59-4060-acc2-fafc84bd5e6d","D17","BIGC","BIGC.AOS.reaeration.station.01","BIGC_S1_20170620","2017-06-20T16:46Z",555,"2017-06-20T18:32:20Z",,78.00,16.32,93.50,,94.19,
"91f94207-c712-4999-930c-ca37af2570e6","1a5ca053-bb59-4060-acc2-fafc84bd5e6d","D17","BIGC","BIGC.AOS.reaeration.station.01","BIGC_S1_20170620","2017-06-20T16:46Z",740,"2017-06-20T19:03:10Z",,39.30,19.95,43.50,,43.72,
"09a24e74-fcc7-400c-be64-555509fa2a78","1a5ca053-bb59-4060-acc2-fafc84bd5e6d","D17","BIGC","BIGC.AOS.reaeration.station.01","BIGC_S1_20170620","2017-06-20T16:46Z",826,"2017-06-20T19:17:16Z",,,,,,,
"f76c99d6-1c6f-4f09-90ce-9f4b06f6811f","1a5ca053-bb59-4060-acc2-fafc84bd5e6d","D17","BIGC","BIGC.AOS.reaeration.station.01","BIGC_S1_20170620","2017-06-20T16:46Z",783,"2017-06-20T19:10:20Z",,44.80,23.67,45.97,,46.04,
"b2326685-1442-4365-92dc-c89495599f72","1a5ca053-bb59-4060-acc2-fafc84bd5e6d","D17","BIGC","BIGC.AOS.reaeration.station.01","BIGC_S1_20170620","2017-06-20T16:46Z",95,"2017-06-20T17:15:40Z",,73.50,15.38,90.05,,90.73,
"79e46cd2-4092-4ab6-8cb3-d6fe850b1302","1a5ca053-bb59-4060-acc2-fafc84bd5e6d","D17","BIGC","BIGC.AOS.reaeration.station.01","BIGC_S1_20170620","2017-06-20T16:46Z",278,"2017-06-20T17:46:10Z",,73.90,15.66,89.95,,90.62,
"2c80253e-dcf8-4f9b-b0cd-c5dcfd834c46","1a5ca053-bb59-4060-acc2-fafc84bd5e6d","D17","BIGC","BIGC.AOS.reaeration.station.01","BIGC_S1_20170620","2017-06-20T16:46Z",428,"2017-06-20T18:11:10Z",,75.30,15.92,91.10,,91.78,
"c4b85a67-b180-47fd-bdd9-d0f64dd8b811","1a5ca053-bb59-4060-acc2-fafc84bd5e6d","D17","BIGC","BIGC.AOS.reaeration.station.01","BIGC_S1_20170620","2017-06-20T16:46Z",558,"2017-06-20T18:32:50Z",,78.00,16.34,93.46,,94.14,
"82896b4e-8bd6-4e1b-aef2-a9cdaa309a86","1a5ca053-bb59-4060-acc2-fafc84bd5e6d","D17","BIGC","BIGC.AOS.reaeration.station.01","BIGC_S1_20170620","2017-06-20T16:46Z",272,"2017-06-20T17:45:10Z",,73.90,15.62,90.03,,90.71,
"6d38c11d-8fb1-42d9-a180-ae3f441e0a2b","1a5ca053-bb59-4060-acc2-fafc84bd5e6d","D17","BIGC","BIGC.AOS.reaeration.station.01","BIGC_S1_20170620","2017-06-20T16:46Z",615,"2017-06-20T18:42:20Z",,78.30,16.49,93.50,,94.18,
"c576fc86-ccf1-4728-a643-a591a273b087","1a5ca053-bb59-4060-acc2-fafc84bd5e6d","D17","BIGC","BIGC.AOS.reaeration.station.01","BIGC_S1_20170620","2017-06-20T16:46Z",372,"2017-06-20T18:01:50Z",,74.60,15.78,90.55,,91.22,
"f18bbeee-cc56-455c-aa7c-6fc602586219","1a5ca053-bb59-4060-acc2-fafc84bd5e6d","D17","BIGC","BIGC.AOS.reaeration.station.01","BIGC_S1_20170620","2017-06-20T16:46Z",48,"2017-06-20T17:07:50Z",,73.50,15.35,90.11,,90.79,
"100ea726-f0ee-4154-95ec-c8998a823c65","1a5ca053-bb59-4060-acc2-fafc84bd5e6d","D17","BIGC","BIGC.AOS.reaeration.station.01","BIGC_S1_20170620","2017-06-20T16:46Z",77,"2017-06-20T17:12:40Z",,73.50,15.38,90.05,,90.73,
"f7034c3e-d87c-4b0a-befe-f99119e4c7b4","1a5ca053-bb59-4060-acc2-fafc84bd5e6d","D17","BIGC","BIGC.AOS.reaeration.station.01","BIGC_S1_20170620","2017-06-20T16:46Z",14,"2017-06-20T17:02:10Z",,73.50,15.32,90.17,,90.86,
"66f79778-f4c6-44f0-a0f0-9cec529e23cc","1a5ca053-bb59-4060-acc2-fafc84bd5e6d","D17","BIGC","BIGC.AOS.reaeration.station.01","BIGC_S1_20170620","2017-06-20T16:46Z",474,"2017-06-20T18:18:50Z",,77.20,16.08,93.05,,93.74,
"77333b4f-2f7d-4591-8e80-5d43c06eb0b4","1a5ca053-bb59-4060-acc2-fafc84bd5e6d","D17","BIGC","BIGC.AOS.reaeration.station.01","BIGC_S1_20170620","2017-06-20T16:46Z",140,"2017-06-20T17:23:10Z",,73.50,15.46,89.88,,90.56,
"f49634e9-5df2-4f35-b8bf-508e5418bf7b","1a5ca053-bb59-4060-acc2-fafc84bd5e6d","D17","BIGC","BIGC.AOS.reaeration.station.01","BIGC_S1_20170620","2017-06-20T16:46Z",218,"2017-06-20T17:36:10Z",,73.90,15.56,90.16,,90.83,
"cacdfced-88cf-4556-98cc-fe7da3a7bf43","1a5ca053-bb59-4060-acc2-fafc84bd5e6d","D17","BIGC","BIGC.AOS.reaeration.station.01","BIGC_S1_20170620","2017-06-20T16:46Z",305,"2017-06-20T17:50:40Z",,73.80,15.69,89.76,,90.44,
"f87815c1-2861-4d04-a704-444697168ff2","1a5ca053-bb59-4060-acc2-fafc84bd5e6d","D17","BIGC","BIGC.AOS.reaeration.station.01","BIGC_S1_20170620","2017-06-20T16:46Z",244,"2017-06-20T17:40:30Z",,73.90,15.57,90.13,,90.81,
"853ea34b-7edc-486b-aca3-186de87a6806","1a5ca053-bb59-4060-acc2-fafc84bd5e6d","D17","BIGC","BIGC.AOS.reaeration.station.01","BIGC_S1_20170620","2017-06-20T16:46Z",452,"2017-06-20T18:15:10Z",,76.90,15.99,92.88,,93.57,
"1427bbe6-43a9-4ae1-a06d-5dfd94a62002","1a5ca053-bb59-4060-acc2-fafc84bd5e6d","D17","BIGC","BIGC.AOS.reaeration.station.01","BIGC_S1_20170620","2017-06-20T16:46Z",51,"2017-06-20T17:08:20Z",,73.50,15.34,90.13,,90.81,
"7b38d94a-5549-4acf-bb67-55c3586459dc","1a5ca053-bb59-4060-acc2-fafc84bd5e6d","D17","BIGC","BIGC.AOS.reaeration.station.01","BIGC_S1_20170620","2017-06-20T16:46Z",823,"2017-06-20T19:16:50Z",,45.40,26.68,43.99,,43.89,
"a2f2e34d-8ad2-4663-ae97-8ab3d78af3c3","1a5ca053-bb59-4060-acc2-fafc84bd5e6d","D17","BIGC","BIGC.AOS.reaeration.station.01","BIGC_S1_20170620","2017-06-20T16:46Z",120,"2017-06-20T17:19:50Z",,73.50,15.44,89.92,,90.60,
"385815da-ff73-4af9-99f2-430bd4589dc4","1a5ca053-bb59-4060-acc2-fafc84bd5e6d","D17","BIGC","BIGC.AOS.reaeration.station.01","BIGC_S1_20170620","2017-06-20T16:46Z",8,"2017-06-20T17:01:10Z",,73.10,15.32,89.68,,90.36,
"68b2a025-83d2-4fe3-8f38-d0be024037fd","1a5ca053-bb59-4060-acc2-fafc84bd5e6d","D17","BIGC","BIGC.AOS.reaeration.station.01","BIGC_S1_20170620","2017-06-20T16:46Z",687,"2017-06-20T18:54:20Z",,78.30,16.71,93.03,,93.70,
"fe974842-bc06-4d54-8745-a77f43f1eacf","1a5ca053-bb59-4060-acc2-fafc84bd5e6d","D17","BIGC","BIGC.AOS.reaeration.station.01","BIGC_S1_20170620","2017-06-20T16:46Z",255,"2017-06-20T17:42:20Z",,73.90,15.59,90.09,,90.77,
"5c0f39a1-7cd7-4981-bea5-95b400f4a082","1a5ca053-bb59-4060-acc2-fafc84bd5e6d","D17","BIGC","BIGC.AOS.reaeration.station.01","BIGC_S1_20170620","2017-06-20T16:46Z",162,"2017-06-20T17:26:50Z",,73.50,15.47,89.86,,90.53,
"a046b0aa-ffe8-41dd-85df-9a286206e03c","1a5ca053-bb59-4060-acc2-fafc84bd5e6d","D17","BIGC","BIGC.AOS.reaeration.station.01","BIGC_S1_20170620","2017-06-20T16:46Z",72,"2017-06-20T17:11:50Z",,73.50,15.38,90.05,,90.73,
"c9d37653-9a18-4d51-95d4-68b2257f2fc6","1a5ca053-bb59-4060-acc2-fafc84bd5e6d","D17","BIGC","BIGC.AOS.reaeration.station.01","BIGC_S1_20170620","2017-06-20T16:46Z",627,"2017-06-20T18:44:20Z",,78.30,16.53,93.41,,94.09,
"a32173d2-a26e-41a7-902b-0b41c8f76d8c","1a5ca053-bb59-4060-acc2-fafc84bd5e6d","D17","BIGC","BIGC.AOS.reaeration.station.01","BIGC_S1_20170620","2017-06-20T16:46Z",131,"2017-06-20T17:21:40Z",,73.50,15.44,89.92,,90.60,
"16090f0c-fc04-4120-9014-5d4a4594d6e9","1a5ca053-bb59-4060-acc2-fafc84bd5e6d","D17","BIGC","BIGC.AOS.reaeration.station.01","BIGC_S1_20170620","2017-06-20T16:46Z",531,"2017-06-20T18:28:20Z",,77.60,16.24,93.19,,93.88,
"87e0d589-6f10-4773-9e2c-bc6d78aff352","1a5ca053-bb59-4060-acc2-fafc84bd5e6d","D17","BIGC","BIGC.AOS.reaeration.station.01","BIGC_S1_20170620","2017-06-20T16:46Z",744,"2017-06-20T19:03:50Z",,39.70,20.06,43.84,,44.06,
"5e23549b-67fe-4fba-ba48-0dd6c28c4633","1a5ca053-bb59-4060-acc2-fafc84bd5e6d","D17","BIGC","BIGC.AOS.reaeration.station.01","BIGC_S1_20170620","2017-06-20T16:46Z",367,"2017-06-20T18:01:00Z",,74.60,15.77,90.57,,91.24,
"3be18709-09c5-42b2-a293-803a7f891a6f","1a5ca053-bb59-4060-acc2-fafc84bd5e6d","D17","BIGC","BIGC.AOS.reaeration.station.01","BIGC_S1_20170620","2017-06-20T16:46Z",15,"2017-06-20T17:02:20Z",,73.50,15.30,90.21,,90.90,
"6b6edb82-36bb-48d5-80f1-ae24d46b3de7","1a5ca053-bb59-4060-acc2-fafc84bd5e6d","D17","BIGC","BIGC.AOS.reaeration.station.01","BIGC_S1_20170620","2017-06-20T16:46Z",579,"2017-06-20T18:36:20Z",,77.60,16.43,92.79,,93.46,
"12f1b77f-8ece-4d0a-b650-b40ce7097e05","1a5ca053-bb59-4060-acc2-fafc84bd5e6d","D17","BIGC","BIGC.AOS.reaeration.station.01","BIGC_S1_20170620","2017-06-20T16:46Z",396,"2017-06-20T18:05:50Z",,74.60,15.83,90.44,,91.12,
"e1c752c9-fb97-4350-8ac4-eb2680edfddd","1a5ca053-bb59-4060-acc2-fafc84bd5e6d","D17","BIGC","BIGC.AOS.reaeration.station.01","BIGC_S1_20170620","2017-06-20T16:46Z",447,"2017-06-20T18:14:20Z",,76.10,16.01,91.88,,92.56,
"34e0d622-993f-4450-ac1e-9b72653f77d3","1a5ca053-bb59-4060-acc2-fafc84bd5e6d","D17","BIGC","BIGC.AOS.reaeration.station.01","BIGC_S1_20170620","2017-06-20T16:46Z",201,"2017-06-20T17:33:20Z",,73.90,15.48,90.32,,91.01,
"315f107c-a72b-4356-9a41-211a9c085b98","1a5ca053-bb59-4060-acc2-fafc84bd5e6d","D17","BIGC","BIGC.AOS.reaeration.station.01","BIGC_S1_20170620","2017-06-20T16:46Z",19,"2017-06-20T17:03:00Z",,73.10,15.36,89.60,,90.28,
"b024571c-b9d7-42a6-a35f-28dc5e6834a3","1a5ca053-bb59-4060-acc2-fafc84bd5e6d","D17","BIGC","BIGC.AOS.reaeration.station.01","BIGC_S1_20170620","2017-06-20T16:46Z",289,"2017-06-20T17:48:00Z",,74.20,15.63,90.37,,91.05,
"baac100a-9cc3-42f7-bf63-efb5507a82c8","1a5ca053-bb59-4060-acc2-fafc84bd5e6d","D17","BIGC","BIGC.AOS.reaeration.station.01","BIGC_S1_20170620","2017-06-20T16:46Z",227,"2017-06-20T17:37:40Z",,74.20,15.53,90.58,,91.27,
"a93abd94-82a7-49bc-bbd3-82f80c7bafd1","1a5ca053-bb59-4060-acc2-fafc84bd5e6d","D17","BIGC","BIGC.AOS.reaeration.station.01","BIGC_S1_20170620","2017-06-20T16:46Z",411,"2017-06-20T18:08:20Z",,75.00,15.87,90.84,,91.52,
"e30bfd75-4524-4765-8139-ecfa6134fbd5","1a5ca053-bb59-4060-acc2-fafc84bd5e6d","D17","BIGC","BIGC.AOS.reaeration.station.01","BIGC_S1_20170620","2017-06-20T16:46Z",497,"2017-06-20T18:22:40Z",,77.60,16.12,93.45,,94.14,
"a5ed9b31-d354-4e54-b36c-5dc4c07ba6ab","1a5ca053-bb59-4060-acc2-fafc84bd5e6d","D17","BIGC","BIGC.AOS.reaeration.station.01","BIGC_S1_20170620","2017-06-20T16:46Z",347,"2017-06-20T17:57:40Z",,74.60,15.75,90.61,,91.29,
"8c4dcd7f-34d9-42ba-8899-56f7500ac332","1a5ca053-bb59-4060-acc2-fafc84bd5e6d","D17","BIGC","BIGC.AOS.reaeration.station.01","BIGC_S1_20170620","2017-06-20T16:46Z",524,"2017-06-20T18:27:10Z",,78.00,16.22,93.72,,94.41,
"81d29330-25a6-4ef4-919e-f3ac48139c6b","1a5ca053-bb59-4060-acc2-fafc84bd5e6d","D17","BIGC","BIGC.AOS.reaeration.station.01","BIGC_S1_20170620","2017-06-20T16:46Z",287,"2017-06-20T17:47:40Z",,73.90,15.66,89.95,,90.62,
"efe7d239-68de-403b-ad13-c38034fd054f","1a5ca053-bb59-4060-acc2-fafc84bd5e6d","D17","BIGC","BIGC.AOS.reaeration.station.01","BIGC_S1_20170620","2017-06-20T16:46Z",440,"2017-06-20T18:13:10Z",,76.10,15.98,91.94,,92.62,
"cae3bfbf-cd56-4d42-a7ec-15d1e81e5aec","1a5ca053-bb59-4060-acc2-fafc84bd5e6d","D17","BIGC","BIGC.AOS.reaeration.station.01","BIGC_S1_20170620","2017-06-20T16:46Z",586,"2017-06-20T18:37:30Z",,78.00,16.44,93.25,,93.92,
"3e102680-f824-4708-9144-f655415367d1","1a5ca053-bb59-4060-acc2-fafc84bd5e6d","D17","BIGC","BIGC.AOS.reaeration.station.01","BIGC_S1_20170620","2017-06-20T16:46Z",469,"2017-06-20T18:18:00Z",,76.80,16.07,92.59,,93.28,
"3118c2ed-ba0e-406c-bc52-9e00601f43c6","1a5ca053-bb59-4060-acc2-fafc84bd5e6d","D17","BIGC","BIGC.AOS.reaeration.station.01","BIGC_S1_20170620","2017-06-20T16:46Z",413,"2017-06-20T18:08:40Z",,74.60,15.87,90.36,,91.03,
"6e59f90a-c965-4b16-9bbf-90b3b4982659","1a5ca053-bb59-4060-acc2-fafc84bd5e6d","D17","BIGC","BIGC.AOS.reaeration.station.01","BIGC_S1_20170620","2017-06-20T16:46Z",67,"2017-06-20T17:11:00Z",,73.50,15.35,90.11,,90.79,
"5c7516de-3ae4-4a88-8bfc-e1336ac1b745","1a5ca053-bb59-4060-acc2-fafc84bd5e6d","D17","BIGC","BIGC.AOS.reaeration.station.01","BIGC_S1_20170620","2017-06-20T16:46Z",570,"2017-06-20T18:34:50Z",,78.30,16.41,93.67,,94.35,
"5711b3d5-1288-4233-80c8-1b9faa1066c1","1a5ca053-bb59-4060-acc2-fafc84bd5e6d","D17","BIGC","BIGC.AOS.reaeration.station.01","BIGC_S1_20170620","2017-06-20T16:46Z",410,"2017-06-20T18:08:10Z",,74.60,15.86,90.38,,91.05,
"e98e1248-1b72-466c-910b-8509f5103d91","1a5ca053-bb59-4060-acc2-fafc84bd5e6d","D17","BIGC","BIGC.AOS.reaeration.station.01","BIGC_S1_20170620","2017-06-20T16:46Z",117,"2017-06-20T17:19:20Z",,73.50,15.45,89.90,,90.58,
"dccdfa00-a072-46dd-aab8-15fcd1992437","1a5ca053-bb59-4060-acc2-fafc84bd5e6d","D17","BIGC","BIGC.AOS.reaeration.station.01","BIGC_S1_20170620","2017-06-20T16:46Z",475,"2017-06-20T18:19:00Z",,77.20,16.08,93.05,,93.74,
"05323026-496e-45ae-a66c-31f740655b68","1a5ca053-bb59-4060-acc2-fafc84bd5e6d","D17","BIGC","BIGC.AOS.reaeration.station.01","BIGC_S1_20170620","2017-06-20T16:46Z",496,"2017-06-20T18:22:30Z",,77.60,16.14,93.41,,94.10,
"aefddd67-f1bf-46e0-ba27-0d0ca5b0d115","1a5ca053-bb59-4060-acc2-fafc84bd5e6d","D17","BIGC","BIGC.AOS.reaeration.station.01","BIGC_S1_20170620","2017-06-20T16:46Z",695,"2017-06-20T18:55:40Z",,78.70,16.73,93.46,,94.13,
"9a123587-993b-4461-bd48-08a09e9cc775","1a5ca053-bb59-4060-acc2-fafc84bd5e6d","D17","BIGC","BIGC.AOS.reaeration.station.01","BIGC_S1_20170620","2017-06-20T16:46Z",443,"2017-06-20T18:13:40Z",,76.90,15.95,92.97,,93.66,
"7770ae19-4342-404f-8194-33aacd4c7377","1a5ca053-bb59-4060-acc2-fafc84bd5e6d","D17","BIGC","BIGC.AOS.reaeration.station.01","BIGC_S1_20170620","2017-06-20T16:46Z",2,"2017-06-20T17:00:10Z",,73.10,15.33,89.66,,90.34,
"563a3f1c-21a0-4e73-81c3-ab1ce72cd275","1a5ca053-bb59-4060-acc2-fafc84bd5e6d","D17","BIGC","BIGC.AOS.reaeration.station.01","BIGC_S1_20170620","2017-06-20T16:46Z",62,"2017-06-20T17:10:10Z",,73.50,15.38,90.05,,90.73,
"2820dbae-f2af-4691-a642-045bd5c2a766","1a5ca053-bb59-4060-acc2-fafc84bd5e6d","D17","BIGC","BIGC.AOS.reaeration.station.01","BIGC_S1_20170620","2017-06-20T16:46Z",66,"2017-06-20T17:10:50Z",,73.50,15.40,90.00,,90.68,
"160acbb5-7d08-4ab7-9612-71fddbbf9ba2","1a5ca053-bb59-4060-acc2-fafc84bd5e6d","D17","BIGC","BIGC.AOS.reaeration.station.01","BIGC_S1_20170620","2017-06-20T16:46Z",280,"2017-06-20T17:46:30Z",,73.90,15.64,89.99,,90.66,
"bde24b5e-e00d-4749-98ec-e3b36796fb82","1a5ca053-bb59-4060-acc2-fafc84bd5e6d","D17","BIGC","BIGC.AOS.reaeration.station.01","BIGC_S1_20170620","2017-06-20T16:46Z",595,"2017-06-20T18:39:00Z",,78.30,16.46,93.56,,94.24,
"15866f9b-c18a-4d18-88a5-363add81e279","1a5ca053-bb59-4060-acc2-fafc84bd5e6d","D17","BIGC","BIGC.AOS.reaeration.station.01","BIGC_S1_20170620","2017-06-20T16:46Z",349,"2017-06-20T17:58:00Z",,74.60,15.76,90.59,,91.27,
"15ce1cb2-e9c9-41b4-9f47-b3b165dce527","1a5ca053-bb59-4060-acc2-fafc84bd5e6d","D17","BIGC","BIGC.AOS.reaeration.station.01","BIGC_S1_20170620","2017-06-20T16:46Z",340,"2017-06-20T17:56:30Z",,74.60,15.75,90.61,,91.29,
"376e6bd7-0ff2-4b14-81d8-d29ca4c10347","1a5ca053-bb59-4060-acc2-fafc84bd5e6d","D17","BIGC","BIGC.AOS.reaeration.station.01","BIGC_S1_20170620","2017-06-20T16:46Z",234,"2017-06-20T17:38:50Z",,73.90,15.58,90.11,,90.79,
"98664d63-0a72-431e-8a98-fb2f42da3c13","1a5ca053-bb59-4060-acc2-fafc84bd5e6d","D17","BIGC","BIGC.AOS.reaeration.station.01","BIGC_S1_20170620","2017-06-20T16:46Z",784,"2017-06-20T19:10:30Z",,45.10,24.06,45.92,,45.98,
"723e2506-6da8-4944-a4ff-a8de1155b3e2","1a5ca053-bb59-4060-acc2-fafc84bd5e6d","D17","BIGC","BIGC.AOS.reaeration.station.01","BIGC_S1_20170620","2017-06-20T16:46Z",606,"2017-06-20T18:40:50Z",,78.30,16.46,93.56,,94.24,
"cdfe6adf-1457-48e1-bcdf-079caa86aac1","1a5ca053-bb59-4060-acc2-fafc84bd5e6d","D17","BIGC","BIGC.AOS.reaeration.station.01","BIGC_S1_20170620","2017-06-20T16:46Z",176,"2017-06-20T17:29:10Z",,73.90,15.47,90.34,,91.03,
"cb93e773-4267-481f-9ff0-fd39be349248","1a5ca053-bb59-4060-acc2-fafc84bd5e6d","D17","BIGC","BIGC.AOS.reaeration.station.01","BIGC_S1_20170620","2017-06-20T16:46Z",106,"2017-06-20T17:17:30Z",,73.50,15.39,90.02,,90.71,
"a729fddd-910f-46ac-90e2-fdc40d183bcc","1a5ca053-bb59-4060-acc2-fafc84bd5e6d","D17","BIGC","BIGC.AOS.reaeration.station.01","BIGC_S1_20170620","2017-06-20T16:46Z",486,"2017-06-20T18:20:50Z",,77.60,16.08,93.54,,94.23,
"12cc6be9-5317-4423-a023-e28470233843","1a5ca053-bb59-4060-acc2-fafc84bd5e6d","D17","BIGC","BIGC.AOS.reaeration.station.01","BIGC_S1_20170620","2017-06-20T16:46Z",156,"2017-06-20T17:25:50Z",,73.50,15.46,89.88,,90.56,
"64c4a541-abca-4e44-856b-e0ee20cec553","1a5ca053-bb59-4060-acc2-fafc84bd5e6d","D17","BIGC","BIGC.AOS.reaeration.station.01","BIGC_S1_20170620","2017-06-20T16:46Z",248,"2017-06-20T17:41:10Z",,73.90,15.59,90.09,,90.77,
"a78c18aa-c93e-449d-9503-1dcfe8cb2f28","1a5ca053-bb59-4060-acc2-fafc84bd5e6d","D17","BIGC","BIGC.AOS.reaeration.station.01","BIGC_S1_20170620","2017-06-20T16:46Z",519,"2017-06-20T18:26:20Z",,77.60,16.22,93.24,,93.92,
"44a377d0-65c4-4b58-9c66-b3f54debb73f","1a5ca053-bb59-4060-acc2-fafc84bd5e6d","D17","BIGC","BIGC.AOS.reaeration.station.01","BIGC_S1_20170620","2017-06-20T16:46Z",44,"2017-06-20T17:07:10Z",,73.50,15.34,90.13,,90.81,
"69bef5d3-b9e3-4a55-849d-51b9bdf735d0","1a5ca053-bb59-4060-acc2-fafc84bd5e6d","D17","BIGC","BIGC.AOS.reaeration.station.01","BIGC_S1_20170620","2017-06-20T16:46Z",794,"2017-06-20T19:12:10Z",,46.90,24.97,46.93,,46.93,
"65729357-471d-4414-8861-24d807157b1c","d0a50b1c-a334-4d26-9089-0f8d05063665","D17","BIGC","BIGC.AOS.reaeration.station.04","BIGC_S4_20170627","2017-06-27T17:54Z",1398,"2017-06-27T20:52:50Z",47.90,48.90,20.00,54.06,52.96,54.34,53.23
"6912a120-2f48-475f-af41-df71c9076031","d0a50b1c-a334-4d26-9089-0f8d05063665","D17","BIGC","BIGC.AOS.reaeration.station.04","BIGC_S4_20170627","2017-06-27T17:54Z",2366,"2017-06-27T23:34:10Z",54.80,56.10,26.01,55.04,53.76,54.97,53.69
"c57b82f7-79bc-474d-b853-e991f105b2cf","d0a50b1c-a334-4d26-9089-0f8d05063665","D17","BIGC","BIGC.AOS.reaeration.station.04","BIGC_S4_20170627","2017-06-27T17:54Z",1005,"2017-06-27T19:47:20Z",87.50,85.50,16.57,101.91,104.29,102.65,105.05
"786183cd-7264-459f-b68c-64ede3db04bc","d0a50b1c-a334-4d26-9089-0f8d05063665","D17","BIGC","BIGC.AOS.reaeration.station.04","BIGC_S4_20170627","2017-06-27T17:54Z",1538,"2017-06-27T21:16:10Z",50.20,51.00,23.10,52.92,52.09,53.04,52.20
"fd94212f-76bb-43b8-a2a1-08ef92214de0","d0a50b1c-a334-4d26-9089-0f8d05063665","D17","BIGC","BIGC.AOS.reaeration.station.04","BIGC_S4_20170627","2017-06-27T17:54Z",2606,"2017-06-28T00:14:10Z",47.80,49.40,25.10,49.31,47.71,49.30,47.70
"c0dfda6d-0e2a-40b4-9c43-ab05f4b24c9b","d0a50b1c-a334-4d26-9089-0f8d05063665","D17","BIGC","BIGC.AOS.reaeration.station.04","BIGC_S4_20170627","2017-06-27T17:54Z",1019,"2017-06-27T19:49:40Z",86.90,84.80,16.60,101.01,103.51,101.73,104.25
"ab91ddc8-f276-4047-8444-b1e2f0782d28","d0a50b1c-a334-4d26-9089-0f8d05063665","D17","BIGC","BIGC.AOS.reaeration.station.04","BIGC_S4_20170627","2017-06-27T17:54Z",1306,"2017-06-27T20:37:30Z",91.40,89.60,17.57,104.42,106.52,105.13,107.24
"3f7a5314-9ed5-4bb9-87af-70b58b7f3ab0","d0a50b1c-a334-4d26-9089-0f8d05063665","D17","BIGC","BIGC.AOS.reaeration.station.04","BIGC_S4_20170627","2017-06-27T17:54Z",1100,"2017-06-27T20:03:10Z",86.90,85.10,16.88,100.72,102.85,101.44,103.58
"b55ffb6f-8b69-4a96-833e-8805dcf516bb","d0a50b1c-a334-4d26-9089-0f8d05063665","D17","BIGC","BIGC.AOS.reaeration.station.04","BIGC_S4_20170627","2017-06-27T17:54Z",1275,"2017-06-27T20:32:20Z",91.10,89.30,17.47,104.30,106.40,105.01,107.13
"373f9e69-a957-4f8a-9c25-6cfa7c2c45ae","d0a50b1c-a334-4d26-9089-0f8d05063665","D17","BIGC","BIGC.AOS.reaeration.station.04","BIGC_S4_20170627","2017-06-27T17:54Z",2641,"2017-06-28T00:19:50Z",35.70,37.00,24.82,37.13,35.82,37.14,35.83
"faa52de3-0926-4c4f-8410-9d7f9878e877","d0a50b1c-a334-4d26-9089-0f8d05063665","D17","BIGC","BIGC.AOS.reaeration.station.04","BIGC_S4_20170627","2017-06-27T17:54Z",1512,"2017-06-27T21:11:50Z",49.90,50.60,22.72,52.90,52.17,53.04,52.31
"65ed979f-40b0-4bf9-afb0-68eb5317e2dc","d0a50b1c-a334-4d26-9089-0f8d05063665","D17","BIGC","BIGC.AOS.reaeration.station.04","BIGC_S4_20170627","2017-06-27T17:54Z",798,"2017-06-27T19:12:50Z",86.40,84.50,15.82,102.47,104.77,103.23,105.55
"b9a42f32-6248-439e-8c06-291e30c4a5db","d0a50b1c-a334-4d26-9089-0f8d05063665","D17","BIGC","BIGC.AOS.reaeration.station.04","BIGC_S4_20170627","2017-06-27T17:54Z",574,"2017-06-27T18:35:30Z",80.40,78.10,14.88,96.81,99.66,97.55,100.43
"1751bd5f-c2c6-4c71-bd20-3988fea0cfa0","d0a50b1c-a334-4d26-9089-0f8d05063665","D17","BIGC","BIGC.AOS.reaeration.station.04","BIGC_S4_20170627","2017-06-27T17:54Z",1800,"2017-06-27T21:59:50Z",51.40,52.40,25.27,52.13,51.14,52.11,51.12
"7086997c-d642-46b2-bf54-0ead6d36fb09","d0a50b1c-a334-4d26-9089-0f8d05063665","D17","BIGC","BIGC.AOS.reaeration.station.04","BIGC_S4_20170627","2017-06-27T17:54Z",2393,"2017-06-27T23:38:40Z",54.80,56.10,26.01,55.04,53.76,54.97,53.69
"64183f48-9be1-4686-8f07-7159be76abe3","d0a50b1c-a334-4d26-9089-0f8d05063665","D17","BIGC","BIGC.AOS.reaeration.station.04","BIGC_S4_20170627","2017-06-27T17:54Z",2573,"2017-06-28T00:08:40Z",53.30,54.60,26.03,53.55,52.27,53.48,52.20
"f2abf9b5-a427-46d8-93c8-1f428839bfb6","d0a50b1c-a334-4d26-9089-0f8d05063665","D17","BIGC","BIGC.AOS.reaeration.station.04","BIGC_S4_20170627","2017-06-27T17:54Z",1499,"2017-06-27T21:09:40Z",49.80,50.60,22.51,53.13,52.29,53.28,52.43
"9028af19-2479-4f85-9d96-60c62a739e27","d0a50b1c-a334-4d26-9089-0f8d05063665","D17","BIGC","BIGC.AOS.reaeration.station.04","BIGC_S4_20170627","2017-06-27T17:54Z",2240,"2017-06-27T23:13:10Z",54.90,56.10,26.02,55.03,53.85,54.96,53.78
"6314b958-2c07-460a-8587-230c167c2f17","d0a50b1c-a334-4d26-9089-0f8d05063665","D17","BIGC","BIGC.AOS.reaeration.station.04","BIGC_S4_20170627","2017-06-27T17:54Z",2118,"2017-06-27T22:52:50Z",54.10,55.00,26.00,53.97,53.09,53.90,53.02
"153806d8-ffb5-48c3-96f0-d02a85eef6ef","d0a50b1c-a334-4d26-9089-0f8d05063665","D17","BIGC","BIGC.AOS.reaeration.station.04","BIGC_S4_20170627","2017-06-27T17:54Z",1945,"2017-06-27T22:24:00Z",52.70,53.80,25.80,52.99,51.91,52.94,51.86
"b7f2fae0-f47b-4dbd-81ae-956cf60b7823","d0a50b1c-a334-4d26-9089-0f8d05063665","D17","BIGC","BIGC.AOS.reaeration.station.04","BIGC_S4_20170627","2017-06-27T17:54Z",1717,"2017-06-27T21:46:00Z",51.00,51.60,24.79,51.81,51.21,51.82,51.22
"2d8e8116-529d-4512-8213-ad82af008fe9","d0a50b1c-a334-4d26-9089-0f8d05063665","D17","BIGC","BIGC.AOS.reaeration.station.04","BIGC_S4_20170627","2017-06-27T17:54Z",634,"2017-06-27T18:45:30Z",80.90,78.80,15.11,97.15,99.74,97.89,100.50
"f4a7d733-e5c9-49aa-86fb-d7733b145c2f","d0a50b1c-a334-4d26-9089-0f8d05063665","D17","BIGC","BIGC.AOS.reaeration.station.04","BIGC_S4_20170627","2017-06-27T17:54Z",1488,"2017-06-27T21:07:50Z",49.60,50.60,22.31,53.34,52.29,53.50,52.45
"9723b649-beee-4503-b01d-47aaf70e5a71","d0a50b1c-a334-4d26-9089-0f8d05063665","D17","BIGC","BIGC.AOS.reaeration.station.04","BIGC_S4_20170627","2017-06-27T17:54Z",2623,"2017-06-28T00:17:00Z",42.30,43.70,24.84,43.83,42.43,43.84,42.44
"794c9906-182b-435f-9be8-401e9fb2735f","d0a50b1c-a334-4d26-9089-0f8d05063665","D17","BIGC","BIGC.AOS.reaeration.station.04","BIGC_S4_20170627","2017-06-27T17:54Z",1501,"2017-06-27T21:10:00Z",49.90,50.60,22.54,53.09,52.36,53.24,52.51
"b39589f5-108e-435f-8ff2-77ad91fa077a","d0a50b1c-a334-4d26-9089-0f8d05063665","D17","BIGC","BIGC.AOS.reaeration.station.04","BIGC_S4_20170627","2017-06-27T17:54Z",423,"2017-06-27T18:10:20Z",79.60,77.30,14.46,96.78,99.66,97.53,100.43
"a7afe5a3-1a3f-48ba-8302-eb2f7ad951c3","d0a50b1c-a334-4d26-9089-0f8d05063665","D17","BIGC","BIGC.AOS.reaeration.station.04","BIGC_S4_20170627","2017-06-27T17:54Z",339,"2017-06-27T17:56:20Z",79.20,77.00,14.29,96.80,99.57,97.55,100.33
"8c63bad6-0e62-4cd9-88fe-8aabdb23428f","d0a50b1c-a334-4d26-9089-0f8d05063665","D17","BIGC","BIGC.AOS.reaeration.station.04","BIGC_S4_20170627","2017-06-27T17:54Z",2175,"2017-06-27T23:02:20Z",54.50,55.70,26.01,54.65,53.47,54.58,53.40
"d2692813-8406-4dbc-a3f6-dedb65f3f9ea","d0a50b1c-a334-4d26-9089-0f8d05063665","D17","BIGC","BIGC.AOS.reaeration.station.04","BIGC_S4_20170627","2017-06-27T17:54Z",1595,"2017-06-27T21:25:40Z",50.40,51.30,23.78,52.52,51.60,52.60,51.68
"9cc121b4-f012-4ca0-a596-b5f77eb5ef53","d0a50b1c-a334-4d26-9089-0f8d05063665","D17","BIGC","BIGC.AOS.reaeration.station.04","BIGC_S4_20170627","2017-06-27T17:54Z",1668,"2017-06-27T21:37:50Z",50.80,51.30,24.47,51.82,51.32,51.86,51.35
"6db475c4-f3af-4803-89fe-4e06be178c20","d0a50b1c-a334-4d26-9089-0f8d05063665","D17","BIGC","BIGC.AOS.reaeration.station.04","BIGC_S4_20170627","2017-06-27T17:54Z",1926,"2017-06-27T22:20:50Z",52.40,53.50,25.76,52.73,51.65,52.68,51.60
"950f8d6e-e939-46a1-b0c0-fb115635ee71","d0a50b1c-a334-4d26-9089-0f8d05063665","D17","BIGC","BIGC.AOS.reaeration.station.04","BIGC_S4_20170627","2017-06-27T17:54Z",171,"2017-06-27T17:28:20Z",78.70,76.20,14.04,96.37,99.54,97.11,100.30
"1b7954c0-a8d4-4e36-9df3-d44e603a81ec","d0a50b1c-a334-4d26-9089-0f8d05063665","D17","BIGC","BIGC.AOS.reaeration.station.04","BIGC_S4_20170627","2017-06-27T17:54Z",991,"2017-06-27T19:45:00Z",87.60,85.60,16.53,102.12,104.51,102.86,105.26
"2e7b6a98-226c-4b3e-8808-d51c8c19098c","d0a50b1c-a334-4d26-9089-0f8d05063665","D17","BIGC","BIGC.AOS.reaeration.station.04","BIGC_S4_20170627","2017-06-27T17:54Z",1302,"2017-06-27T20:36:50Z",91.30,89.60,17.55,104.46,106.45,105.17,107.17
"8a2be229-6cb3-4cad-9b2a-8f052ea9018d","d0a50b1c-a334-4d26-9089-0f8d05063665","D17","BIGC","BIGC.AOS.reaeration.station.04","BIGC_S4_20170627","2017-06-27T17:54Z",1482,"2017-06-27T21:06:50Z",49.60,50.30,22.18,53.16,52.42,53.33,52.59
"7eb6e136-c658-423b-b711-4421ad45ec13","d0a50b1c-a334-4d26-9089-0f8d05063665","D17","BIGC","BIGC.AOS.reaeration.station.04","BIGC_S4_20170627","2017-06-27T17:54Z",2392,"2017-06-27T23:38:30Z",54.80,56.10,26.01,55.04,53.76,54.97,53.69
"c32bf8c0-4e70-450d-86b9-5e5092fc7fad","d0a50b1c-a334-4d26-9089-0f8d05063665","D17","BIGC","BIGC.AOS.reaeration.station.04","BIGC_S4_20170627","2017-06-27T17:54Z",443,"2017-06-27T18:13:40Z",79.70,77.30,14.49,96.71,99.72,97.46,100.48
"ca6ea827-0b0a-4c48-9620-d9d61ad7bc0f","d0a50b1c-a334-4d26-9089-0f8d05063665","D17","BIGC","BIGC.AOS.reaeration.station.04","BIGC_S4_20170627","2017-06-27T17:54Z",1816,"2017-06-27T22:02:30Z",51.40,52.40,25.34,52.06,51.07,52.04,51.05
"5fa998e7-0d83-4586-95b2-d8c80c03449d","d0a50b1c-a334-4d26-9089-0f8d05063665","D17","BIGC","BIGC.AOS.reaeration.station.04","BIGC_S4_20170627","2017-06-27T17:54Z",2056,"2017-06-27T22:42:30Z",53.70,54.60,25.97,53.61,52.72,53.54,52.66
"ef8d6977-aa72-4944-9d44-201c158f193e","d0a50b1c-a334-4d26-9089-0f8d05063665","D17","BIGC","BIGC.AOS.reaeration.station.04","BIGC_S4_20170627","2017-06-27T17:54Z",652,"2017-06-27T18:48:30Z",81.10,78.80,15.16,97.04,99.87,97.78,100.63
"e9c7cb75-b0d4-4e0e-b425-ede04277fe57","d0a50b1c-a334-4d26-9089-0f8d05063665","D17","BIGC","BIGC.AOS.reaeration.station.04","BIGC_S4_20170627","2017-06-27T17:54Z",640,"2017-06-27T18:46:30Z",81.00,78.40,15.14,96.59,99.79,97.33,100.55
"e3f013da-7abb-4257-b02a-1f195af26d29","d0a50b1c-a334-4d26-9089-0f8d05063665","D17","BIGC","BIGC.AOS.reaeration.station.04","BIGC_S4_20170627","2017-06-27T17:54Z",1471,"2017-06-27T21:05:00Z",49.40,50.30,21.97,53.39,52.43,53.57,52.61
"85f2fb43-a306-4510-b445-73c40960fe4e","d0a50b1c-a334-4d26-9089-0f8d05063665","D17","BIGC","BIGC.AOS.reaeration.station.04","BIGC_S4_20170627","2017-06-27T17:54Z",1171,"2017-06-27T20:15:00Z",90.20,88.20,17.12,103.83,106.18,104.55,106.92
"7dd96ced-1879-4853-9f4b-98d1e9a8d609","d0a50b1c-a334-4d26-9089-0f8d05063665","D17","BIGC","BIGC.AOS.reaeration.station.04","BIGC_S4_20170627","2017-06-27T17:54Z",1853,"2017-06-27T22:08:40Z",51.90,52.70,25.51,52.19,51.40,52.16,51.37
"6e6ea1b2-5134-4b31-930b-bb800e02948f","d0a50b1c-a334-4d26-9089-0f8d05063665","D17","BIGC","BIGC.AOS.reaeration.station.04","BIGC_S4_20170627","2017-06-27T17:54Z",1790,"2017-06-27T21:58:10Z",51.20,52.40,25.22,52.18,50.99,52.17,50.97
"d4469dfa-5618-4de0-b152-1e372ce59019","d0a50b1c-a334-4d26-9089-0f8d05063665","D17","BIGC","BIGC.AOS.reaeration.station.04","BIGC_S4_20170627","2017-06-27T17:54Z",1201,"2017-06-27T20:20:00Z",90.40,88.50,17.22,103.95,106.18,104.67,106.92
"226b7e4c-8cdb-4167-a550-31222ec2e7fa","d0a50b1c-a334-4d26-9089-0f8d05063665","D17","BIGC","BIGC.AOS.reaeration.station.04","BIGC_S4_20170627","2017-06-27T17:54Z",676,"2017-06-27T18:52:30Z",81.30,78.80,15.28,96.76,99.83,97.50,100.59
"80c91d32-83bf-444c-afb4-5e6f71aa3867","d0a50b1c-a334-4d26-9089-0f8d05063665","D17","BIGC","BIGC.AOS.reaeration.station.04","BIGC_S4_20170627","2017-06-27T17:54Z",474,"2017-06-27T18:18:50Z",79.80,77.70,14.57,97.03,99.65,97.77,100.42
"18025262-916a-401b-a7bd-962a5c1125a4","d0a50b1c-a334-4d26-9089-0f8d05063665","D17","BIGC","BIGC.AOS.reaeration.station.04","BIGC_S4_20170627","2017-06-27T17:54Z",785,"2017-06-27T19:10:40Z",86.20,84.10,15.76,102.12,104.67,102.89,105.46
"150b3105-11a8-4b70-bc8a-4e3a52ee2ceb","d0a50b1c-a334-4d26-9089-0f8d05063665","D17","BIGC","BIGC.AOS.reaeration.station.04","BIGC_S4_20170627","2017-06-27T17:54Z",2618,"2017-06-28T00:16:10Z",44.00,45.60,24.84,45.74,44.13,45.75,44.14
"744872d5-3c51-46a1-ab8c-8776259f7bcf","d0a50b1c-a334-4d26-9089-0f8d05063665","D17","BIGC","BIGC.AOS.reaeration.station.04","BIGC_S4_20170627","2017-06-27T17:54Z",2077,"2017-06-27T22:46:00Z",53.80,54.60,25.99,53.59,52.80,53.52,52.74
"e70d0ab4-7b4e-4f37-aeba-ec530fc81ebb","d0a50b1c-a334-4d26-9089-0f8d05063665","D17","BIGC","BIGC.AOS.reaeration.station.04","BIGC_S4_20170627","2017-06-27T17:54Z",1828,"2017-06-27T22:04:30Z",51.60,52.40,25.40,52.00,51.21,51.98,51.18
"8481fc07-a27e-472e-bdc4-32a9e0a3c201","d0a50b1c-a334-4d26-9089-0f8d05063665","D17","BIGC","BIGC.AOS.reaeration.station.04","BIGC_S4_20170627","2017-06-27T17:54Z",2254,"2017-06-27T23:15:30Z",54.90,56.10,26.02,55.03,53.85,54.96,53.78
"d3aaf040-fc97-4495-afa4-8b892bd24bb7","d0a50b1c-a334-4d26-9089-0f8d05063665","D17","BIGC","BIGC.AOS.reaeration.station.04","BIGC_S4_20170627","2017-06-27T17:54Z",698,"2017-06-27T18:56:10Z",81.40,79.20,15.38,97.03,99.72,97.76,100.48
"cbfaf260-1bc8-42d1-942d-f65dae28ce2a","d0a50b1c-a334-4d26-9089-0f8d05063665","D17","BIGC","BIGC.AOS.reaeration.station.04","BIGC_S4_20170627","2017-06-27T17:54Z",2579,"2017-06-28T00:09:40Z",53.20,54.90,26.03,53.84,52.17,53.77,52.11
"46e75262-67b5-419b-8a05-9955c89a9659","d0a50b1c-a334-4d26-9089-0f8d05063665","D17","BIGC","BIGC.AOS.reaeration.station.04","BIGC_S4_20170627","2017-06-27T17:54Z",823,"2017-06-27T19:17:00Z",86.70,84.80,15.92,102.59,104.89,103.36,105.67
"967a2160-b1d9-471d-83ca-38132e196174","d0a50b1c-a334-4d26-9089-0f8d05063665","D17","BIGC","BIGC.AOS.reaeration.station.04","BIGC_S4_20170627","2017-06-27T17:54Z",1279,"2017-06-27T20:33:00Z",91.10,89.70,17.49,104.72,106.36,105.44,107.08
"d0116985-d258-49e2-be35-19d1e1c88915","d0a50b1c-a334-4d26-9089-0f8d05063665","D17","BIGC","BIGC.AOS.reaeration.station.04","BIGC_S4_20170627","2017-06-27T17:54Z",285,"2017-06-27T17:47:20Z",79.20,77.00,14.20,97.01,99.78,97.76,100.55
"6c5f2898-ce90-4e1a-9470-90a4b8b5c8e5","d0a50b1c-a334-4d26-9089-0f8d05063665","D17","BIGC","BIGC.AOS.reaeration.station.04","BIGC_S4_20170627","2017-06-27T17:54Z",53,"2017-06-27T17:08:40Z",78.50,76.20,13.90,96.70,99.62,97.44,100.38
"c50eba24-c42b-41cb-a8ac-6e9a579fa902","d0a50b1c-a334-4d26-9089-0f8d05063665","D17","BIGC","BIGC.AOS.reaeration.station.04","BIGC_S4_20170627","2017-06-27T17:54Z",2105,"2017-06-27T22:50:40Z",54.10,55.00,26.00,53.97,53.09,53.90,53.02
"eeec4fa3-73f3-4638-9b0d-8de70d26868b","d0a50b1c-a334-4d26-9089-0f8d05063665","D17","BIGC","BIGC.AOS.reaeration.station.04","BIGC_S4_20170627","2017-06-27T17:54Z",851,"2017-06-27T19:21:40Z",86.90,84.80,16.04,102.31,104.84,103.07,105.62
"bad8677c-2f85-4d22-bcfd-939300e9889e","d0a50b1c-a334-4d26-9089-0f8d05063665","D17","BIGC","BIGC.AOS.reaeration.station.04","BIGC_S4_20170627","2017-06-27T17:54Z",1924,"2017-06-27T22:20:30Z",52.30,53.50,25.75,52.74,51.56,52.70,51.51
"ccccc267-5be5-4302-a8f0-2514f037bc55","d0a50b1c-a334-4d26-9089-0f8d05063665","D17","BIGC","BIGC.AOS.reaeration.station.04","BIGC_S4_20170627","2017-06-27T17:54Z",2545,"2017-06-28T00:04:00Z",53.80,55.30,26.02,54.24,52.77,54.17,52.70
"83ee57f2-62a3-45c2-83c5-da0c46ac6b14","d0a50b1c-a334-4d26-9089-0f8d05063665","D17","BIGC","BIGC.AOS.reaeration.station.04","BIGC_S4_20170627","2017-06-27T17:54Z",362,"2017-06-27T18:00:10Z",79.40,77.00,14.34,96.69,99.70,97.43,100.47
"c64a0bef-3046-44c4-a4e5-25954c2c1d8c","d0a50b1c-a334-4d26-9089-0f8d05063665","D17","BIGC","BIGC.AOS.reaeration.station.04","BIGC_S4_20170627","2017-06-27T17:54Z",1368,"2017-06-27T20:47:50Z",46.90,47.40,18.85,53.71,53.14,54.03,53.46
"b4335136-17df-446e-b26f-032aecc56da7","d0a50b1c-a334-4d26-9089-0f8d05063665","D17","BIGC","BIGC.AOS.reaeration.station.04","BIGC_S4_20170627","2017-06-27T17:54Z",714,"2017-06-27T18:58:50Z",82.00,79.90,15.44,97.75,100.32,98.49,101.08
"119b1b21-7927-4717-b188-9941ad4e924a","d0a50b1c-a334-4d26-9089-0f8d05063665","D17","BIGC","BIGC.AOS.reaeration.station.04","BIGC_S4_20170627","2017-06-27T17:54Z",2624,"2017-06-28T00:17:10Z",42.00,43.30,24.87,43.41,42.10,43.41,42.11
"008452eb-f546-4bf8-9c7b-65cd10349909","d0a50b1c-a334-4d26-9089-0f8d05063665","D17","BIGC","BIGC.AOS.reaeration.station.04","BIGC_S4_20170627","2017-06-27T17:54Z",332,"2017-06-27T17:55:10Z",79.30,77.00,14.28,96.83,99.72,97.57,100.48
"4798357c-0fde-4064-9856-e0295ae12228","d0a50b1c-a334-4d26-9089-0f8d05063665","D17","BIGC","BIGC.AOS.reaeration.station.04","BIGC_S4_20170627","2017-06-27T17:54Z",1984,"2017-06-27T22:30:30Z",53.10,54.20,25.88,53.30,52.22,53.25,52.16
"dc56efda-5479-4647-babd-f08771eeff8f","d0a50b1c-a334-4d26-9089-0f8d05063665","D17","BIGC","BIGC.AOS.reaeration.station.04","BIGC_S4_20170627","2017-06-27T17:54Z",2296,"2017-06-27T23:22:30Z",55.00,56.10,26.01,55.04,53.96,54.97,53.89
"c5721497-7f2a-4242-bd08-7ca6f228822f","d0a50b1c-a334-4d26-9089-0f8d05063665","D17","BIGC","BIGC.AOS.reaeration.station.04","BIGC_S4_20170627","2017-06-27T17:54Z",487,"2017-06-27T18:21:00Z",79.90,77.30,14.60,96.46,99.71,97.20,100.47
"75057439-7841-4a15-ba79-410c82583485","d0a50b1c-a334-4d26-9089-0f8d05063665","D17","BIGC","BIGC.AOS.reaeration.station.04","BIGC_S4_20170627","2017-06-27T17:54Z",1202,"2017-06-27T20:20:10Z",90.50,88.50,17.22,103.95,106.30,104.67,107.03
"05ca868e-c58f-41a7-9557-102a23ea7461","d0a50b1c-a334-4d26-9089-0f8d05063665","D17","BIGC","BIGC.AOS.reaeration.station.04","BIGC_S4_20170627","2017-06-27T17:54Z",294,"2017-06-27T17:48:50Z",79.10,77.00,14.22,96.96,99.61,97.71,100.37
"e9d05a9c-d805-431b-b643-f0df735193cd","d0a50b1c-a334-4d26-9089-0f8d05063665","D17","BIGC","BIGC.AOS.reaeration.station.04","BIGC_S4_20170627","2017-06-27T17:54Z",2093,"2017-06-27T22:48:40Z",54.00,55.00,26.00,53.97,52.99,53.90,52.92
"b4b83df4-2bd8-4209-93aa-d9c7691d3645","d0a50b1c-a334-4d26-9089-0f8d05063665","D17","BIGC","BIGC.AOS.reaeration.station.04","BIGC_S4_20170627","2017-06-27T17:54Z",1494,"2017-06-27T21:08:50Z",49.70,50.60,22.41,53.23,52.29,53.39,52.44
"ffe9a51a-df12-41fe-9ab6-27e1cc1d1e77","d0a50b1c-a334-4d26-9089-0f8d05063665","D17","BIGC","BIGC.AOS.reaeration.station.04","BIGC_S4_20170627","2017-06-27T17:54Z",2582,"2017-06-28T00:10:10Z",53.10,54.60,26.05,53.53,52.06,53.46,51.99
"0373d263-5c5a-40d7-9bd9-a9e4898dc2fa","d0a50b1c-a334-4d26-9089-0f8d05063665","D17","BIGC","BIGC.AOS.reaeration.station.04","BIGC_S4_20170627","2017-06-27T17:54Z",228,"2017-06-27T17:37:50Z",78.90,76.60,14.12,96.69,99.60,97.44,100.36
"c0e836fe-7eb7-4ee0-814a-d6cca481dd50","d0a50b1c-a334-4d26-9089-0f8d05063665","D17","BIGC","BIGC.AOS.reaeration.station.04","BIGC_S4_20170627","2017-06-27T17:54Z",471,"2017-06-27T18:18:20Z",79.80,77.30,14.55,96.58,99.70,97.32,100.46
"7f703f7a-b3a4-4861-ad3e-90c81ebce3c8","d0a50b1c-a334-4d26-9089-0f8d05063665","D17","BIGC","BIGC.AOS.reaeration.station.04","BIGC_S4_20170627","2017-06-27T17:54Z",1700,"2017-06-27T21:43:10Z",50.90,51.60,24.69,51.91,51.20,51.93,51.22
"bbbb3bf1-8fff-4182-b71d-1318b03c1e44","d0a50b1c-a334-4d26-9089-0f8d05063665","D17","BIGC","BIGC.AOS.reaeration.station.04","BIGC_S4_20170627","2017-06-27T17:54Z",1264,"2017-06-27T20:30:30Z",91.00,89.30,17.43,104.39,106.38,105.11,107.11
"36780806-5758-4358-8b78-e6edf8a4527f","d0a50b1c-a334-4d26-9089-0f8d05063665","D17","BIGC","BIGC.AOS.reaeration.station.04","BIGC_S4_20170627","2017-06-27T17:54Z",2299,"2017-06-27T23:23:00Z",55.00,56.10,26.01,55.04,53.96,54.97,53.89
"476523bc-79b8-4fee-b257-3717f515c445","d0a50b1c-a334-4d26-9089-0f8d05063665","D17","BIGC","BIGC.AOS.reaeration.station.04","BIGC_S4_20170627","2017-06-27T17:54Z",268,"2017-06-27T17:44:30Z",79.10,76.60,14.18,96.55,99.71,97.30,100.47
"c657e29e-fee3-4c8c-8a87-69b7c239de80","d0a50b1c-a334-4d26-9089-0f8d05063665","D17","BIGC","BIGC.AOS.reaeration.station.04","BIGC_S4_20170627","2017-06-27T17:54Z",2329,"2017-06-27T23:28:00Z",54.80,56.10,26.01,55.04,53.76,54.97,53.69
"7129f306-285e-46ae-85df-2fd06ddc7282","d0a50b1c-a334-4d26-9089-0f8d05063665","D17","BIGC","BIGC.AOS.reaeration.station.04","BIGC_S4_20170627","2017-06-27T17:54Z",2549,"2017-06-28T00:04:40Z",53.80,55.30,26.02,54.24,52.77,54.17,52.70
"a6e0c685-5b04-49bb-9ef9-54060e029d3f","d0a50b1c-a334-4d26-9089-0f8d05063665","D17","BIGC","BIGC.AOS.reaeration.station.04","BIGC_S4_20170627","2017-06-27T17:54Z",844,"2017-06-27T19:20:30Z",86.80,85.20,16.01,102.86,104.79,103.63,105.57
"9a80db27-1acb-4225-a35f-f9da2ec241f5","d0a50b1c-a334-4d26-9089-0f8d05063665","D17","BIGC","BIGC.AOS.reaeration.station.04","BIGC_S4_20170627","2017-06-27T17:54Z",2043,"2017-06-27T22:40:20Z",53.60,54.60,25.96,53.62,52.63,53.55,52.57
"a6ca59fd-342b-49c0-955d-b2b19a915f9d","d0a50b1c-a334-4d26-9089-0f8d05063665","D17","BIGC","BIGC.AOS.reaeration.station.04","BIGC_S4_20170627","2017-06-27T17:54Z",2420,"2017-06-27T23:43:10Z",54.80,56.10,26.01,55.04,53.76,54.97,53.69
"c916871d-ac2b-46f2-b4cf-63f899d48ecf","d0a50b1c-a334-4d26-9089-0f8d05063665","D17","BIGC","BIGC.AOS.reaeration.station.04","BIGC_S4_20170627","2017-06-27T17:54Z",2138,"2017-06-27T22:56:10Z",54.20,55.00,26.00,53.97,53.18,53.90,53.12
"d5e3c09b-aca6-4aaf-8948-1b5fce8a176a","d0a50b1c-a334-4d26-9089-0f8d05063665","D17","BIGC","BIGC.AOS.reaeration.station.04","BIGC_S4_20170627","2017-06-27T17:54Z",847,"2017-06-27T19:21:00Z",86.90,85.20,16.03,102.81,104.87,103.58,105.64
"5281e354-820d-4057-899e-8a44e5d6ccd8","d0a50b1c-a334-4d26-9089-0f8d05063665","D17","BIGC","BIGC.AOS.reaeration.station.04","BIGC_S4_20170627","2017-06-27T17:54Z",1013,"2017-06-27T19:48:40Z",87.10,85.20,16.59,101.50,103.77,102.24,104.52
"11b6a15d-bf4b-49b1-98c4-206d31556b0e","d0a50b1c-a334-4d26-9089-0f8d05063665","D17","BIGC","BIGC.AOS.reaeration.station.04","BIGC_S4_20170627","2017-06-27T17:54Z",1777,"2017-06-27T21:56:00Z",51.20,52.40,25.15,52.25,51.05,52.24,51.04
"a4299f40-e62c-4b7f-8bff-5e19c50aeaaf","d0a50b1c-a334-4d26-9089-0f8d05063665","D17","BIGC","BIGC.AOS.reaeration.station.04","BIGC_S4_20170627","2017-06-27T17:54Z",2386,"2017-06-27T23:37:30Z",54.80,56.10,26.01,55.04,53.76,54.97,53.69
"43ecb3fe-e835-4352-9d6d-33e55bb0125a","d0a50b1c-a334-4d26-9089-0f8d05063665","D17","BIGC","BIGC.AOS.reaeration.station.04","BIGC_S4_20170627","2017-06-27T17:54Z",718,"2017-06-27T18:59:30Z",82.60,80.70,15.46,98.68,101.00,99.43,101.77
"56582d99-e3f2-4545-84f5-a6813a06090a","d0a50b1c-a334-4d26-9089-0f8d05063665","D17","BIGC","BIGC.AOS.reaeration.station.04","BIGC_S4_20170627","2017-06-27T17:54Z",1850,"2017-06-27T22:08:10Z",51.70,52.70,25.50,52.20,51.21,52.17,51.18
"9415ab7f-a291-422b-8cc8-c20f54d79284","d0a50b1c-a334-4d26-9089-0f8d05063665","D17","BIGC","BIGC.AOS.reaeration.station.04","BIGC_S4_20170627","2017-06-27T17:54Z",2095,"2017-06-27T22:49:00Z",54.00,55.00,26.00,53.97,52.99,53.90,52.92
"3ad7e53a-af03-45fe-83e5-e113dd27c9c8","d0a50b1c-a334-4d26-9089-0f8d05063665","D17","BIGC","BIGC.AOS.reaeration.station.04","BIGC_S4_20170627","2017-06-27T17:54Z",1524,"2017-06-27T21:13:50Z",50.00,51.00,22.91,53.12,52.08,53.25,52.20
"8746b745-456b-418f-ae91-0ff325843cd3","d0a50b1c-a334-4d26-9089-0f8d05063665","D17","BIGC","BIGC.AOS.reaeration.station.04","BIGC_S4_20170627","2017-06-27T17:54Z",2427,"2017-06-27T23:44:20Z",54.80,56.10,26.01,55.04,53.76,54.97,53.69
"22ed8490-89da-4b83-a7ee-f61555460dfa","d0a50b1c-a334-4d26-9089-0f8d05063665","D17","BIGC","BIGC.AOS.reaeration.station.04","BIGC_S4_20170627","2017-06-27T17:54Z",86,"2017-06-27T17:14:10Z",78.50,76.20,13.92,96.65,99.57,97.40,100.34
"156df801-2e3b-4508-a407-2fdcade6b287","d0a50b1c-a334-4d26-9089-0f8d05063665","D17","BIGC","BIGC.AOS.reaeration.station.04","BIGC_S4_20170627","2017-06-27T17:54Z",270,"2017-06-27T17:44:50Z",79.00,77.00,14.20,97.01,99.53,97.76,100.30
"53f1c6d1-f4b9-4885-94d9-6ed7f62b6d9c","d0a50b1c-a334-4d26-9089-0f8d05063665","D17","BIGC","BIGC.AOS.reaeration.station.04","BIGC_S4_20170627","2017-06-27T17:54Z",2006,"2017-06-27T22:34:10Z",53.20,54.20,25.92,53.26,52.28,53.20,52.22
"a043094f-e5a3-41ca-8fd2-403f004836a6","d0a50b1c-a334-4d26-9089-0f8d05063665","D17","BIGC","BIGC.AOS.reaeration.station.04","BIGC_S4_20170627","2017-06-27T17:54Z",750,"2017-06-27T19:04:50Z",85.10,83.00,15.59,101.19,103.75,101.95,104.53
"f4b95136-6abf-439b-a5c6-d33d97858018","d0a50b1c-a334-4d26-9089-0f8d05063665","D17","BIGC","BIGC.AOS.reaeration.station.04","BIGC_S4_20170627","2017-06-27T17:54Z",14,"2017-06-27T17:02:10Z",78.50,76.20,13.87,96.77,99.69,97.51,100.46
"b6e259ab-9c14-499a-b2cc-4c03d28bebb0","d0a50b1c-a334-4d26-9089-0f8d05063665","D17","BIGC","BIGC.AOS.reaeration.station.04","BIGC_S4_20170627","2017-06-27T17:54Z",318,"2017-06-27T17:52:50Z",79.20,77.00,14.24,96.92,99.69,97.66,100.45
"4032a3bd-d77b-4042-9d90-9064c42e2b20","d0a50b1c-a334-4d26-9089-0f8d05063665","D17","BIGC","BIGC.AOS.reaeration.station.04","BIGC_S4_20170627","2017-06-27T17:54Z",1803,"2017-06-27T22:00:20Z",51.30,52.40,25.28,52.12,51.03,52.10,51.01
"d70f9290-7075-4039-9b0a-f4481afeecff","d0a50b1c-a334-4d26-9089-0f8d05063665","D17","BIGC","BIGC.AOS.reaeration.station.04","BIGC_S4_20170627","2017-06-27T17:54Z",635,"2017-06-27T18:45:40Z",80.90,78.80,15.11,97.15,99.74,97.89,100.50
"295add16-377d-49f3-bcd3-780ed4ff8082","d0a50b1c-a334-4d26-9089-0f8d05063665","D17","BIGC","BIGC.AOS.reaeration.station.04","BIGC_S4_20170627","2017-06-27T17:54Z",2350,"2017-06-27T23:31:30Z",54.80,56.10,26.01,55.04,53.76,54.97,53.69
"35fe320e-6062-4286-8938-f6cacd1948f7","d0a50b1c-a334-4d26-9089-0f8d05063665","D17","BIGC","BIGC.AOS.reaeration.station.04","BIGC_S4_20170627","2017-06-27T17:54Z",863,"2017-06-27T19:23:40Z",86.90,85.20,16.09,102.67,104.72,103.43,105.50
"ccbeba3b-4607-4d9b-8060-b56e7d31245e","d0a50b1c-a334-4d26-9089-0f8d05063665","D17","BIGC","BIGC.AOS.reaeration.station.04","BIGC_S4_20170627","2017-06-27T17:54Z",1188,"2017-06-27T20:17:50Z",90.40,88.50,17.18,104.04,106.27,104.77,107.01
"6fe69e57-c06d-4ef0-8f23-f8d9155058cc","d0a50b1c-a334-4d26-9089-0f8d05063665","D17","BIGC","BIGC.AOS.reaeration.station.04","BIGC_S4_20170627","2017-06-27T17:54Z",535,"2017-06-27T18:29:00Z",80.10,77.70,14.74,96.64,99.62,97.38,100.39
"5428b4bf-d5ae-4dd6-b9ba-d82051f652eb","d0a50b1c-a334-4d26-9089-0f8d05063665","D17","BIGC","BIGC.AOS.reaeration.station.04","BIGC_S4_20170627","2017-06-27T17:54Z",2153,"2017-06-27T22:58:40Z",54.30,55.00,26.01,53.96,53.27,53.89,53.21
"d11a176f-6e09-4ce4-8bc7-f8f484e2364a","d0a50b1c-a334-4d26-9089-0f8d05063665","D17","BIGC","BIGC.AOS.reaeration.station.04","BIGC_S4_20170627","2017-06-27T17:54Z",1104,"2017-06-27T20:03:50Z",87.10,85.10,16.89,100.70,103.06,101.41,103.80
"9607aa82-0822-44cd-85ca-b2e58897f09c","d0a50b1c-a334-4d26-9089-0f8d05063665","D17","BIGC","BIGC.AOS.reaeration.station.04","BIGC_S4_20170627","2017-06-27T17:54Z",1584,"2017-06-27T21:23:50Z",50.30,51.30,23.65,52.66,51.63,52.74,51.71
"3666de07-d557-4348-af6d-782e1be5af6a","d0a50b1c-a334-4d26-9089-0f8d05063665","D17","BIGC","BIGC.AOS.reaeration.station.04","BIGC_S4_20170627","2017-06-27T17:54Z",60,"2017-06-27T17:09:50Z",78.50,76.20,13.91,96.68,99.60,97.42,100.36
"f61fdcb1-369b-4b68-a8fe-ef55206b2c3e","d0a50b1c-a334-4d26-9089-0f8d05063665","D17","BIGC","BIGC.AOS.reaeration.station.04","BIGC_S4_20170627","2017-06-27T17:54Z",2354,"2017-06-27T23:32:10Z",54.80,56.10,26.01,55.04,53.76,54.97,53.69
"69c7d1e4-647b-41bd-ad09-03bb32df13aa","d0a50b1c-a334-4d26-9089-0f8d05063665","D17","BIGC","BIGC.AOS.reaeration.station.04","BIGC_S4_20170627","2017-06-27T17:54Z",875,"2017-06-27T19:25:40Z",87.10,85.20,16.14,102.55,104.84,103.31,105.62
"811569e5-072c-46cd-ae3d-08cb854c86d2","d0a50b1c-a334-4d26-9089-0f8d05063665","D17","BIGC","BIGC.AOS.reaeration.station.04","BIGC_S4_20170627","2017-06-27T17:54Z",2561,"2017-06-28T00:06:40Z",53.40,54.90,26.03,53.84,52.37,53.77,52.30
"01979a76-b6e8-4143-9c6f-9a41aba172b9","d0a50b1c-a334-4d26-9089-0f8d05063665","D17","BIGC","BIGC.AOS.reaeration.station.04","BIGC_S4_20170627","2017-06-27T17:54Z",1827,"2017-06-27T22:04:20Z",51.40,52.40,25.40,52.00,51.01,51.98,50.99
"518d0388-f45d-4a9d-97f9-b2f0f78f455b","d0a50b1c-a334-4d26-9089-0f8d05063665","D17","BIGC","BIGC.AOS.reaeration.station.04","BIGC_S4_20170627","2017-06-27T17:54Z",1085,"2017-06-27T20:00:40Z",85.90,83.60,16.83,99.06,101.78,99.76,102.51
"15c78c9d-84d8-4369-877f-60c0ac244dd9","d0a50b1c-a334-4d26-9089-0f8d05063665","D17","BIGC","BIGC.AOS.reaeration.station.04","BIGC_S4_20170627","2017-06-27T17:54Z",2209,"2017-06-27T23:08:00Z",54.70,56.10,26.02,55.03,53.65,54.96,53.59
"3ec4849c-b962-4b10-97db-7ba94987fd4e","d0a50b1c-a334-4d26-9089-0f8d05063665","D17","BIGC","BIGC.AOS.reaeration.station.04","BIGC_S4_20170627","2017-06-27T17:54Z",2524,"2017-06-28T00:00:30Z",54.10,55.30,26.02,54.24,53.07,54.17,53.00
"68e59554-7f6d-4230-ae11-3c636fa2f956","d0a50b1c-a334-4d26-9089-0f8d05063665","D17","BIGC","BIGC.AOS.reaeration.station.04","BIGC_S4_20170627","2017-06-27T17:54Z",1607,"2017-06-27T21:27:40Z",50.40,51.30,23.91,52.39,51.47,52.46,51.54
"4317017f-603c-40bd-8b2f-4cdd0c66c65e","d0a50b1c-a334-4d26-9089-0f8d05063665","D17","BIGC","BIGC.AOS.reaeration.station.04","BIGC_S4_20170627","2017-06-27T17:54Z",302,"2017-06-27T17:50:10Z",79.20,76.60,14.23,96.44,99.71,97.18,100.48
"33d70f94-ba8b-44c3-8f9c-0023bc74761b","d0a50b1c-a334-4d26-9089-0f8d05063665","D17","BIGC","BIGC.AOS.reaeration.station.04","BIGC_S4_20170627","2017-06-27T17:54Z",1848,"2017-06-27T22:07:50Z",51.80,52.70,25.50,52.20,51.31,52.17,51.28
"252d23df-2873-453c-83d8-356c70a73fbd","d0a50b1c-a334-4d26-9089-0f8d05063665","D17","BIGC","BIGC.AOS.reaeration.station.04","BIGC_S4_20170627","2017-06-27T17:54Z",1090,"2017-06-27T20:01:30Z",86.10,84.00,16.84,99.51,102.00,100.22,102.72
"568d0cdf-5b27-4fa8-858a-9c537c1fabc5","d0a50b1c-a334-4d26-9089-0f8d05063665","D17","BIGC","BIGC.AOS.reaeration.station.04","BIGC_S4_20170627","2017-06-27T17:54Z",1445,"2017-06-27T21:00:40Z",49.00,49.90,21.38,53.61,52.64,53.82,52.85
"3a5c669a-89ae-4f08-aa1f-7c1b63334254","d0a50b1c-a334-4d26-9089-0f8d05063665","D17","BIGC","BIGC.AOS.reaeration.station.04","BIGC_S4_20170627","2017-06-27T17:54Z",940,"2017-06-27T19:36:30Z",87.40,85.60,16.37,102.49,104.65,103.24,105.41
"b16a8a0a-5b79-4a5d-ba47-9f336969b50b","d0a50b1c-a334-4d26-9089-0f8d05063665","D17","BIGC","BIGC.AOS.reaeration.station.04","BIGC_S4_20170627","2017-06-27T17:54Z",1301,"2017-06-27T20:36:40Z",91.30,89.60,17.56,104.44,106.42,105.15,107.15
"59a5ecb7-0049-4c03-9cee-0130e5ae41e1","d0a50b1c-a334-4d26-9089-0f8d05063665","D17","BIGC","BIGC.AOS.reaeration.station.04","BIGC_S4_20170627","2017-06-27T17:54Z",1086,"2017-06-27T20:00:50Z",85.90,83.60,16.83,99.06,101.78,99.76,102.51
"7c62638d-4969-4907-a7c4-ffde646a1528","d0a50b1c-a334-4d26-9089-0f8d05063665","D17","BIGC","BIGC.AOS.reaeration.station.04","BIGC_S4_20170627","2017-06-27T17:54Z",1140,"2017-06-27T20:09:50Z",89.40,87.80,17.01,103.61,105.50,104.34,106.24
"1ca1450c-922b-4ddf-8451-be2f29da18ec","d0a50b1c-a334-4d26-9089-0f8d05063665","D17","BIGC","BIGC.AOS.reaeration.station.04","BIGC_S4_20170627","2017-06-27T17:54Z",1558,"2017-06-27T21:19:30Z",50.20,51.30,23.36,52.96,51.82,53.06,51.92
"76aa2aaa-aff6-4248-91c3-4ba10e3c3a6d","d0a50b1c-a334-4d26-9089-0f8d05063665","D17","BIGC","BIGC.AOS.reaeration.station.04","BIGC_S4_20170627","2017-06-27T17:54Z",1768,"2017-06-27T21:54:30Z",51.10,52.00,25.10,51.90,51.00,51.89,51.00
"cf1c3205-6b74-4ec9-b3dd-6cefd6e6fc8c","d0a50b1c-a334-4d26-9089-0f8d05063665","D17","BIGC","BIGC.AOS.reaeration.station.04","BIGC_S4_20170627","2017-06-27T17:54Z",657,"2017-06-27T18:49:20Z",81.10,78.80,15.19,96.97,99.80,97.71,100.56
"54e2f2a6-cecd-4cc7-b2ae-cae385c22b74","d0a50b1c-a334-4d26-9089-0f8d05063665","D17","BIGC","BIGC.AOS.reaeration.station.04","BIGC_S4_20170627","2017-06-27T17:54Z",405,"2017-06-27T18:07:20Z",79.50,77.30,14.42,96.88,99.63,97.62,100.40
"7cce6452-69f5-45f2-a5c2-5a17039ee378","d0a50b1c-a334-4d26-9089-0f8d05063665","D17","BIGC","BIGC.AOS.reaeration.station.04","BIGC_S4_20170627","2017-06-27T17:54Z",559,"2017-06-27T18:33:00Z",80.30,78.10,14.82,96.95,99.68,97.69,100.45
"3b4ef11a-dfbf-4ba6-92e7-4ca2619ec227","d0a50b1c-a334-4d26-9089-0f8d05063665","D17","BIGC","BIGC.AOS.reaeration.station.04","BIGC_S4_20170627","2017-06-27T17:54Z",1900,"2017-06-27T22:16:30Z",52.30,52.70,25.68,52.02,51.63,51.98,51.59
"8a928345-c126-4b8b-b90e-484fd6a10f93","d0a50b1c-a334-4d26-9089-0f8d05063665","D17","BIGC","BIGC.AOS.reaeration.station.04","BIGC_S4_20170627","2017-06-27T17:54Z",1083,"2017-06-27T20:00:20Z",85.80,84.00,16.82,99.55,101.69,100.26,102.41
"374d045b-fb7c-4d39-bc5b-014b57746381","d0a50b1c-a334-4d26-9089-0f8d05063665","D17","BIGC","BIGC.AOS.reaeration.station.04","BIGC_S4_20170627","2017-06-27T17:54Z",1893,"2017-06-27T22:15:20Z",52.10,53.10,25.65,52.45,51.46,52.41,51.42
"8410753e-5a2f-4305-a464-d2b2bfe8d3e9","d0a50b1c-a334-4d26-9089-0f8d05063665","D17","BIGC","BIGC.AOS.reaeration.station.04","BIGC_S4_20170627","2017-06-27T17:54Z",1505,"2017-06-27T21:10:40Z",49.80,50.60,22.61,53.02,52.18,53.16,52.32
"e82a83d7-eca2-47b6-ae45-dc5d8854a1c8","d0a50b1c-a334-4d26-9089-0f8d05063665","D17","BIGC","BIGC.AOS.reaeration.station.04","BIGC_S4_20170627","2017-06-27T17:54Z",495,"2017-06-27T18:22:20Z",79.90,77.70,14.64,96.87,99.61,97.61,100.37
"e6d91dfc-b4d7-4790-a197-1c89bccdba4c","d0a50b1c-a334-4d26-9089-0f8d05063665","D17","BIGC","BIGC.AOS.reaeration.station.04","BIGC_S4_20170627","2017-06-27T17:54Z",1862,"2017-06-27T22:10:10Z",51.90,52.70,25.55,52.15,51.36,52.12,51.33
"e249cfb5-3fb1-44fc-8d9e-066eef12c541","d0a50b1c-a334-4d26-9089-0f8d05063665","D17","BIGC","BIGC.AOS.reaeration.station.04","BIGC_S4_20170627","2017-06-27T17:54Z",1116,"2017-06-27T20:05:50Z",88.30,86.30,16.94,102.00,104.37,102.73,105.11
"c17f2603-d803-42c9-89d0-03a7679164a1","d0a50b1c-a334-4d26-9089-0f8d05063665","D17","BIGC","BIGC.AOS.reaeration.station.04","BIGC_S4_20170627","2017-06-27T17:54Z",135,"2017-06-27T17:22:20Z",78.60,76.60,13.99,97.00,99.53,97.74,100.29
"a1b1a9f9-e26f-411f-95a5-f3344315cbd1","d0a50b1c-a334-4d26-9089-0f8d05063665","D17","BIGC","BIGC.AOS.reaeration.station.04","BIGC_S4_20170627","2017-06-27T17:54Z",2475,"2017-06-27T23:52:20Z",54.50,56.10,26.02,55.03,53.46,54.96,53.39
"fa51c0b9-b683-4f39-98de-3fd7dcaa09e9","d0a50b1c-a334-4d26-9089-0f8d05063665","D17","BIGC","BIGC.AOS.reaeration.station.04","BIGC_S4_20170627","2017-06-27T17:54Z",306,"2017-06-27T17:50:50Z",79.20,76.60,14.24,96.41,99.69,97.16,100.45
"a8e97761-ee95-4002-a0a3-d4f1e29a1e78","d0a50b1c-a334-4d26-9089-0f8d05063665","D17","BIGC","BIGC.AOS.reaeration.station.04","BIGC_S4_20170627","2017-06-27T17:54Z",1631,"2017-06-27T21:31:40Z",50.60,51.30,24.15,52.15,51.44,52.20,51.49
"21e390f0-18b4-486f-bf50-526302f24531","d0a50b1c-a334-4d26-9089-0f8d05063665","D17","BIGC","BIGC.AOS.reaeration.station.04","BIGC_S4_20170627","2017-06-27T17:54Z",1749,"2017-06-27T21:51:20Z",51.10,52.40,24.99,52.41,51.11,52.41,51.11
"2ea00fa6-114e-4cd6-81ef-0206e4d1a140","d0a50b1c-a334-4d26-9089-0f8d05063665","D17","BIGC","BIGC.AOS.reaeration.station.04","BIGC_S4_20170627","2017-06-27T17:54Z",51,"2017-06-27T17:08:20Z",78.50,76.20,13.89,96.73,99.64,97.47,100.41
"8ca81fcd-1cc8-49ae-96ae-4920a4588574","d0a50b1c-a334-4d26-9089-0f8d05063665","D17","BIGC","BIGC.AOS.reaeration.station.04","BIGC_S4_20170627","2017-06-27T17:54Z",1337,"2017-06-27T20:42:40Z",46.10,47.10,17.93,54.45,53.30,54.81,53.65
"c1b44e6c-3290-485a-b577-9cebeedfab7c","d0a50b1c-a334-4d26-9089-0f8d05063665","D17","BIGC","BIGC.AOS.reaeration.station.04","BIGC_S4_20170627","2017-06-27T17:54Z",1675,"2017-06-27T21:39:00Z",50.80,51.30,24.51,51.78,51.28,51.82,51.31
"dd51e3dd-4d91-4a58-aab3-5e18b7f5616e","d0a50b1c-a334-4d26-9089-0f8d05063665","D17","BIGC","BIGC.AOS.reaeration.station.04","BIGC_S4_20170627","2017-06-27T17:54Z",2267,"2017-06-27T23:17:40Z",55.00,56.10,26.02,55.03,53.95,54.96,53.88
"6087ca09-70ba-47e1-aef1-129777784a4d","d0a50b1c-a334-4d26-9089-0f8d05063665","D17","BIGC","BIGC.AOS.reaeration.station.04","BIGC_S4_20170627","2017-06-27T17:54Z",2272,"2017-06-27T23:18:30Z",54.90,56.10,26.02,55.03,53.85,54.96,53.78
"a3918195-2ed6-4de7-a7a9-80bc44937d99","d0a50b1c-a334-4d26-9089-0f8d05063665","D17","BIGC","BIGC.AOS.reaeration.station.04","BIGC_S4_20170627","2017-06-27T17:54Z",2630,"2017-06-28T00:18:10Z",39.70,41.10,24.78,41.27,39.87,41.28,39.88
"b5c35ba9-2433-4a86-8b56-024b19264495","d0a50b1c-a334-4d26-9089-0f8d05063665","D17","BIGC","BIGC.AOS.reaeration.station.04","BIGC_S4_20170627","2017-06-27T17:54Z",2423,"2017-06-27T23:43:40Z",54.80,56.10,26.01,55.04,53.76,54.97,53.69
"1a6890e5-b1cc-4d7e-afe7-2102b7121369","d0a50b1c-a334-4d26-9089-0f8d05063665","D17","BIGC","BIGC.AOS.reaeration.station.04","BIGC_S4_20170627","2017-06-27T17:54Z",1461,"2017-06-27T21:03:20Z",49.20,50.30,21.75,53.63,52.46,53.82,52.64
"22a7f137-91bd-4500-8bda-176f1f5d539c","d0a50b1c-a334-4d26-9089-0f8d05063665","D17","BIGC","BIGC.AOS.reaeration.station.04","BIGC_S4_20170627","2017-06-27T17:54Z",1701,"2017-06-27T21:43:20Z",50.90,52.00,24.70,52.30,51.19,52.32,51.21
"f5f30ecc-5d9d-4020-b3b2-bdcbaf90ee1c","d0a50b1c-a334-4d26-9089-0f8d05063665","D17","BIGC","BIGC.AOS.reaeration.station.04","BIGC_S4_20170627","2017-06-27T17:54Z",1911,"2017-06-27T22:18:20Z",52.40,53.10,25.71,52.39,51.70,52.34,51.65
"0389f925-e508-402b-a2cd-d0147afc823e","d0a50b1c-a334-4d26-9089-0f8d05063665","D17","BIGC","BIGC.AOS.reaeration.station.04","BIGC_S4_20170627","2017-06-27T17:54Z",2401,"2017-06-27T23:40:00Z",54.70,56.10,26.01,55.04,53.66,54.97,53.60
"54d8a74a-527f-4356-a89a-9f3bc211d309","d0a50b1c-a334-4d26-9089-0f8d05063665","D17","BIGC","BIGC.AOS.reaeration.station.04","BIGC_S4_20170627","2017-06-27T17:54Z",879,"2017-06-27T19:26:20Z",87.10,85.20,16.15,102.53,104.82,103.29,105.59
"3e6cf81d-fea7-45b9-9c6a-35f6c803a085","d0a50b1c-a334-4d26-9089-0f8d05063665","D17","BIGC","BIGC.AOS.reaeration.station.04","BIGC_S4_20170627","2017-06-27T17:54Z",1343,"2017-06-27T20:43:40Z",46.20,47.10,18.17,54.17,53.13,54.52,53.47
"b9266bd9-fb41-477b-ac38-4c0271c061e5","d0a50b1c-a334-4d26-9089-0f8d05063665","D17","BIGC","BIGC.AOS.reaeration.station.04","BIGC_S4_20170627","2017-06-27T17:54Z",1263,"2017-06-27T20:30:20Z",91.00,89.30,17.44,104.37,106.36,105.09,107.09
"61d605b2-b2ed-4f49-a7de-5e39fdaf3e11","d0a50b1c-a334-4d26-9089-0f8d05063665","D17","BIGC","BIGC.AOS.reaeration.station.04","BIGC_S4_20170627","2017-06-27T17:54Z",168,"2017-06-27T17:27:50Z",78.70,76.60,14.03,96.90,99.56,97.65,100.32
"36fb0753-b4da-4441-a707-0ff14d75e0c5","d0a50b1c-a334-4d26-9089-0f8d05063665","D17","BIGC","BIGC.AOS.reaeration.station.04","BIGC_S4_20170627","2017-06-27T17:54Z",481,"2017-06-27T18:20:00Z",79.90,77.30,14.58,96.51,99.75,97.25,100.52
"47d69b9e-5c53-48de-b85e-811832d4a6b4","d0a50b1c-a334-4d26-9089-0f8d05063665","D17","BIGC","BIGC.AOS.reaeration.station.04","BIGC_S4_20170627","2017-06-27T17:54Z",778,"2017-06-27T19:09:30Z",86.00,83.70,15.71,101.76,104.55,102.52,105.34
"b94c6e77-9666-4cad-9f07-b773f2ede752","d0a50b1c-a334-4d26-9089-0f8d05063665","D17","BIGC","BIGC.AOS.reaeration.station.04","BIGC_S4_20170627","2017-06-27T17:54Z",2222,"2017-06-27T23:10:10Z",54.70,55.70,26.02,54.64,53.65,54.57,53.59
"32c2540e-6bae-43ff-ae6a-015b5b740954","d0a50b1c-a334-4d26-9089-0f8d05063665","D17","BIGC","BIGC.AOS.reaeration.station.04","BIGC_S4_20170627","2017-06-27T17:54Z",2478,"2017-06-27T23:52:50Z",54.40,56.10,26.02,55.03,53.36,54.96,53.29
"85c7766d-a6b4-4531-baca-967c26542278","d0a50b1c-a334-4d26-9089-0f8d05063665","D17","BIGC","BIGC.AOS.reaeration.station.04","BIGC_S4_20170627","2017-06-27T17:54Z",1839,"2017-06-27T22:06:20Z",51.70,52.70,25.45,52.25,51.26,52.22,51.23
"4f22bd6d-4bb5-4388-9889-c045a9c4e1fa","d0a50b1c-a334-4d26-9089-0f8d05063665","D17","BIGC","BIGC.AOS.reaeration.station.04","BIGC_S4_20170627","2017-06-27T17:54Z",2271,"2017-06-27T23:18:20Z",54.90,56.50,26.02,55.42,53.85,55.35,53.78
"1878aa92-c647-48b0-81fc-0dee98f46b00","d0a50b1c-a334-4d26-9089-0f8d05063665","D17","BIGC","BIGC.AOS.reaeration.station.04","BIGC_S4_20170627","2017-06-27T17:54Z",202,"2017-06-27T17:33:30Z",78.90,76.60,14.09,96.76,99.67,97.51,100.43
"a7ed2ac1-1d85-46b9-a254-3264754d0c14","d0a50b1c-a334-4d26-9089-0f8d05063665","D17","BIGC","BIGC.AOS.reaeration.station.04","BIGC_S4_20170627","2017-06-27T17:54Z",1037,"2017-06-27T19:52:40Z",86.10,84.00,16.66,99.92,102.41,100.64,103.15
"e53c68e9-c50f-4432-ab02-a356fb3b3036","d0a50b1c-a334-4d26-9089-0f8d05063665","D17","BIGC","BIGC.AOS.reaeration.station.04","BIGC_S4_20170627","2017-06-27T17:54Z",2593,"2017-06-28T00:12:00Z",50.40,51.60,25.31,51.30,50.10,51.28,50.08
"5ef6517c-f1fd-4568-85ff-4c2d991a57b0","d0a50b1c-a334-4d26-9089-0f8d05063665","D17","BIGC","BIGC.AOS.reaeration.station.04","BIGC_S4_20170627","2017-06-27T17:54Z",151,"2017-06-27T17:25:00Z",78.70,76.60,14.00,96.97,99.63,97.72,100.40
"db8932b7-a6e0-4d38-a1c8-0ef32bc7eade","d0a50b1c-a334-4d26-9089-0f8d05063665","D17","BIGC","BIGC.AOS.reaeration.station.04","BIGC_S4_20170627","2017-06-27T17:54Z",1467,"2017-06-27T21:04:20Z",49.30,50.30,21.89,53.48,52.41,53.66,52.59
"ebf4b26c-be84-49e6-8dfe-343743206719","d0a50b1c-a334-4d26-9089-0f8d05063665","D17","BIGC","BIGC.AOS.reaeration.station.04","BIGC_S4_20170627","2017-06-27T17:54Z",2174,"2017-06-27T23:02:10Z",54.50,56.10,26.01,55.04,53.47,54.97,53.40
"559448d7-4e6d-4ff7-9d65-1295d43ba7c8","d0a50b1c-a334-4d26-9089-0f8d05063665","D17","BIGC","BIGC.AOS.reaeration.station.04","BIGC_S4_20170627","2017-06-27T17:54Z",2236,"2017-06-27T23:12:30Z",54.80,56.50,26.02,55.42,53.75,55.35,53.68
"bc217748-ad37-4da8-ad22-2b5cceff661e","d0a50b1c-a334-4d26-9089-0f8d05063665","D17","BIGC","BIGC.AOS.reaeration.station.04","BIGC_S4_20170627","2017-06-27T17:54Z",921,"2017-06-27T19:33:20Z",87.40,85.60,16.31,102.64,104.79,103.39,105.56
"c594e6b3-40b3-4e30-8a60-106fc8e206cf","d0a50b1c-a334-4d26-9089-0f8d05063665","D17","BIGC","BIGC.AOS.reaeration.station.04","BIGC_S4_20170627","2017-06-27T17:54Z",674,"2017-06-27T18:52:10Z",81.20,78.80,15.27,96.79,99.74,97.52,100.49
"adb89780-5cd7-4350-b0c8-8ea98550b583","d0a50b1c-a334-4d26-9089-0f8d05063665","D17","BIGC","BIGC.AOS.reaeration.station.04","BIGC_S4_20170627","2017-06-27T17:54Z",183,"2017-06-27T17:30:20Z",78.70,76.60,14.04,96.88,99.54,97.62,100.30
"11f8ae95-2a70-4857-adcd-8e6f05bff595","d0a50b1c-a334-4d26-9089-0f8d05063665","D17","BIGC","BIGC.AOS.reaeration.station.04","BIGC_S4_20170627","2017-06-27T17:54Z",219,"2017-06-27T17:36:20Z",78.90,76.60,14.14,96.65,99.55,97.39,100.31
"ef494347-4465-4355-950e-fe5e582f6a9d","d0a50b1c-a334-4d26-9089-0f8d05063665","D17","BIGC","BIGC.AOS.reaeration.station.04","BIGC_S4_20170627","2017-06-27T17:54Z",118,"2017-06-27T17:19:30Z",78.60,76.60,13.97,97.04,99.58,97.79,100.34
"205c79cb-9349-4227-98c5-f65970f86fc4","d0a50b1c-a334-4d26-9089-0f8d05063665","D17","BIGC","BIGC.AOS.reaeration.station.04","BIGC_S4_20170627","2017-06-27T17:54Z",214,"2017-06-27T17:35:30Z",78.90,76.60,14.11,96.72,99.62,97.46,100.39
"12e80c57-9a7a-4351-8bf0-aa0ebc815eff","d0a50b1c-a334-4d26-9089-0f8d05063665","D17","BIGC","BIGC.AOS.reaeration.station.04","BIGC_S4_20170627","2017-06-27T17:54Z",688,"2017-06-27T18:54:30Z",81.30,79.20,15.32,97.16,99.74,97.90,100.50
"31cdf312-2197-487b-b672-5534240f7af6","d0a50b1c-a334-4d26-9089-0f8d05063665","D17","BIGC","BIGC.AOS.reaeration.station.04","BIGC_S4_20170627","2017-06-27T17:54Z",1016,"2017-06-27T19:49:10Z",87.00,85.20,16.60,101.48,103.63,102.21,104.37
"61da6b1c-0797-4c9b-aecd-e4c2d633d6d4","d0a50b1c-a334-4d26-9089-0f8d05063665","D17","BIGC","BIGC.AOS.reaeration.station.04","BIGC_S4_20170627","2017-06-27T17:54Z",976,"2017-06-27T19:42:30Z",87.60,85.60,16.47,102.26,104.65,103.00,105.41
"6d503255-350a-4084-b5e4-cf5d19b55596","d0a50b1c-a334-4d26-9089-0f8d05063665","D17","BIGC","BIGC.AOS.reaeration.station.04","BIGC_S4_20170627","2017-06-27T17:54Z",2553,"2017-06-28T00:05:20Z",53.50,55.00,26.02,53.95,52.48,53.88,52.41
"21b9ce20-53ef-4bb9-9a68-f73d36a0d820","d0a50b1c-a334-4d26-9089-0f8d05063665","D17","BIGC","BIGC.AOS.reaeration.station.04","BIGC_S4_20170627","2017-06-27T17:54Z",344,"2017-06-27T17:57:10Z",79.40,77.00,14.30,96.78,99.80,97.52,100.56
"dee2f16b-bdba-47e5-9af5-b82b0d07d3ff","d0a50b1c-a334-4d26-9089-0f8d05063665","D17","BIGC","BIGC.AOS.reaeration.station.04","BIGC_S4_20170627","2017-06-27T17:54Z",90,"2017-06-27T17:14:50Z",78.50,76.20,13.93,96.63,99.55,97.37,100.31
"cfbd92e7-8044-4e70-b450-9002e7275f59","d0a50b1c-a334-4d26-9089-0f8d05063665","D17","BIGC","BIGC.AOS.reaeration.station.04","BIGC_S4_20170627","2017-06-27T17:54Z",2016,"2017-06-27T22:35:50Z",53.20,54.20,25.93,53.25,52.27,53.19,52.21
"7e3f93d2-ef0b-4c19-9c36-26fbe2931729","d0a50b1c-a334-4d26-9089-0f8d05063665","D17","BIGC","BIGC.AOS.reaeration.station.04","BIGC_S4_20170627","2017-06-27T17:54Z",1334,"2017-06-27T20:42:10Z",46.00,46.70,17.86,54.07,53.26,54.43,53.62
"52936e1d-2829-4022-b303-931010c987c9","d0a50b1c-a334-4d26-9089-0f8d05063665","D17","BIGC","BIGC.AOS.reaeration.station.04","BIGC_S4_20170627","2017-06-27T17:54Z",2019,"2017-06-27T22:36:20Z",53.30,54.60,25.93,53.65,52.37,53.58,52.31
"bdf1f3d0-e792-490c-a423-48e39daa0b5e","d0a50b1c-a334-4d26-9089-0f8d05063665","D17","BIGC","BIGC.AOS.reaeration.station.04","BIGC_S4_20170627","2017-06-27T17:54Z",927,"2017-06-27T19:34:20Z",87.40,85.60,16.33,102.59,104.75,103.34,105.51
"a0a61c10-0135-4072-9b0f-287365142e6d","d0a50b1c-a334-4d26-9089-0f8d05063665","D17","BIGC","BIGC.AOS.reaeration.station.04","BIGC_S4_20170627","2017-06-27T17:54Z",170,"2017-06-27T17:28:10Z",78.70,76.60,14.04,96.88,99.54,97.62,100.30
"bce15a88-5b90-4316-a175-80374051730a","d0a50b1c-a334-4d26-9089-0f8d05063665","D17","BIGC","BIGC.AOS.reaeration.station.04","BIGC_S4_20170627","2017-06-27T17:54Z",2534,"2017-06-28T00:02:10Z",54.00,55.70,26.02,54.64,52.97,54.57,52.90
"74996ae7-31db-46b6-94ad-e43ea18ced69","d0a50b1c-a334-4d26-9089-0f8d05063665","D17","BIGC","BIGC.AOS.reaeration.station.04","BIGC_S4_20170627","2017-06-27T17:54Z",782,"2017-06-27T19:10:10Z",86.00,83.70,15.75,101.66,104.45,102.42,105.24
"e9f7f640-bf8c-4e94-8438-83df82bbeda0","d0a50b1c-a334-4d26-9089-0f8d05063665","D17","BIGC","BIGC.AOS.reaeration.station.04","BIGC_S4_20170627","2017-06-27T17:54Z",1813,"2017-06-27T22:02:00Z",51.40,52.40,25.33,52.07,51.08,52.05,51.06
"6cc80102-6ae1-452d-8b9b-e6e2b807d303","d0a50b1c-a334-4d26-9089-0f8d05063665","D17","BIGC","BIGC.AOS.reaeration.station.04","BIGC_S4_20170627","2017-06-27T17:54Z",2572,"2017-06-28T00:08:30Z",53.30,54.60,26.03,53.55,52.27,53.48,52.20
"f038356c-49cf-4795-9b57-6a5de303fdd5","d0a50b1c-a334-4d26-9089-0f8d05063665","D17","BIGC","BIGC.AOS.reaeration.station.04","BIGC_S4_20170627","2017-06-27T17:54Z",1906,"2017-06-27T22:17:30Z",52.30,53.10,25.70,52.40,51.61,52.35,51.57
"0faa0e5b-57ec-42ce-9188-734d7f27247a","d0a50b1c-a334-4d26-9089-0f8d05063665","D17","BIGC","BIGC.AOS.reaeration.station.04","BIGC_S4_20170627","2017-06-27T17:54Z",2002,"2017-06-27T22:33:30Z",53.10,53.80,25.90,52.89,52.20,52.83,52.14
"79643136-c0de-4bc3-93ed-c5350b2453d0","d0a50b1c-a334-4d26-9089-0f8d05063665","D17","BIGC","BIGC.AOS.reaeration.station.04","BIGC_S4_20170627","2017-06-27T17:54Z",447,"2017-06-27T18:14:20Z",79.70,77.30,14.51,96.67,99.67,97.41,100.43
"2f9eb782-fded-4fae-8cf5-2451d85e4ae0","d0a50b1c-a334-4d26-9089-0f8d05063665","D17","BIGC","BIGC.AOS.reaeration.station.04","BIGC_S4_20170627","2017-06-27T17:54Z",531,"2017-06-27T18:28:20Z",80.10,77.70,14.73,96.66,99.65,97.40,100.41
"76ae05bf-c5bc-4382-a4be-4cb302f07386","d0a50b1c-a334-4d26-9089-0f8d05063665","D17","BIGC","BIGC.AOS.reaeration.station.04","BIGC_S4_20170627","2017-06-27T17:54Z",524,"2017-06-27T18:27:10Z",80.10,77.70,14.71,96.71,99.69,97.45,100.46
"c3244ae7-4807-4b6e-aa50-5c72d2f1f838","d0a50b1c-a334-4d26-9089-0f8d05063665","D17","BIGC","BIGC.AOS.reaeration.station.04","BIGC_S4_20170627","2017-06-27T17:54Z",1078,"2017-06-27T19:59:30Z",85.80,83.60,16.79,99.15,101.76,99.86,102.48
"5873d866-3745-478f-8181-34baf010c72d","d0a50b1c-a334-4d26-9089-0f8d05063665","D17","BIGC","BIGC.AOS.reaeration.station.04","BIGC_S4_20170627","2017-06-27T17:54Z",52,"2017-06-27T17:08:30Z",78.50,76.20,13.90,96.70,99.62,97.44,100.38
"15efba76-ad69-42ef-b21e-7424a133d2dd","d0a50b1c-a334-4d26-9089-0f8d05063665","D17","BIGC","BIGC.AOS.reaeration.station.04","BIGC_S4_20170627","2017-06-27T17:54Z",69,"2017-06-27T17:11:20Z",78.50,76.20,13.91,96.68,99.60,97.42,100.36
"f1d28488-2a8d-4b75-9014-ed9db03a6b99","d0a50b1c-a334-4d26-9089-0f8d05063665","D17","BIGC","BIGC.AOS.reaeration.station.04","BIGC_S4_20170627","2017-06-27T17:54Z",189,"2017-06-27T17:31:20Z",78.70,76.60,14.05,96.86,99.51,97.60,100.28
"4d307c63-a592-451b-b6b4-ee5bc5b25f5c","d0a50b1c-a334-4d26-9089-0f8d05063665","D17","BIGC","BIGC.AOS.reaeration.station.04","BIGC_S4_20170627","2017-06-27T17:54Z",2114,"2017-06-27T22:52:10Z",54.10,55.00,26.00,53.97,53.09,53.90,53.02
"522c8de9-f1a6-4122-a81b-8ed4b7734f03","d0a50b1c-a334-4d26-9089-0f8d05063665","D17","BIGC","BIGC.AOS.reaeration.station.04","BIGC_S4_20170627","2017-06-27T17:54Z",2030,"2017-06-27T22:38:10Z",53.40,54.60,25.95,53.63,52.45,53.56,52.39
"c5e92a6f-c6aa-4c68-9910-9ce820f7c167","d0a50b1c-a334-4d26-9089-0f8d05063665","D17","BIGC","BIGC.AOS.reaeration.station.04","BIGC_S4_20170627","2017-06-27T17:54Z",2628,"2017-06-28T00:17:50Z",40.50,41.80,24.78,41.98,40.67,41.99,40.68
"c719be2d-7a99-43b6-841e-c587a8169dca","d0a50b1c-a334-4d26-9089-0f8d05063665","D17","BIGC","BIGC.AOS.reaeration.station.04","BIGC_S4_20170627","2017-06-27T17:54Z",748,"2017-06-27T19:04:30Z",85.10,83.00,15.59,101.19,103.75,101.95,104.53
"dfc116c4-29af-407e-8156-2df59ab01f93","d0a50b1c-a334-4d26-9089-0f8d05063665","D17","BIGC","BIGC.AOS.reaeration.station.04","BIGC_S4_20170627","2017-06-27T17:54Z",2403,"2017-06-27T23:40:20Z",54.80,56.10,26.01,55.04,53.76,54.97,53.69
"3ad7f3f3-146c-4c58-a86f-6b74256b34c5","d0a50b1c-a334-4d26-9089-0f8d05063665","D17","BIGC","BIGC.AOS.reaeration.station.04","BIGC_S4_20170627","2017-06-27T17:54Z",1411,"2017-06-27T20:55:00Z",48.30,49.20,20.45,53.88,52.90,54.14,53.15
"a1a0f8ca-318b-481d-be11-6b85a13d50f2","d0a50b1c-a334-4d26-9089-0f8d05063665","D17","BIGC","BIGC.AOS.reaeration.station.04","BIGC_S4_20170627","2017-06-27T17:54Z",1506,"2017-06-27T21:10:50Z",49.80,50.60,22.62,53.01,52.17,53.15,52.31
"3a9153f0-5e85-4997-abf2-ac93a0ab2616","d0a50b1c-a334-4d26-9089-0f8d05063665","D17","BIGC","BIGC.AOS.reaeration.station.04","BIGC_S4_20170627","2017-06-27T17:54Z",1889,"2017-06-27T22:14:40Z",52.20,53.10,25.64,52.46,51.57,52.42,51.53
"9099368d-a555-42cc-860c-92312b0c9469","d0a50b1c-a334-4d26-9089-0f8d05063665","D17","BIGC","BIGC.AOS.reaeration.station.04","BIGC_S4_20170627","2017-06-27T17:54Z",835,"2017-06-27T19:19:00Z",86.80,84.80,15.97,102.47,104.89,103.24,105.67
"068d628d-cf84-4424-8112-614de9d176cf","d0a50b1c-a334-4d26-9089-0f8d05063665","D17","BIGC","BIGC.AOS.reaeration.station.04","BIGC_S4_20170627","2017-06-27T17:54Z",2017,"2017-06-27T22:36:00Z",53.30,54.20,25.93,53.25,52.37,53.19,52.31
"8948e861-9ca2-4f59-9ff6-62b1160ac5ff","d0a50b1c-a334-4d26-9089-0f8d05063665","D17","BIGC","BIGC.AOS.reaeration.station.04","BIGC_S4_20170627","2017-06-27T17:54Z",636,"2017-06-27T18:45:50Z",80.90,78.40,15.11,96.66,99.74,97.40,100.50
"bed3865d-6f90-4163-b461-d301cecf8d6f","d0a50b1c-a334-4d26-9089-0f8d05063665","D17","BIGC","BIGC.AOS.reaeration.station.04","BIGC_S4_20170627","2017-06-27T17:54Z",1961,"2017-06-27T22:26:40Z",52.80,53.80,25.83,52.96,51.98,52.91,51.92
"1d658670-5c10-4465-ba12-dd387529ba8c","d0a50b1c-a334-4d26-9089-0f8d05063665","D17","BIGC","BIGC.AOS.reaeration.station.04","BIGC_S4_20170627","2017-06-27T17:54Z",1685,"2017-06-27T21:40:40Z",50.80,51.60,24.59,52.01,51.20,52.03,51.23
"65a6f294-7631-495a-ba0b-920134f89f4d","d0a50b1c-a334-4d26-9089-0f8d05063665","D17","BIGC","BIGC.AOS.reaeration.station.04","BIGC_S4_20170627","2017-06-27T17:54Z",82,"2017-06-27T17:13:30Z",78.50,76.20,13.92,96.65,99.57,97.40,100.34
"4d2aa75c-b966-4570-8a5a-79e7e5e43963","d0a50b1c-a334-4d26-9089-0f8d05063665","D17","BIGC","BIGC.AOS.reaeration.station.04","BIGC_S4_20170627","2017-06-27T17:54Z",93,"2017-06-27T17:15:20Z",78.50,76.20,13.95,96.58,99.50,97.33,100.26
"fcdcbbb3-b7ae-4abc-b491-e98cc15649ed","d0a50b1c-a334-4d26-9089-0f8d05063665","D17","BIGC","BIGC.AOS.reaeration.station.04","BIGC_S4_20170627","2017-06-27T17:54Z",537,"2017-06-27T18:29:20Z",80.10,77.70,14.76,96.59,99.58,97.33,100.34
"47a9874e-10a3-46db-84ba-471adce7c0de","d0a50b1c-a334-4d26-9089-0f8d05063665","D17","BIGC","BIGC.AOS.reaeration.station.04","BIGC_S4_20170627","2017-06-27T17:54Z",91,"2017-06-27T17:15:00Z",78.50,75.90,13.93,96.25,99.55,96.99,100.31
"4690e9e7-58af-452e-ba16-1857eec7231c","d0a50b1c-a334-4d26-9089-0f8d05063665","D17","BIGC","BIGC.AOS.reaeration.station.04","BIGC_S4_20170627","2017-06-27T17:54Z",206,"2017-06-27T17:34:10Z",78.80,76.60,14.11,96.72,99.49,97.46,100.26
"83b5eefd-1619-452a-bf26-f8f5380f25b0","d0a50b1c-a334-4d26-9089-0f8d05063665","D17","BIGC","BIGC.AOS.reaeration.station.04","BIGC_S4_20170627","2017-06-27T17:54Z",1676,"2017-06-27T21:39:10Z",50.80,51.60,24.52,52.08,51.27,52.11,51.30
"75b2cfc1-0625-4732-b6a7-df0a1ebbd0b2","d0a50b1c-a334-4d26-9089-0f8d05063665","D17","BIGC","BIGC.AOS.reaeration.station.04","BIGC_S4_20170627","2017-06-27T17:54Z",2108,"2017-06-27T22:51:10Z",53.80,55.00,26.00,53.97,52.79,53.90,52.73
"fd967310-5abd-4bca-974a-ae1a2a26fa34","d0a50b1c-a334-4d26-9089-0f8d05063665","D17","BIGC","BIGC.AOS.reaeration.station.04","BIGC_S4_20170627","2017-06-27T17:54Z",540,"2017-06-27T18:29:50Z",80.10,77.70,14.76,96.59,99.58,97.33,100.34
"c08dec98-e636-4914-9ce2-98b210a38b95","d0a50b1c-a334-4d26-9089-0f8d05063665","D17","BIGC","BIGC.AOS.reaeration.station.04","BIGC_S4_20170627","2017-06-27T17:54Z",752,"2017-06-27T19:05:10Z",85.30,83.30,15.60,101.53,103.97,102.29,104.75
"c52ffdff-7c6a-4fe4-b90a-ffd19e598c7f","d0a50b1c-a334-4d26-9089-0f8d05063665","D17","BIGC","BIGC.AOS.reaeration.station.04","BIGC_S4_20170627","2017-06-27T17:54Z",1115,"2017-06-27T20:05:40Z",88.30,86.30,16.93,102.03,104.39,102.75,105.13
"563a80b8-6c67-4abd-b829-e4d1eddce9ca","d0a50b1c-a334-4d26-9089-0f8d05063665","D17","BIGC","BIGC.AOS.reaeration.station.04","BIGC_S4_20170627","2017-06-27T17:54Z",1727,"2017-06-27T21:47:40Z",51.20,52.40,24.85,52.55,51.35,52.56,51.36
"ea425929-f741-4615-ab0d-ab1c23c295a4","d0a50b1c-a334-4d26-9089-0f8d05063665","D17","BIGC","BIGC.AOS.reaeration.station.04","BIGC_S4_20170627","2017-06-27T17:54Z",1007,"2017-06-27T19:47:40Z",87.40,85.50,16.58,101.89,104.15,102.62,104.90
"8465ce48-1ace-489f-96a2-08aada0be93c","d0a50b1c-a334-4d26-9089-0f8d05063665","D17","BIGC","BIGC.AOS.reaeration.station.04","BIGC_S4_20170627","2017-06-27T17:54Z",2147,"2017-06-27T22:57:40Z",54.30,55.30,26.00,54.26,53.28,54.20,53.22
"e120246b-7334-4ca4-b79a-61bb99299f71","d0a50b1c-a334-4d26-9089-0f8d05063665","D17","BIGC","BIGC.AOS.reaeration.station.04","BIGC_S4_20170627","2017-06-27T17:54Z",517,"2017-06-27T18:26:00Z",80.10,77.70,14.68,96.78,99.76,97.52,100.53
"cf37c2bf-9aac-43ee-91de-20984217d530","d0a50b1c-a334-4d26-9089-0f8d05063665","D17","BIGC","BIGC.AOS.reaeration.station.04","BIGC_S4_20170627","2017-06-27T17:54Z",1356,"2017-06-27T20:45:50Z",46.20,47.10,18.38,53.92,52.89,54.26,53.22
"0a4e5157-b94b-4e58-acf0-d0a5f070e9dc","d0a50b1c-a334-4d26-9089-0f8d05063665","D17","BIGC","BIGC.AOS.reaeration.station.04","BIGC_S4_20170627","2017-06-27T17:54Z",2229,"2017-06-27T23:11:20Z",54.80,56.10,26.02,55.03,53.75,54.96,53.68
"1c3196b9-e87d-45b0-9f57-1f99bb31126f","d0a50b1c-a334-4d26-9089-0f8d05063665","D17","BIGC","BIGC.AOS.reaeration.station.04","BIGC_S4_20170627","2017-06-27T17:54Z",1047,"2017-06-27T19:54:20Z",85.60,83.60,16.70,99.35,101.73,100.06,102.46
"ab88c23a-ebcb-4d31-a349-47387403aa1e","d0a50b1c-a334-4d26-9089-0f8d05063665","D17","BIGC","BIGC.AOS.reaeration.station.04","BIGC_S4_20170627","2017-06-27T17:54Z",2326,"2017-06-27T23:27:30Z",54.90,56.10,26.01,55.04,53.86,54.97,53.79
"ef6b80dc-4410-49eb-a912-0e71465a841f","d0a50b1c-a334-4d26-9089-0f8d05063665","D17","BIGC","BIGC.AOS.reaeration.station.04","BIGC_S4_20170627","2017-06-27T17:54Z",2546,"2017-06-28T00:04:10Z",53.80,55.00,26.02,53.95,52.77,53.88,52.70
"4512e610-903e-4a39-9fbe-116cabbc6139","d0a50b1c-a334-4d26-9089-0f8d05063665","D17","BIGC","BIGC.AOS.reaeration.station.04","BIGC_S4_20170627","2017-06-27T17:54Z",2372,"2017-06-27T23:35:10Z",54.80,56.50,26.01,55.43,53.76,55.36,53.69
"abc8df73-e676-49c8-8a45-e993f3344de1","d0a50b1c-a334-4d26-9089-0f8d05063665","D17","BIGC","BIGC.AOS.reaeration.station.04","BIGC_S4_20170627","2017-06-27T17:54Z",24,"2017-06-27T17:03:50Z",78.50,76.20,13.87,96.77,99.69,97.51,100.46
"9b70dbb2-e5e4-49fd-b074-6f886aeaeb2b","d0a50b1c-a334-4d26-9089-0f8d05063665","D17","BIGC","BIGC.AOS.reaeration.station.04","BIGC_S4_20170627","2017-06-27T17:54Z",683,"2017-06-27T18:53:40Z",81.30,78.80,15.30,96.72,99.79,97.45,100.54
"f3cb0ae4-a21b-4b16-a11b-f476bdb9cefe","d0a50b1c-a334-4d26-9089-0f8d05063665","D17","BIGC","BIGC.AOS.reaeration.station.04","BIGC_S4_20170627","2017-06-27T17:54Z",530,"2017-06-27T18:28:10Z",80.10,77.70,14.73,96.66,99.65,97.40,100.41
"7315cd2e-f3de-4ab7-b57d-ab8c0850ed3e","d0a50b1c-a334-4d26-9089-0f8d05063665","D17","BIGC","BIGC.AOS.reaeration.station.04","BIGC_S4_20170627","2017-06-27T17:54Z",315,"2017-06-27T17:52:20Z",79.20,77.00,14.26,96.87,99.64,97.62,100.40
"7a166a65-7a6e-470b-9be0-a782f6cf4eff","d0a50b1c-a334-4d26-9089-0f8d05063665","D17","BIGC","BIGC.AOS.reaeration.station.04","BIGC_S4_20170627","2017-06-27T17:54Z",1755,"2017-06-27T21:52:20Z",51.10,52.00,25.02,51.98,51.08,51.98,51.08
"088e6577-a19c-4317-9e2d-0e93aa948e6f","d0a50b1c-a334-4d26-9089-0f8d05063665","D17","BIGC","BIGC.AOS.reaeration.station.04","BIGC_S4_20170627","2017-06-27T17:54Z",380,"2017-06-27T18:03:10Z",79.40,77.00,14.36,96.64,99.65,97.38,100.42
"9aa2866b-3ca4-46f6-91c1-b3bf2e1a20b8","d0a50b1c-a334-4d26-9089-0f8d05063665","D17","BIGC","BIGC.AOS.reaeration.station.04","BIGC_S4_20170627","2017-06-27T17:54Z",1712,"2017-06-27T21:45:10Z",50.90,51.60,24.77,51.83,51.12,51.84,51.14
"9749135b-34f7-495a-93ec-6b8fda0d1fbb","d0a50b1c-a334-4d26-9089-0f8d05063665","D17","BIGC","BIGC.AOS.reaeration.station.04","BIGC_S4_20170627","2017-06-27T17:54Z",1556,"2017-06-27T21:19:10Z",50.30,51.00,23.34,52.67,51.95,52.77,52.05
"6ac3d6fa-ec1c-47e2-8011-ba0b16d90e33","d0a50b1c-a334-4d26-9089-0f8d05063665","D17","BIGC","BIGC.AOS.reaeration.station.04","BIGC_S4_20170627","2017-06-27T17:54Z",973,"2017-06-27T19:42:00Z",87.60,85.60,16.46,102.28,104.67,103.03,105.44
"05ddb514-2b1c-45b5-962e-42e3764de43b","d0a50b1c-a334-4d26-9089-0f8d05063665","D17","BIGC","BIGC.AOS.reaeration.station.04","BIGC_S4_20170627","2017-06-27T17:54Z",1614,"2017-06-27T21:28:50Z",50.50,51.30,23.98,52.32,51.50,52.38,51.57
"a50f69dd-d4cc-4204-bc2e-40875a5fb90c","d0a50b1c-a334-4d26-9089-0f8d05063665","D17","BIGC","BIGC.AOS.reaeration.station.04","BIGC_S4_20170627","2017-06-27T17:54Z",814,"2017-06-27T19:15:30Z",86.60,84.50,15.89,102.30,104.84,103.06,105.62
"83b367f6-db50-45de-9fe0-2c4546539978","d0a50b1c-a334-4d26-9089-0f8d05063665","D17","BIGC","BIGC.AOS.reaeration.station.04","BIGC_S4_20170627","2017-06-27T17:54Z",1780,"2017-06-27T21:56:30Z",51.20,52.40,25.16,52.24,51.04,52.23,51.03
"99b93fdf-3e28-4026-a051-44ca2072b203","d0a50b1c-a334-4d26-9089-0f8d05063665","D17","BIGC","BIGC.AOS.reaeration.station.04","BIGC_S4_20170627","2017-06-27T17:54Z",2429,"2017-06-27T23:44:40Z",54.70,56.10,26.01,55.04,53.66,54.97,53.60
"4224d076-c5b1-4c19-8816-42eb15953063","d0a50b1c-a334-4d26-9089-0f8d05063665","D17","BIGC","BIGC.AOS.reaeration.station.04","BIGC_S4_20170627","2017-06-27T17:54Z",1407,"2017-06-27T20:54:20Z",48.20,49.20,20.31,54.04,52.94,54.31,53.20
"0edcd3fe-e150-4d47-98ea-812f60e80e5e","d0a50b1c-a334-4d26-9089-0f8d05063665","D17","BIGC","BIGC.AOS.reaeration.station.04","BIGC_S4_20170627","2017-06-27T17:54Z",1026,"2017-06-27T19:50:50Z",86.70,84.80,16.63,100.94,103.20,101.66,103.94
"0e088282-f795-4025-9f03-32d3e55b0119","d0a50b1c-a334-4d26-9089-0f8d05063665","D17","BIGC","BIGC.AOS.reaeration.station.04","BIGC_S4_20170627","2017-06-27T17:54Z",2378,"2017-06-27T23:36:10Z",55.00,56.50,26.01,55.43,53.96,55.36,53.89
"ef4ab8d5-f0c9-4003-b034-bda871267ea8","d0a50b1c-a334-4d26-9089-0f8d05063665","D17","BIGC","BIGC.AOS.reaeration.station.04","BIGC_S4_20170627","2017-06-27T17:54Z",1061,"2017-06-27T19:56:40Z",85.40,83.20,16.75,98.76,101.37,99.47,102.10
"748cbbef-ded1-4de6-8f42-c9bb42583b9f","d0a50b1c-a334-4d26-9089-0f8d05063665","D17","BIGC","BIGC.AOS.reaeration.station.04","BIGC_S4_20170627","2017-06-27T17:54Z",942,"2017-06-27T19:36:50Z",87.40,85.60,16.38,102.47,104.63,103.22,105.39
"bbb22328-d13e-4ea0-af0e-e83e3b96e52f","d0a50b1c-a334-4d26-9089-0f8d05063665","D17","BIGC","BIGC.AOS.reaeration.station.04","BIGC_S4_20170627","2017-06-27T17:54Z",2396,"2017-06-27T23:39:10Z",54.80,56.10,26.01,55.04,53.76,54.97,53.69
"00a8defb-876e-42a7-bb30-49b35b023c17","d0a50b1c-a334-4d26-9089-0f8d05063665","D17","BIGC","BIGC.AOS.reaeration.station.04","BIGC_S4_20170627","2017-06-27T17:54Z",1509,"2017-06-27T21:11:20Z",49.90,50.60,22.67,52.96,52.22,53.10,52.36
"2de9668b-2bd6-4e1c-a2a1-bd384ed49f65","d0a50b1c-a334-4d26-9089-0f8d05063665","D17","BIGC","BIGC.AOS.reaeration.station.04","BIGC_S4_20170627","2017-06-27T17:54Z",2391,"2017-06-27T23:38:20Z",54.80,56.10,26.01,55.04,53.76,54.97,53.69
"11d333e6-5346-49a6-a85d-1aecfcc499c3","d0a50b1c-a334-4d26-9089-0f8d05063665","D17","BIGC","BIGC.AOS.reaeration.station.04","BIGC_S4_20170627","2017-06-27T17:54Z",2415,"2017-06-27T23:42:20Z",54.70,56.10,26.01,55.04,53.66,54.97,53.60
"3c9110bf-8eaf-46e0-b861-033b2a91ad91","d0a50b1c-a334-4d26-9089-0f8d05063665","D17","BIGC","BIGC.AOS.reaeration.station.04","BIGC_S4_20170627","2017-06-27T17:54Z",1267,"2017-06-27T20:31:00Z",91.00,89.30,17.44,104.37,106.36,105.09,107.09
"a2d40de3-9326-42d4-a565-8f9fcaff50b7","d0a50b1c-a334-4d26-9089-0f8d05063665","D17","BIGC","BIGC.AOS.reaeration.station.04","BIGC_S4_20170627","2017-06-27T17:54Z",1791,"2017-06-27T21:58:20Z",51.30,52.40,25.22,52.18,51.09,52.17,51.07
"c98392fb-dd10-4906-be61-240b13f70a85","d0a50b1c-a334-4d26-9089-0f8d05063665","D17","BIGC","BIGC.AOS.reaeration.station.04","BIGC_S4_20170627","2017-06-27T17:54Z",1158,"2017-06-27T20:12:50Z",89.90,88.20,17.07,103.94,105.95,104.67,106.69
"53e3c5c6-267f-4243-9d08-7f7861b5ef6d","d0a50b1c-a334-4d26-9089-0f8d05063665","D17","BIGC","BIGC.AOS.reaeration.station.04","BIGC_S4_20170627","2017-06-27T17:54Z",2607,"2017-06-28T00:14:20Z",47.40,49.00,25.04,48.96,47.36,48.96,47.36
"11279dab-eb42-4161-b4fc-409140ac349e","d0a50b1c-a334-4d26-9089-0f8d05063665","D17","BIGC","BIGC.AOS.reaeration.station.04","BIGC_S4_20170627","2017-06-27T17:54Z",1990,"2017-06-27T22:31:30Z",53.10,54.20,25.89,53.29,52.21,53.23,52.15
"df003700-febb-49eb-8e08-fcf94b1f71e8","d0a50b1c-a334-4d26-9089-0f8d05063665","D17","BIGC","BIGC.AOS.reaeration.station.04","BIGC_S4_20170627","2017-06-27T17:54Z",2419,"2017-06-27T23:43:00Z",54.80,56.10,26.01,55.04,53.76,54.97,53.69
"53a772e4-e22f-48ea-bd19-dc21d50d1a19","d0a50b1c-a334-4d26-9089-0f8d05063665","D17","BIGC","BIGC.AOS.reaeration.station.04","BIGC_S4_20170627","2017-06-27T17:54Z",177,"2017-06-27T17:29:20Z",78.70,76.60,14.03,96.90,99.56,97.65,100.32
"ada1ff0c-6023-4612-b8e8-eb0f42b49d7d","d0a50b1c-a334-4d26-9089-0f8d05063665","D17","BIGC","BIGC.AOS.reaeration.station.04","BIGC_S4_20170627","2017-06-27T17:54Z",464,"2017-06-27T18:17:10Z",79.80,77.30,14.54,96.60,99.72,97.34,100.49
"6db1fb3c-f3ec-4ba3-9816-bb119f977dd6","d0a50b1c-a334-4d26-9089-0f8d05063665","D17","BIGC","BIGC.AOS.reaeration.station.04","BIGC_S4_20170627","2017-06-27T17:54Z",367,"2017-06-27T18:01:00Z",79.40,77.00,14.34,96.69,99.70,97.43,100.47
"7df2c21f-6174-419c-b86a-498db460be61","d0a50b1c-a334-4d26-9089-0f8d05063665","D17","BIGC","BIGC.AOS.reaeration.station.04","BIGC_S4_20170627","2017-06-27T17:54Z",253,"2017-06-27T17:42:00Z",79.00,77.00,14.15,97.13,99.65,97.87,100.42
"b3a27c7b-1a3e-4ea7-9389-48fd4f1ce7d4","d0a50b1c-a334-4d26-9089-0f8d05063665","D17","BIGC","BIGC.AOS.reaeration.station.04","BIGC_S4_20170627","2017-06-27T17:54Z",790,"2017-06-27T19:11:30Z",86.20,84.10,15.78,102.08,104.62,102.84,105.41
"0b818965-2bd5-40f3-9a8f-ee05e2b07684","d0a50b1c-a334-4d26-9089-0f8d05063665","D17","BIGC","BIGC.AOS.reaeration.station.04","BIGC_S4_20170627","2017-06-27T17:54Z",1167,"2017-06-27T20:14:20Z",90.20,88.20,17.10,103.87,106.23,104.60,106.97
"7c323bb9-b9ff-4a7c-88b2-b44409cd09bf","d0a50b1c-a334-4d26-9089-0f8d05063665","D17","BIGC","BIGC.AOS.reaeration.station.04","BIGC_S4_20170627","2017-06-27T17:54Z",1947,"2017-06-27T22:24:20Z",52.70,53.50,25.81,52.68,51.90,52.63,51.84
"c914cd58-85a6-4786-9c68-2e63460c46ae","d0a50b1c-a334-4d26-9089-0f8d05063665","D17","BIGC","BIGC.AOS.reaeration.station.04","BIGC_S4_20170627","2017-06-27T17:54Z",901,"2017-06-27T19:30:00Z",87.20,85.20,16.23,102.34,104.75,103.10,105.52
"bf869c80-872b-41bb-9a4a-cfb0a324c7fe","d0a50b1c-a334-4d26-9089-0f8d05063665","D17","BIGC","BIGC.AOS.reaeration.station.04","BIGC_S4_20170627","2017-06-27T17:54Z",199,"2017-06-27T17:33:00Z",78.80,76.60,14.06,96.83,99.61,97.58,100.38
"0e6174e6-6201-4afd-aa7a-e19972d7cda4","d0a50b1c-a334-4d26-9089-0f8d05063665","D17","BIGC","BIGC.AOS.reaeration.station.04","BIGC_S4_20170627","2017-06-27T17:54Z",1175,"2017-06-27T20:15:40Z",90.30,88.50,17.14,104.13,106.25,104.86,106.99
"2b54ef84-e287-4c33-a3b1-5f7a385afd1d","d0a50b1c-a334-4d26-9089-0f8d05063665","D17","BIGC","BIGC.AOS.reaeration.station.04","BIGC_S4_20170627","2017-06-27T17:54Z",665,"2017-06-27T18:50:40Z",81.20,78.80,15.22,96.90,99.85,97.64,100.61
"27506f12-1512-45a1-b1e5-da41a1b713f9","d0a50b1c-a334-4d26-9089-0f8d05063665","D17","BIGC","BIGC.AOS.reaeration.station.04","BIGC_S4_20170627","2017-06-27T17:54Z",562,"2017-06-27T18:33:30Z",80.40,78.10,14.83,96.93,99.78,97.67,100.55
"b1a39b63-8334-4759-897c-a4fb810647e4","d0a50b1c-a334-4d26-9089-0f8d05063665","D17","BIGC","BIGC.AOS.reaeration.station.04","BIGC_S4_20170627","2017-06-27T17:54Z",521,"2017-06-27T18:26:40Z",80.10,77.70,14.71,96.71,99.69,97.45,100.46
"86f85d04-5296-4896-b6fe-e7e688ba50b0","d0a50b1c-a334-4d26-9089-0f8d05063665","D17","BIGC","BIGC.AOS.reaeration.station.04","BIGC_S4_20170627","2017-06-27T17:54Z",1883,"2017-06-27T22:13:40Z",52.10,53.10,25.63,52.47,51.48,52.43,51.44
"0be964df-16d3-4560-879f-2ee5126400fb","d0a50b1c-a334-4d26-9089-0f8d05063665","D17","BIGC","BIGC.AOS.reaeration.station.04","BIGC_S4_20170627","2017-06-27T17:54Z",658,"2017-06-27T18:49:30Z",81.10,78.80,15.20,96.95,99.78,97.68,100.53
"0fde9dd2-ee88-45f4-9bbf-ca78fc15e51d","d0a50b1c-a334-4d26-9089-0f8d05063665","D17","BIGC","BIGC.AOS.reaeration.station.04","BIGC_S4_20170627","2017-06-27T17:54Z",307,"2017-06-27T17:51:00Z",79.20,77.00,14.24,96.92,99.69,97.66,100.45
"eaf9feda-557d-456e-b4db-d48b11015f87","d0a50b1c-a334-4d26-9089-0f8d05063665","D17","BIGC","BIGC.AOS.reaeration.station.04","BIGC_S4_20170627","2017-06-27T17:54Z",1278,"2017-06-27T20:32:50Z",91.20,89.30,17.47,104.30,106.52,105.01,107.25
"9596c751-f377-43df-8646-b34b3d6ea739","d0a50b1c-a334-4d26-9089-0f8d05063665","D17","BIGC","BIGC.AOS.reaeration.station.04","BIGC_S4_20170627","2017-06-27T17:54Z",1406,"2017-06-27T20:54:10Z",48.20,48.90,20.28,53.75,52.98,54.01,53.24
"e7929d80-d105-481d-b922-804e963e1eca","d0a50b1c-a334-4d26-9089-0f8d05063665","D17","BIGC","BIGC.AOS.reaeration.station.04","BIGC_S4_20170627","2017-06-27T17:54Z",2388,"2017-06-27T23:37:50Z",54.80,56.10,26.01,55.04,53.76,54.97,53.69
"013b73e0-ca6a-4d69-a847-03f0645a7af7","d0a50b1c-a334-4d26-9089-0f8d05063665","D17","BIGC","BIGC.AOS.reaeration.station.04","BIGC_S4_20170627","2017-06-27T17:54Z",1920,"2017-06-27T22:19:50Z",52.40,53.50,25.74,52.75,51.67,52.71,51.62
"c18e4125-5286-4364-a921-e276b20c854a","d0a50b1c-a334-4d26-9089-0f8d05063665","D17","BIGC","BIGC.AOS.reaeration.station.04","BIGC_S4_20170627","2017-06-27T17:54Z",708,"2017-06-27T18:57:50Z",81.70,79.20,15.41,96.96,100.02,97.69,100.78
"1e817f6f-1225-4f23-9c77-ecd704375e9a","d0a50b1c-a334-4d26-9089-0f8d05063665","D17","BIGC","BIGC.AOS.reaeration.station.04","BIGC_S4_20170627","2017-06-27T17:54Z",2409,"2017-06-27T23:41:20Z",54.80,56.10,26.01,55.04,53.76,54.97,53.69
"160b4207-219e-46ea-8821-4883e3a51783","d0a50b1c-a334-4d26-9089-0f8d05063665","D17","BIGC","BIGC.AOS.reaeration.station.04","BIGC_S4_20170627","2017-06-27T17:54Z",1291,"2017-06-27T20:35:00Z",91.10,89.30,17.52,104.18,106.28,104.89,107.01
"0deff205-e88a-456d-8c11-5bc9266d9e8c","d0a50b1c-a334-4d26-9089-0f8d05063665","D17","BIGC","BIGC.AOS.reaeration.station.04","BIGC_S4_20170627","2017-06-27T17:54Z",936,"2017-06-27T19:35:50Z",87.40,85.60,16.35,102.54,104.70,103.29,105.46
"8f60da49-bae3-485f-887c-8d30d97dfaa6","d0a50b1c-a334-4d26-9089-0f8d05063665","D17","BIGC","BIGC.AOS.reaeration.station.04","BIGC_S4_20170627","2017-06-27T17:54Z",114,"2017-06-27T17:18:50Z",78.60,76.20,13.96,96.56,99.60,97.30,100.37
"859cea29-df09-4df2-adf4-61167a928ce0","d0a50b1c-a334-4d26-9089-0f8d05063665","D17","BIGC","BIGC.AOS.reaeration.station.04","BIGC_S4_20170627","2017-06-27T17:54Z",588,"2017-06-27T18:37:50Z",80.60,78.10,14.92,96.72,99.82,97.46,100.58
"5f2ca100-9870-4649-9407-0222cbfbad56","d0a50b1c-a334-4d26-9089-0f8d05063665","D17","BIGC","BIGC.AOS.reaeration.station.04","BIGC_S4_20170627","2017-06-27T17:54Z",1401,"2017-06-27T20:53:20Z",48.00,48.90,20.11,53.94,52.95,54.21,53.21
"cee6e2d0-c1ff-45ac-be50-c65c39755ee8","d0a50b1c-a334-4d26-9089-0f8d05063665","D17","BIGC","BIGC.AOS.reaeration.station.04","BIGC_S4_20170627","2017-06-27T17:54Z",1101,"2017-06-27T20:03:20Z",86.90,85.10,16.88,100.72,102.85,101.44,103.58
"f442d002-2f58-41c7-9055-746243c48ebc","d0a50b1c-a334-4d26-9089-0f8d05063665","D17","BIGC","BIGC.AOS.reaeration.station.04","BIGC_S4_20170627","2017-06-27T17:54Z",1196,"2017-06-27T20:19:10Z",90.40,88.50,17.21,103.97,106.20,104.69,106.94
"328dabab-ec9f-4905-abaa-b7014ab8f11c","d0a50b1c-a334-4d26-9089-0f8d05063665","D17","BIGC","BIGC.AOS.reaeration.station.04","BIGC_S4_20170627","2017-06-27T17:54Z",1852,"2017-06-27T22:08:30Z",51.60,52.70,25.51,52.19,51.10,52.16,51.07
"9ccf3321-0bd1-4ef9-928c-63ccdb685d9e","d0a50b1c-a334-4d26-9089-0f8d05063665","D17","BIGC","BIGC.AOS.reaeration.station.04","BIGC_S4_20170627","2017-06-27T17:54Z",330,"2017-06-27T17:54:50Z",79.30,77.00,14.28,96.83,99.72,97.57,100.48
"643b9573-4614-4dce-9cc0-8cbf9b68ddcb","d0a50b1c-a334-4d26-9089-0f8d05063665","D17","BIGC","BIGC.AOS.reaeration.station.04","BIGC_S4_20170627","2017-06-27T17:54Z",2327,"2017-06-27T23:27:40Z",54.90,56.10,26.01,55.04,53.86,54.97,53.79
"e40365bb-24eb-468b-9b77-20c50a346a5d","d0a50b1c-a334-4d26-9089-0f8d05063665","D17","BIGC","BIGC.AOS.reaeration.station.04","BIGC_S4_20170627","2017-06-27T17:54Z",2418,"2017-06-27T23:42:50Z",54.80,56.10,26.01,55.04,53.76,54.97,53.69
"4c204f23-7eeb-4de0-a638-251aa81fbad5","d0a50b1c-a334-4d26-9089-0f8d05063665","D17","BIGC","BIGC.AOS.reaeration.station.04","BIGC_S4_20170627","2017-06-27T17:54Z",1548,"2017-06-27T21:17:50Z",50.20,51.00,23.23,52.78,51.96,52.89,52.06
"d944cb8f-7b39-4309-a652-45c1f830268c","d0a50b1c-a334-4d26-9089-0f8d05063665","D17","BIGC","BIGC.AOS.reaeration.station.04","BIGC_S4_20170627","2017-06-27T17:54Z",702,"2017-06-27T18:56:50Z",81.50,79.20,15.39,97.01,99.82,97.74,100.58
"dfbdd964-dc94-4a69-9488-27bdecef6c57","d0a50b1c-a334-4d26-9089-0f8d05063665","D17","BIGC","BIGC.AOS.reaeration.station.04","BIGC_S4_20170627","2017-06-27T17:54Z",726,"2017-06-27T19:00:50Z",83.30,81.10,15.48,99.12,101.81,99.87,102.58
"1169c01e-24d6-4d74-9af9-1fe0370aa5a8","d0a50b1c-a334-4d26-9089-0f8d05063665","D17","BIGC","BIGC.AOS.reaeration.station.04","BIGC_S4_20170627","2017-06-27T17:54Z",212,"2017-06-27T17:35:10Z",79.00,76.60,14.11,96.72,99.75,97.46,100.51
"f1894f91-67f2-47a1-9324-783cbe58fbcf","d0a50b1c-a334-4d26-9089-0f8d05063665","D17","BIGC","BIGC.AOS.reaeration.station.04","BIGC_S4_20170627","2017-06-27T17:54Z",1434,"2017-06-27T20:58:50Z",48.80,49.60,21.11,53.58,52.72,53.81,52.94
"4a977326-03ed-4990-abd4-3ffd29bd3751","d0a50b1c-a334-4d26-9089-0f8d05063665","D17","BIGC","BIGC.AOS.reaeration.station.04","BIGC_S4_20170627","2017-06-27T17:54Z",2367,"2017-06-27T23:34:20Z",54.80,56.10,26.01,55.04,53.76,54.97,53.69
"581d591c-3757-481b-a383-daf9e2144b7c","d0a50b1c-a334-4d26-9089-0f8d05063665","D17","BIGC","BIGC.AOS.reaeration.station.04","BIGC_S4_20170627","2017-06-27T17:54Z",1972,"2017-06-27T22:28:30Z",53.00,53.80,25.86,52.93,52.14,52.87,52.09
"87e13e1c-51fb-4493-8ed7-56cfb550436d","d0a50b1c-a334-4d26-9089-0f8d05063665","D17","BIGC","BIGC.AOS.reaeration.station.04","BIGC_S4_20170627","2017-06-27T17:54Z",176,"2017-06-27T17:29:10Z",78.70,76.20,14.04,96.37,99.54,97.11,100.30
"db9eec3c-945a-4e3d-b5ab-ee49b940bfc9","d0a50b1c-a334-4d26-9089-0f8d05063665","D17","BIGC","BIGC.AOS.reaeration.station.04","BIGC_S4_20170627","2017-06-27T17:54Z",680,"2017-06-27T18:53:10Z",81.20,79.20,15.29,97.23,99.69,97.97,100.44
"dcb3105e-29f6-481b-a3e7-48f7ac624c25","d0a50b1c-a334-4d26-9089-0f8d05063665","D17","BIGC","BIGC.AOS.reaeration.station.04","BIGC_S4_20170627","2017-06-27T17:54Z",2106,"2017-06-27T22:50:50Z",54.10,55.00,26.00,53.97,53.09,53.90,53.02
"9e9cb0ca-fcfa-4252-97eb-ce557f31ae86","d0a50b1c-a334-4d26-9089-0f8d05063665","D17","BIGC","BIGC.AOS.reaeration.station.04","BIGC_S4_20170627","2017-06-27T17:54Z",243,"2017-06-27T17:40:20Z",79.00,76.60,14.14,96.65,99.68,97.39,100.44
"4bfd356c-1a20-46cc-b744-55c4e395fdd5","d0a50b1c-a334-4d26-9089-0f8d05063665","D17","BIGC","BIGC.AOS.reaeration.station.04","BIGC_S4_20170627","2017-06-27T17:54Z",1897,"2017-06-27T22:16:00Z",52.20,53.10,25.66,52.44,51.55,52.40,51.51
"433c3324-3a9e-4b35-acde-efb77db631b4","d0a50b1c-a334-4d26-9089-0f8d05063665","D17","BIGC","BIGC.AOS.reaeration.station.04","BIGC_S4_20170627","2017-06-27T17:54Z",2516,"2017-06-27T23:59:10Z",54.10,55.70,26.02,54.64,53.07,54.57,53.00
"0fb05c36-6929-4c04-a932-3cacf839c64a","d0a50b1c-a334-4d26-9089-0f8d05063665","D17","BIGC","BIGC.AOS.reaeration.station.04","BIGC_S4_20170627","2017-06-27T17:54Z",2079,"2017-06-27T22:46:20Z",53.80,54.60,25.99,53.59,52.80,53.52,52.74
"390e4836-a284-4c93-9e8b-dac569943d4a","d0a50b1c-a334-4d26-9089-0f8d05063665","D17","BIGC","BIGC.AOS.reaeration.station.04","BIGC_S4_20170627","2017-06-27T17:54Z",1660,"2017-06-27T21:36:30Z",50.70,51.30,24.40,51.89,51.29,51.93,51.32
"7ccca4cd-fa54-4c07-8b30-61600e4b6bcb","d0a50b1c-a334-4d26-9089-0f8d05063665","D17","BIGC","BIGC.AOS.reaeration.station.04","BIGC_S4_20170627","2017-06-27T17:54Z",1361,"2017-06-27T20:46:40Z",46.70,47.40,18.62,53.98,53.18,54.31,53.51
"d680c484-028d-4704-9477-f087a3579ace","d0a50b1c-a334-4d26-9089-0f8d05063665","D17","BIGC","BIGC.AOS.reaeration.station.04","BIGC_S4_20170627","2017-06-27T17:54Z",2190,"2017-06-27T23:04:50Z",54.60,56.10,26.01,55.04,53.57,54.97,53.50
"a80b41c0-3f2e-43a1-961d-0cd504936e39","d0a50b1c-a334-4d26-9089-0f8d05063665","D17","BIGC","BIGC.AOS.reaeration.station.04","BIGC_S4_20170627","2017-06-27T17:54Z",1203,"2017-06-27T20:20:20Z",90.50,88.50,17.22,103.95,106.30,104.67,107.03
"8338b815-6eb6-4530-9689-eb88aa3742bf","d0a50b1c-a334-4d26-9089-0f8d05063665","D17","BIGC","BIGC.AOS.reaeration.station.04","BIGC_S4_20170627","2017-06-27T17:54Z",2133,"2017-06-27T22:55:20Z",54.20,55.30,26.00,54.26,53.18,54.20,53.12
"6b40d8be-40d6-4a66-8d8a-19f936f758ab","d0a50b1c-a334-4d26-9089-0f8d05063665","D17","BIGC","BIGC.AOS.reaeration.station.04","BIGC_S4_20170627","2017-06-27T17:54Z",917,"2017-06-27T19:32:40Z",87.40,85.20,16.28,102.23,104.87,102.98,105.63
"3b43d70a-956a-406c-80fc-83f48cceddd1","d0a50b1c-a334-4d26-9089-0f8d05063665","D17","BIGC","BIGC.AOS.reaeration.station.04","BIGC_S4_20170627","2017-06-27T17:54Z",646,"2017-06-27T18:47:30Z",81.10,78.80,15.14,97.08,99.92,97.82,100.68
"4613e5e0-93e4-414d-aa09-fc1b46e9b4b3","d0a50b1c-a334-4d26-9089-0f8d05063665","D17","BIGC","BIGC.AOS.reaeration.station.04","BIGC_S4_20170627","2017-06-27T17:54Z",881,"2017-06-27T19:26:40Z",87.10,85.20,16.16,102.51,104.79,103.26,105.57
"b0d1c9ef-2707-432f-8d9c-e51b8b923933","d0a50b1c-a334-4d26-9089-0f8d05063665","D17","BIGC","BIGC.AOS.reaeration.station.04","BIGC_S4_20170627","2017-06-27T17:54Z",1879,"2017-06-27T22:13:00Z",52.10,53.10,25.61,52.49,51.50,52.45,51.46
"6fc4e14f-4ee1-457e-8512-1f3642e81444","d0a50b1c-a334-4d26-9089-0f8d05063665","D17","BIGC","BIGC.AOS.reaeration.station.04","BIGC_S4_20170627","2017-06-27T17:54Z",1941,"2017-06-27T22:23:20Z",52.70,53.50,25.80,52.69,51.91,52.64,51.86
"11616fc0-a0b5-4516-8183-b5d46856ab5a","d0a50b1c-a334-4d26-9089-0f8d05063665","D17","BIGC","BIGC.AOS.reaeration.station.04","BIGC_S4_20170627","2017-06-27T17:54Z",107,"2017-06-27T17:17:40Z",78.60,76.20,13.95,96.58,99.63,97.33,100.39
"a8778962-2d70-40c0-a6c0-3fcfd3097b4a","d0a50b1c-a334-4d26-9089-0f8d05063665","D17","BIGC","BIGC.AOS.reaeration.station.04","BIGC_S4_20170627","2017-06-27T17:54Z",867,"2017-06-27T19:24:20Z",87.00,85.20,16.10,102.65,104.82,103.41,105.59
"8c993ed1-a6ee-406a-9fed-ac768ffc90c1","d0a50b1c-a334-4d26-9089-0f8d05063665","D17","BIGC","BIGC.AOS.reaeration.station.04","BIGC_S4_20170627","2017-06-27T17:54Z",2156,"2017-06-27T22:59:10Z",54.30,55.30,26.01,54.25,53.27,54.18,53.21
"c8187d79-5d37-4a33-b137-49ff58e874d7","d0a50b1c-a334-4d26-9089-0f8d05063665","D17","BIGC","BIGC.AOS.reaeration.station.04","BIGC_S4_20170627","2017-06-27T17:54Z",836,"2017-06-27T19:19:10Z",86.80,84.80,15.98,102.45,104.87,103.21,105.65
"3f9728f4-8c5e-40ca-b429-c1033044d8d2","d0a50b1c-a334-4d26-9089-0f8d05063665","D17","BIGC","BIGC.AOS.reaeration.station.04","BIGC_S4_20170627","2017-06-27T17:54Z",2548,"2017-06-28T00:04:30Z",53.80,55.30,26.02,54.24,52.77,54.17,52.70
"ee5e54d1-3a87-4bb5-af8e-131283855fd4","d0a50b1c-a334-4d26-9089-0f8d05063665","D17","BIGC","BIGC.AOS.reaeration.station.04","BIGC_S4_20170627","2017-06-27T17:54Z",1456,"2017-06-27T21:02:30Z",49.20,49.90,21.65,53.31,52.56,53.51,52.76
"3cff9ef4-a5f1-48bd-9c56-a474c20f949b","d0a50b1c-a334-4d26-9089-0f8d05063665","D17","BIGC","BIGC.AOS.reaeration.station.04","BIGC_S4_20170627","2017-06-27T17:54Z",101,"2017-06-27T17:16:40Z",78.50,76.20,13.95,96.58,99.50,97.33,100.26
"e68c1b50-5d62-4fb5-81ec-c41e421c2061","d0a50b1c-a334-4d26-9089-0f8d05063665","D17","BIGC","BIGC.AOS.reaeration.station.04","BIGC_S4_20170627","2017-06-27T17:54Z",666,"2017-06-27T18:50:50Z",81.10,78.80,15.23,96.88,99.71,97.61,100.46
"c961d4f2-7543-4507-bb39-52cb6fc7e2d6","d0a50b1c-a334-4d26-9089-0f8d05063665","D17","BIGC","BIGC.AOS.reaeration.station.04","BIGC_S4_20170627","2017-06-27T17:54Z",741,"2017-06-27T19:03:20Z",84.60,82.60,15.55,100.79,103.23,101.55,104.01
"efd35b3d-4955-4da3-bf94-cf9b1ffb90da","d0a50b1c-a334-4d26-9089-0f8d05063665","D17","BIGC","BIGC.AOS.reaeration.station.04","BIGC_S4_20170627","2017-06-27T17:54Z",2646,"2017-06-28T00:20:30Z",35.60,36.60,24.90,36.67,35.67,36.67,35.67
"e7fd4c6e-90ce-417d-803b-0e84acd5b91c","d0a50b1c-a334-4d26-9089-0f8d05063665","D17","BIGC","BIGC.AOS.reaeration.station.04","BIGC_S4_20170627","2017-06-27T17:54Z",757,"2017-06-27T19:06:00Z",85.50,83.30,15.64,101.43,104.11,102.20,104.90
"b01b7adc-0c93-4f46-a4a5-26925b8c026b","d0a50b1c-a334-4d26-9089-0f8d05063665","D17","BIGC","BIGC.AOS.reaeration.station.04","BIGC_S4_20170627","2017-06-27T17:54Z",1838,"2017-06-27T22:06:10Z",51.60,52.70,25.45,52.25,51.16,52.22,51.13
"b6041d1f-1f99-4419-85cf-1e968faef3a7","d0a50b1c-a334-4d26-9089-0f8d05063665","D17","BIGC","BIGC.AOS.reaeration.station.04","BIGC_S4_20170627","2017-06-27T17:54Z",89,"2017-06-27T17:14:40Z",78.50,76.20,13.93,96.63,99.55,97.37,100.31
"9cf45227-d6c2-48e3-81b5-7240b07c6490","d0a50b1c-a334-4d26-9089-0f8d05063665","D17","BIGC","BIGC.AOS.reaeration.station.04","BIGC_S4_20170627","2017-06-27T17:54Z",2154,"2017-06-27T22:58:50Z",54.20,55.00,26.01,53.96,53.17,53.89,53.11
"ca78f403-3241-487d-9d1e-2eb2e1624b56","d0a50b1c-a334-4d26-9089-0f8d05063665","D17","BIGC","BIGC.AOS.reaeration.station.04","BIGC_S4_20170627","2017-06-27T17:54Z",35,"2017-06-27T17:05:40Z",78.40,75.90,13.89,96.34,99.52,97.08,100.28
"6a0a38fc-2dae-4e98-b37d-8d3622b40a7d","d0a50b1c-a334-4d26-9089-0f8d05063665","D17","BIGC","BIGC.AOS.reaeration.station.04","BIGC_S4_20170627","2017-06-27T17:54Z",2098,"2017-06-27T22:49:30Z",54.10,55.00,26.00,53.97,53.09,53.90,53.02
"931afdc5-a854-4568-88a3-f27793eff757","d0a50b1c-a334-4d26-9089-0f8d05063665","D17","BIGC","BIGC.AOS.reaeration.station.04","BIGC_S4_20170627","2017-06-27T17:54Z",1868,"2017-06-27T22:11:10Z",52.10,53.10,25.57,52.53,51.54,52.49,51.50
"284727d9-5335-4da7-b2ba-db98e6343145","d0a50b1c-a334-4d26-9089-0f8d05063665","D17","BIGC","BIGC.AOS.reaeration.station.04","BIGC_S4_20170627","2017-06-27T17:54Z",2376,"2017-06-27T23:35:50Z",54.80,56.10,26.01,55.04,53.76,54.97,53.69
"3112865b-00b5-433b-b935-2295d309d2e7","d0a50b1c-a334-4d26-9089-0f8d05063665","D17","BIGC","BIGC.AOS.reaeration.station.04","BIGC_S4_20170627","2017-06-27T17:54Z",54,"2017-06-27T17:08:50Z",78.50,76.20,13.90,96.70,99.62,97.44,100.38
"a94084d4-87b9-4443-b225-e89e33f6a785","d0a50b1c-a334-4d26-9089-0f8d05063665","D17","BIGC","BIGC.AOS.reaeration.station.04","BIGC_S4_20170627","2017-06-27T17:54Z",985,"2017-06-27T19:44:00Z",87.60,85.60,16.50,102.19,104.58,102.93,105.34
"576eccd1-7489-4096-b801-00f379c665da","d0a50b1c-a334-4d26-9089-0f8d05063665","D17","BIGC","BIGC.AOS.reaeration.station.04","BIGC_S4_20170627","2017-06-27T17:54Z",2055,"2017-06-27T22:42:20Z",53.70,54.60,25.97,53.61,52.72,53.54,52.66
"3c438704-1060-4db7-a541-80d19d5aa13c","d0a50b1c-a334-4d26-9089-0f8d05063665","D17","BIGC","BIGC.AOS.reaeration.station.04","BIGC_S4_20170627","2017-06-27T17:54Z",656,"2017-06-27T18:49:10Z",81.10,78.80,15.19,96.97,99.80,97.71,100.56
"73f7e235-d1a6-4819-995b-0114a16c8289","d0a50b1c-a334-4d26-9089-0f8d05063665","D17","BIGC","BIGC.AOS.reaeration.station.04","BIGC_S4_20170627","2017-06-27T17:54Z",1638,"2017-06-27T21:32:50Z",50.60,51.30,24.22,52.08,51.37,52.12,51.41
"19b5a62e-2f51-45db-90f1-78bb9e2245c7","d0a50b1c-a334-4d26-9089-0f8d05063665","D17","BIGC","BIGC.AOS.reaeration.station.04","BIGC_S4_20170627","2017-06-27T17:54Z",2018,"2017-06-27T22:36:10Z",53.30,54.20,25.93,53.25,52.37,53.19,52.31
"b74f83b0-a9a6-4464-bdeb-a67ba18cd398","d0a50b1c-a334-4d26-9089-0f8d05063665","D17","BIGC","BIGC.AOS.reaeration.station.04","BIGC_S4_20170627","2017-06-27T17:54Z",2523,"2017-06-28T00:00:20Z",54.10,55.70,26.02,54.64,53.07,54.57,53.00
"fc664f8a-9a5c-4061-8580-3604d7a42500","d0a50b1c-a334-4d26-9089-0f8d05063665","D17","BIGC","BIGC.AOS.reaeration.station.04","BIGC_S4_20170627","2017-06-27T17:54Z",1563,"2017-06-27T21:20:20Z",50.30,51.30,23.42,52.90,51.87,52.99,51.96
"128bd686-dfd8-41b6-961a-b56e613b2fe5","d0a50b1c-a334-4d26-9089-0f8d05063665","D17","BIGC","BIGC.AOS.reaeration.station.04","BIGC_S4_20170627","2017-06-27T17:54Z",1527,"2017-06-27T21:14:20Z",50.00,51.00,22.95,53.08,52.04,53.20,52.16
"6778f0e3-e6ec-490d-bf58-434fe0df314f","d0a50b1c-a334-4d26-9089-0f8d05063665","D17","BIGC","BIGC.AOS.reaeration.station.04","BIGC_S4_20170627","2017-06-27T17:54Z",441,"2017-06-27T18:13:20Z",79.70,77.30,14.49,96.71,99.72,97.46,100.48
"c864b5d5-9f3f-4cc8-8554-25d1318b6bda","d0a50b1c-a334-4d26-9089-0f8d05063665","D17","BIGC","BIGC.AOS.reaeration.station.04","BIGC_S4_20170627","2017-06-27T17:54Z",1012,"2017-06-27T19:48:30Z",87.10,85.20,16.59,101.50,103.77,102.24,104.52
"b3aba84b-a4d9-4ce0-8207-f1acba9c4243","d0a50b1c-a334-4d26-9089-0f8d05063665","D17","BIGC","BIGC.AOS.reaeration.station.04","BIGC_S4_20170627","2017-06-27T17:54Z",290,"2017-06-27T17:48:10Z",79.10,77.00,14.22,96.96,99.61,97.71,100.37
"384b064e-56ff-4ba6-8b2a-eb603ef4cbb1","d0a50b1c-a334-4d26-9089-0f8d05063665","D17","BIGC","BIGC.AOS.reaeration.station.04","BIGC_S4_20170627","2017-06-27T17:54Z",754,"2017-06-27T19:05:30Z",85.40,83.30,15.61,101.50,104.06,102.27,104.85
"4bcffa46-1984-43b5-aaf6-4b486cbe9ba8","d0a50b1c-a334-4d26-9089-0f8d05063665","D17","BIGC","BIGC.AOS.reaeration.station.04","BIGC_S4_20170627","2017-06-27T17:54Z",1794,"2017-06-27T21:58:50Z",51.30,52.40,25.25,52.15,51.06,52.13,51.04
"d67186ae-ae4d-4bde-9984-41c275c3da7c","d0a50b1c-a334-4d26-9089-0f8d05063665","D17","BIGC","BIGC.AOS.reaeration.station.04","BIGC_S4_20170627","2017-06-27T17:54Z",2197,"2017-06-27T23:06:00Z",54.60,56.10,26.01,55.04,53.57,54.97,53.50
"ab7a2a86-a0cf-488b-af56-0c349e511f38","d0a50b1c-a334-4d26-9089-0f8d05063665","D17","BIGC","BIGC.AOS.reaeration.station.04","BIGC_S4_20170627","2017-06-27T17:54Z",2211,"2017-06-27T23:08:20Z",54.80,55.70,26.02,54.64,53.75,54.57,53.68
"ba2324c0-5c87-4ade-97f5-dcef93eb019d","d0a50b1c-a334-4d26-9089-0f8d05063665","D17","BIGC","BIGC.AOS.reaeration.station.04","BIGC_S4_20170627","2017-06-27T17:54Z",1408,"2017-06-27T20:54:30Z",48.20,48.80,20.35,53.56,52.90,53.82,53.16
"0d1e5b62-0eda-4a3b-b803-80b75d35dbd2","d0a50b1c-a334-4d26-9089-0f8d05063665","D17","BIGC","BIGC.AOS.reaeration.station.04","BIGC_S4_20170627","2017-06-27T17:54Z",1239,"2017-06-27T20:26:20Z",90.80,88.90,17.34,104.14,106.36,104.85,107.10
"a2b0cfd9-aa86-4ab0-8774-fb052de0e1d7","d0a50b1c-a334-4d26-9089-0f8d05063665","D17","BIGC","BIGC.AOS.reaeration.station.04","BIGC_S4_20170627","2017-06-27T17:54Z",1030,"2017-06-27T19:51:30Z",86.40,84.40,16.65,100.41,102.79,101.14,103.53
"dcd3d3e4-b143-4a04-abc1-a013eb7d8109","d0a50b1c-a334-4d26-9089-0f8d05063665","D17","BIGC","BIGC.AOS.reaeration.station.04","BIGC_S4_20170627","2017-06-27T17:54Z",2022,"2017-06-27T22:36:50Z",53.30,54.60,25.94,53.64,52.36,53.57,52.30
"54172af4-6689-4a85-8853-f5eeb179247b","d0a50b1c-a334-4d26-9089-0f8d05063665","D17","BIGC","BIGC.AOS.reaeration.station.04","BIGC_S4_20170627","2017-06-27T17:54Z",310,"2017-06-27T17:51:30Z",79.20,76.60,14.24,96.41,99.69,97.16,100.45
"d0ba4e0e-7922-4dad-9ce2-c5f79a1561c4","d0a50b1c-a334-4d26-9089-0f8d05063665","D17","BIGC","BIGC.AOS.reaeration.station.04","BIGC_S4_20170627","2017-06-27T17:54Z",472,"2017-06-27T18:18:30Z",79.80,77.70,14.57,97.03,99.65,97.77,100.42
"67504b0f-c3b2-49e3-a2c7-f5963c63ad15","d0a50b1c-a334-4d26-9089-0f8d05063665","D17","BIGC","BIGC.AOS.reaeration.station.04","BIGC_S4_20170627","2017-06-27T17:54Z",65,"2017-06-27T17:10:40Z",78.50,76.20,13.91,96.68,99.60,97.42,100.36
"30b57d3c-68c9-412d-9ee4-402a29b4ba5d","d0a50b1c-a334-4d26-9089-0f8d05063665","D17","BIGC","BIGC.AOS.reaeration.station.04","BIGC_S4_20170627","2017-06-27T17:54Z",1847,"2017-06-27T22:07:40Z",51.70,52.70,25.49,52.21,51.22,52.18,51.19
"e9b0e759-287d-40a5-8b2e-5abc0d1702fb","d0a50b1c-a334-4d26-9089-0f8d05063665","D17","BIGC","BIGC.AOS.reaeration.station.04","BIGC_S4_20170627","2017-06-27T17:54Z",1854,"2017-06-27T22:08:50Z",51.80,52.70,25.51,52.19,51.30,52.16,51.27
"262ef7c4-727a-4c5b-af5e-9b7a3e144da9","d0a50b1c-a334-4d26-9089-0f8d05063665","D17","BIGC","BIGC.AOS.reaeration.station.04","BIGC_S4_20170627","2017-06-27T17:54Z",667,"2017-06-27T18:51:00Z",81.20,78.80,15.23,96.88,99.83,97.61,100.59
"7434925d-92e4-4183-b50d-eb299993834b","d0a50b1c-a334-4d26-9089-0f8d05063665","D17","BIGC","BIGC.AOS.reaeration.station.04","BIGC_S4_20170627","2017-06-27T17:54Z",337,"2017-06-27T17:56:00Z",79.30,77.00,14.28,96.83,99.72,97.57,100.48
"55b2a158-ef5a-4869-979e-932f6a3cb1e3","d0a50b1c-a334-4d26-9089-0f8d05063665","D17","BIGC","BIGC.AOS.reaeration.station.04","BIGC_S4_20170627","2017-06-27T17:54Z",18,"2017-06-27T17:02:50Z",78.50,76.20,13.89,96.73,99.64,97.47,100.41
"c4ec96f5-dca9-4fa9-8e54-b5e818b46d84","d0a50b1c-a334-4d26-9089-0f8d05063665","D17","BIGC","BIGC.AOS.reaeration.station.04","BIGC_S4_20170627","2017-06-27T17:54Z",1444,"2017-06-27T21:00:30Z",49.00,49.90,21.36,53.63,52.66,53.84,52.87
"a9e547d1-06ca-47a1-879b-68505fefa788","d0a50b1c-a334-4d26-9089-0f8d05063665","D17","BIGC","BIGC.AOS.reaeration.station.04","BIGC_S4_20170627","2017-06-27T17:54Z",961,"2017-06-27T19:40:00Z",87.60,85.60,16.42,102.38,104.77,103.12,105.53
"aa4818f7-6376-4563-9dd1-75bcf8788c52","d0a50b1c-a334-4d26-9089-0f8d05063665","D17","BIGC","BIGC.AOS.reaeration.station.04","BIGC_S4_20170627","2017-06-27T17:54Z",187,"2017-06-27T17:31:00Z",78.90,76.60,14.05,96.86,99.77,97.60,100.53
"b0a5896d-6f00-4cd4-880a-cac8bb974c30","d0a50b1c-a334-4d26-9089-0f8d05063665","D17","BIGC","BIGC.AOS.reaeration.station.04","BIGC_S4_20170627","2017-06-27T17:54Z",29,"2017-06-27T17:04:40Z",78.50,76.20,13.89,96.73,99.64,97.47,100.41
"d4e1f3f0-7150-4945-a5ea-e301f5d9b89f","d0a50b1c-a334-4d26-9089-0f8d05063665","D17","BIGC","BIGC.AOS.reaeration.station.04","BIGC_S4_20170627","2017-06-27T17:54Z",258,"2017-06-27T17:42:50Z",79.00,76.60,14.15,96.62,99.65,97.37,100.42
"6387a1d4-12ca-40a2-86e1-042ad1b43cfd","d0a50b1c-a334-4d26-9089-0f8d05063665","D17","BIGC","BIGC.AOS.reaeration.station.04","BIGC_S4_20170627","2017-06-27T17:54Z",884,"2017-06-27T19:27:10Z",87.10,85.20,16.17,102.48,104.77,103.24,105.54
"4476f534-271c-4ad0-b822-df263ef77a31","d0a50b1c-a334-4d26-9089-0f8d05063665","D17","BIGC","BIGC.AOS.reaeration.station.04","BIGC_S4_20170627","2017-06-27T17:54Z",1541,"2017-06-27T21:16:40Z",50.10,51.00,23.15,52.87,51.94,52.98,52.05
"c49ba324-5fea-4604-896c-dd05f1825be4","d0a50b1c-a334-4d26-9089-0f8d05063665","D17","BIGC","BIGC.AOS.reaeration.station.04","BIGC_S4_20170627","2017-06-27T17:54Z",1106,"2017-06-27T20:04:10Z",87.20,85.50,16.90,101.15,103.16,101.87,103.89
"3930a6a4-a59f-44c2-a949-0582adbdbcd9","d0a50b1c-a334-4d26-9089-0f8d05063665","D17","BIGC","BIGC.AOS.reaeration.station.04","BIGC_S4_20170627","2017-06-27T17:54Z",2585,"2017-06-28T00:10:40Z",52.90,54.20,26.03,53.15,51.88,53.09,51.81
"e8034ede-c0ab-42a3-9b0c-034401088101","d0a50b1c-a334-4d26-9089-0f8d05063665","D17","BIGC","BIGC.AOS.reaeration.station.04","BIGC_S4_20170627","2017-06-27T17:54Z",1686,"2017-06-27T21:40:50Z",50.80,51.60,24.60,52.00,51.19,52.02,51.22
"4222ea47-2c0a-42aa-8db4-1972f25a5671","d0a50b1c-a334-4d26-9089-0f8d05063665","D17","BIGC","BIGC.AOS.reaeration.station.04","BIGC_S4_20170627","2017-06-27T17:54Z",2289,"2017-06-27T23:21:20Z",54.90,56.10,26.01,55.04,53.86,54.97,53.79
"cabbf121-f756-4dd9-94c4-f4fc59174eab","d0a50b1c-a334-4d26-9089-0f8d05063665","D17","BIGC","BIGC.AOS.reaeration.station.04","BIGC_S4_20170627","2017-06-27T17:54Z",2460,"2017-06-27T23:49:50Z",54.40,56.10,26.02,55.03,53.36,54.96,53.29
"826c120a-d29b-4915-8168-b282385aa0dd","d0a50b1c-a334-4d26-9089-0f8d05063665","D17","BIGC","BIGC.AOS.reaeration.station.04","BIGC_S4_20170627","2017-06-27T17:54Z",424,"2017-06-27T18:10:30Z",79.70,77.30,14.46,96.78,99.79,97.53,100.56
"b4b5f8a8-8b00-453a-9d12-7d44d879ca0b","d0a50b1c-a334-4d26-9089-0f8d05063665","D17","BIGC","BIGC.AOS.reaeration.station.04","BIGC_S4_20170627","2017-06-27T17:54Z",2313,"2017-06-27T23:25:20Z",54.80,56.10,26.01,55.04,53.76,54.97,53.69
"09b6dd1b-15d7-4973-bcdd-236522c3e450","d0a50b1c-a334-4d26-9089-0f8d05063665","D17","BIGC","BIGC.AOS.reaeration.station.04","BIGC_S4_20170627","2017-06-27T17:54Z",2113,"2017-06-27T22:52:00Z",54.10,55.00,26.00,53.97,53.09,53.90,53.02
"db30cd42-645a-435f-9450-6a7160efed3f","d0a50b1c-a334-4d26-9089-0f8d05063665","D17","BIGC","BIGC.AOS.reaeration.station.04","BIGC_S4_20170627","2017-06-27T17:54Z",2337,"2017-06-27T23:29:20Z",54.90,56.10,26.01,55.04,53.86,54.97,53.79
"8a135fd2-06c6-4477-9ed4-ad3e2530cceb","d0a50b1c-a334-4d26-9089-0f8d05063665","D17","BIGC","BIGC.AOS.reaeration.station.04","BIGC_S4_20170627","2017-06-27T17:54Z",1846,"2017-06-27T22:07:30Z",51.70,52.70,25.49,52.21,51.22,52.18,51.19
"6c9ba1ac-a5f4-4625-95be-f76513cef951","d0a50b1c-a334-4d26-9089-0f8d05063665","D17","BIGC","BIGC.AOS.reaeration.station.04","BIGC_S4_20170627","2017-06-27T17:54Z",1726,"2017-06-27T21:47:30Z",51.10,51.60,24.85,51.75,51.25,51.76,51.26
"da64efc7-636d-469b-b68d-8b5616fdbbc3","d0a50b1c-a334-4d26-9089-0f8d05063665","D17","BIGC","BIGC.AOS.reaeration.station.04","BIGC_S4_20170627","2017-06-27T17:54Z",2631,"2017-06-28T00:18:20Z",39.30,40.30,24.78,40.47,39.47,40.48,39.48
"455c6886-59ba-4c9a-aaf2-29f52a84526b","d0a50b1c-a334-4d26-9089-0f8d05063665","D17","BIGC","BIGC.AOS.reaeration.station.04","BIGC_S4_20170627","2017-06-27T17:54Z",1296,"2017-06-27T20:35:50Z",91.20,89.60,17.53,104.51,106.38,105.22,107.10
"66eb7ef2-ac23-4d1f-9af2-a4e369f0b99e","d0a50b1c-a334-4d26-9089-0f8d05063665","D17","BIGC","BIGC.AOS.reaeration.station.04","BIGC_S4_20170627","2017-06-27T17:54Z",1824,"2017-06-27T22:03:50Z",51.40,52.40,25.38,52.02,51.03,52.00,51.01
"ee30eee1-81ca-4f12-867d-a157719381b0","d0a50b1c-a334-4d26-9089-0f8d05063665","D17","BIGC","BIGC.AOS.reaeration.station.04","BIGC_S4_20170627","2017-06-27T17:54Z",324,"2017-06-27T17:53:50Z",79.20,77.00,14.27,96.85,99.62,97.59,100.38
"fc467a40-c7b3-4a6d-a03a-4b2b7481b465","d0a50b1c-a334-4d26-9089-0f8d05063665","D17","BIGC","BIGC.AOS.reaeration.station.04","BIGC_S4_20170627","2017-06-27T17:54Z",346,"2017-06-27T17:57:30Z",79.30,77.00,14.30,96.78,99.67,97.52,100.44
"2a363a20-ac89-4877-a408-0c1b2171849a","d0a50b1c-a334-4d26-9089-0f8d05063665","D17","BIGC","BIGC.AOS.reaeration.station.04","BIGC_S4_20170627","2017-06-27T17:54Z",2134,"2017-06-27T22:55:30Z",54.20,55.30,26.00,54.26,53.18,54.20,53.12
"962f3dd3-9c59-4aba-9c7d-505f19de9708","d0a50b1c-a334-4d26-9089-0f8d05063665","D17","BIGC","BIGC.AOS.reaeration.station.04","BIGC_S4_20170627","2017-06-27T17:54Z",1598,"2017-06-27T21:26:10Z",50.40,51.30,23.82,52.48,51.56,52.56,51.63
"07d24de8-0dfe-44d7-92f6-3390fa6113d7","d0a50b1c-a334-4d26-9089-0f8d05063665","D17","BIGC","BIGC.AOS.reaeration.station.04","BIGC_S4_20170627","2017-06-27T17:54Z",129,"2017-06-27T17:21:20Z",78.60,76.20,13.98,96.51,99.55,97.26,100.32
"82273dec-34a5-4ad5-a8b4-8e99ac422292","d0a50b1c-a334-4d26-9089-0f8d05063665","D17","BIGC","BIGC.AOS.reaeration.station.04","BIGC_S4_20170627","2017-06-27T17:54Z",1439,"2017-06-27T20:59:40Z",48.80,49.90,21.24,53.76,52.58,53.98,52.79
"ce108219-d972-4038-a8a7-fcd2e9a16c48","d0a50b1c-a334-4d26-9089-0f8d05063665","D17","BIGC","BIGC.AOS.reaeration.station.04","BIGC_S4_20170627","2017-06-27T17:54Z",1475,"2017-06-27T21:05:40Z",49.50,50.30,22.05,53.30,52.46,53.48,52.63
"c2a05ef0-f24f-48b9-a1ee-406b7bc8f04b","d0a50b1c-a334-4d26-9089-0f8d05063665","D17","BIGC","BIGC.AOS.reaeration.station.04","BIGC_S4_20170627","2017-06-27T17:54Z",83,"2017-06-27T17:13:40Z",78.50,76.20,13.92,96.65,99.57,97.40,100.34
"234a79fc-0f65-4b1e-b540-3539776bfb0f","d0a50b1c-a334-4d26-9089-0f8d05063665","D17","BIGC","BIGC.AOS.reaeration.station.04","BIGC_S4_20170627","2017-06-27T17:54Z",1020,"2017-06-27T19:49:50Z",86.80,84.80,16.62,100.96,103.34,101.69,104.09
"f4bbe876-0210-4be4-8b3b-ddf9e5620a3d","d0a50b1c-a334-4d26-9089-0f8d05063665","D17","BIGC","BIGC.AOS.reaeration.station.04","BIGC_S4_20170627","2017-06-27T17:54Z",409,"2017-06-27T18:08:00Z",79.50,77.30,14.42,96.88,99.63,97.62,100.40
"878a62ce-619f-4f74-a0b5-3e242f83020d","d0a50b1c-a334-4d26-9089-0f8d05063665","D17","BIGC","BIGC.AOS.reaeration.station.04","BIGC_S4_20170627","2017-06-27T17:54Z",476,"2017-06-27T18:19:10Z",79.80,77.30,14.58,96.51,99.63,97.25,100.39
"58df85ed-f622-4903-b325-e5b474b9c21f","d0a50b1c-a334-4d26-9089-0f8d05063665","D17","BIGC","BIGC.AOS.reaeration.station.04","BIGC_S4_20170627","2017-06-27T17:54Z",2312,"2017-06-27T23:25:10Z",55.00,56.10,26.01,55.04,53.96,54.97,53.89
"4a12add5-29cf-4b73-ac74-07a0121e67e1","d0a50b1c-a334-4d26-9089-0f8d05063665","D17","BIGC","BIGC.AOS.reaeration.station.04","BIGC_S4_20170627","2017-06-27T17:54Z",66,"2017-06-27T17:10:50Z",78.50,76.20,13.90,96.70,99.62,97.44,100.38
"8f20f5d7-8271-4839-bb00-5217774ca298","d0a50b1c-a334-4d26-9089-0f8d05063665","D17","BIGC","BIGC.AOS.reaeration.station.04","BIGC_S4_20170627","2017-06-27T17:54Z",1414,"2017-06-27T20:55:30Z",48.40,49.20,20.54,53.78,52.91,54.03,53.16
"fc3dff18-9594-4672-9b3b-7358cbada61e","d0a50b1c-a334-4d26-9089-0f8d05063665","D17","BIGC","BIGC.AOS.reaeration.station.04","BIGC_S4_20170627","2017-06-27T17:54Z",1285,"2017-06-27T20:34:00Z",91.10,89.30,17.50,104.23,106.33,104.94,107.06
"d697d4e9-a070-4151-b44c-f8fd959cbdf6","d0a50b1c-a334-4d26-9089-0f8d05063665","D17","BIGC","BIGC.AOS.reaeration.station.04","BIGC_S4_20170627","2017-06-27T17:54Z",2381,"2017-06-27T23:36:40Z",54.80,56.10,26.01,55.04,53.76,54.97,53.69
"a1b42a2b-a19c-4d3a-9e10-c90df01de57f","d0a50b1c-a334-4d26-9089-0f8d05063665","D17","BIGC","BIGC.AOS.reaeration.station.04","BIGC_S4_20170627","2017-06-27T17:54Z",730,"2017-06-27T19:01:30Z",83.60,81.80,15.51,99.91,102.11,100.66,102.88
"5ae8af28-31f2-4e8e-a8bc-83d3747d1869","d0a50b1c-a334-4d26-9089-0f8d05063665","D17","BIGC","BIGC.AOS.reaeration.station.04","BIGC_S4_20170627","2017-06-27T17:54Z",1986,"2017-06-27T22:30:50Z",53.10,54.20,25.88,53.30,52.22,53.25,52.16
"2c8dceb0-08d5-4d4e-9fca-d20df2e08487","d0a50b1c-a334-4d26-9089-0f8d05063665","D17","BIGC","BIGC.AOS.reaeration.station.04","BIGC_S4_20170627","2017-06-27T17:54Z",33,"2017-06-27T17:05:20Z",78.40,76.20,13.89,96.73,99.52,97.47,100.28
"f250d177-7ac3-492a-86a4-27717576f3ae","d0a50b1c-a334-4d26-9089-0f8d05063665","D17","BIGC","BIGC.AOS.reaeration.station.04","BIGC_S4_20170627","2017-06-27T17:54Z",1360,"2017-06-27T20:46:30Z",46.70,47.40,18.58,54.02,53.23,54.36,53.56
"63385455-3b2e-4f6c-bb3d-27638af489b0","d0a50b1c-a334-4d26-9089-0f8d05063665","D17","BIGC","BIGC.AOS.reaeration.station.04","BIGC_S4_20170627","2017-06-27T17:54Z",62,"2017-06-27T17:10:10Z",78.50,76.20,13.90,96.70,99.62,97.44,100.38
"ee70203b-436b-4d33-b398-729b87d249f9","d0a50b1c-a334-4d26-9089-0f8d05063665","D17","BIGC","BIGC.AOS.reaeration.station.04","BIGC_S4_20170627","2017-06-27T17:54Z",25,"2017-06-27T17:04:00Z",78.50,76.20,13.87,96.77,99.69,97.51,100.46
"73969391-8b82-4108-a29a-da01c45141d1","d0a50b1c-a334-4d26-9089-0f8d05063665","D17","BIGC","BIGC.AOS.reaeration.station.04","BIGC_S4_20170627","2017-06-27T17:54Z",1131,"2017-06-27T20:08:20Z",89.10,87.40,16.99,103.19,105.19,103.92,105.94
"76977a8d-9d1f-49d5-9916-60324a145fa7","d0a50b1c-a334-4d26-9089-0f8d05063665","D17","BIGC","BIGC.AOS.reaeration.station.04","BIGC_S4_20170627","2017-06-27T17:54Z",831,"2017-06-27T19:18:20Z",86.70,84.50,15.96,102.14,104.79,102.89,105.57
"9a64c862-c6f4-47ed-977a-2a204ac26824","d0a50b1c-a334-4d26-9089-0f8d05063665","D17","BIGC","BIGC.AOS.reaeration.station.04","BIGC_S4_20170627","2017-06-27T17:54Z",828,"2017-06-27T19:17:50Z",86.70,84.80,15.95,102.52,104.82,103.28,105.60
"4bf32785-a6c8-4ec7-8f2b-54587a9e7c4f","d0a50b1c-a334-4d26-9089-0f8d05063665","D17","BIGC","BIGC.AOS.reaeration.station.04","BIGC_S4_20170627","2017-06-27T17:54Z",1949,"2017-06-27T22:24:40Z",52.70,53.80,25.81,52.98,51.90,52.93,51.84
"f5bb4ad1-5745-4ddc-a475-a15056eb43fb","d0a50b1c-a334-4d26-9089-0f8d05063665","D17","BIGC","BIGC.AOS.reaeration.station.04","BIGC_S4_20170627","2017-06-27T17:54Z",1367,"2017-06-27T20:47:40Z",46.90,47.40,18.81,53.76,53.19,54.08,53.51
"e630c84b-38f1-4565-b4db-cd52b537fd37","d0a50b1c-a334-4d26-9089-0f8d05063665","D17","BIGC","BIGC.AOS.reaeration.station.04","BIGC_S4_20170627","2017-06-27T17:54Z",1038,"2017-06-27T19:52:50Z",86.20,84.00,16.68,99.87,102.49,100.59,103.22
"57e484f4-c34a-4e38-ba7c-0542d8bb94ed","d0a50b1c-a334-4d26-9089-0f8d05063665","D17","BIGC","BIGC.AOS.reaeration.station.04","BIGC_S4_20170627","2017-06-27T17:54Z",1050,"2017-06-27T19:54:50Z",85.50,83.20,16.71,98.85,101.58,99.56,102.31
"97bfcea6-dcef-4a99-ba85-1fc0fc2c9ed1","d0a50b1c-a334-4d26-9089-0f8d05063665","D17","BIGC","BIGC.AOS.reaeration.station.04","BIGC_S4_20170627","2017-06-27T17:54Z",2564,"2017-06-28T00:07:10Z",53.30,54.90,26.03,53.84,52.27,53.77,52.20
"f9dcd2b8-32c5-4eb4-be84-e181d64c9d43","d0a50b1c-a334-4d26-9089-0f8d05063665","D17","BIGC","BIGC.AOS.reaeration.station.04","BIGC_S4_20170627","2017-06-27T17:54Z",1826,"2017-06-27T22:04:10Z",51.60,52.70,25.39,52.31,51.22,52.29,51.19
"a5f00ad2-2998-4feb-9e1f-5f09af4cc95a","d0a50b1c-a334-4d26-9089-0f8d05063665","D17","BIGC","BIGC.AOS.reaeration.station.04","BIGC_S4_20170627","2017-06-27T17:54Z",1447,"2017-06-27T21:01:00Z",49.00,49.90,21.44,53.54,52.57,53.75,52.78
"970dd6b6-8484-4fd1-b2ad-efb04a9be999","d0a50b1c-a334-4d26-9089-0f8d05063665","D17","BIGC","BIGC.AOS.reaeration.station.04","BIGC_S4_20170627","2017-06-27T17:54Z",668,"2017-06-27T18:51:10Z",81.20,78.80,15.24,96.86,99.81,97.59,100.56
"723edfd8-1740-4542-aa93-fb708e8aa59c","d0a50b1c-a334-4d26-9089-0f8d05063665","D17","BIGC","BIGC.AOS.reaeration.station.04","BIGC_S4_20170627","2017-06-27T17:54Z",1528,"2017-06-27T21:14:30Z",50.00,51.00,22.96,53.07,52.03,53.19,52.15
"cd443230-19eb-429c-8050-2beeda9e26b8","d0a50b1c-a334-4d26-9089-0f8d05063665","D17","BIGC","BIGC.AOS.reaeration.station.04","BIGC_S4_20170627","2017-06-27T17:54Z",1778,"2017-06-27T21:56:10Z",51.20,52.40,25.15,52.25,51.05,52.24,51.04
"f3d35e09-8dda-45aa-a3a9-00f540cf301f","d0a50b1c-a334-4d26-9089-0f8d05063665","D17","BIGC","BIGC.AOS.reaeration.station.04","BIGC_S4_20170627","2017-06-27T17:54Z",1535,"2017-06-27T21:15:40Z",50.10,51.00,23.07,52.95,52.02,53.07,52.13
"799a565b-d67e-48ce-b465-a50ac2172a77","d0a50b1c-a334-4d26-9089-0f8d05063665","D17","BIGC","BIGC.AOS.reaeration.station.04","BIGC_S4_20170627","2017-06-27T17:54Z",2086,"2017-06-27T22:47:30Z",53.80,55.00,25.99,53.98,52.80,53.91,52.74
"b0db738d-1f74-4f47-b548-bc45b5e30931","d0a50b1c-a334-4d26-9089-0f8d05063665","D17","BIGC","BIGC.AOS.reaeration.station.04","BIGC_S4_20170627","2017-06-27T17:54Z",1453,"2017-06-27T21:02:00Z",49.10,49.90,21.58,53.39,52.53,53.59,52.73
"f0a78994-97d1-4902-bd23-4ef465371f8d","d0a50b1c-a334-4d26-9089-0f8d05063665","D17","BIGC","BIGC.AOS.reaeration.station.04","BIGC_S4_20170627","2017-06-27T17:54Z",72,"2017-06-27T17:11:50Z",78.50,76.20,13.91,96.68,99.60,97.42,100.36
"2cbc2eba-d55c-49fc-b892-a2f90a6126be","d0a50b1c-a334-4d26-9089-0f8d05063665","D17","BIGC","BIGC.AOS.reaeration.station.04","BIGC_S4_20170627","2017-06-27T17:54Z",545,"2017-06-27T18:30:40Z",80.10,77.70,14.77,96.57,99.55,97.31,100.31
"e069f96c-0146-4f10-9a6b-75cca7a1649d","d0a50b1c-a334-4d26-9089-0f8d05063665","D17","BIGC","BIGC.AOS.reaeration.station.04","BIGC_S4_20170627","2017-06-27T17:54Z",960,"2017-06-27T19:39:50Z",87.60,85.60,16.42,102.38,104.77,103.12,105.53
"e3c05eff-cce7-40ae-9dba-197fd6136763","d0a50b1c-a334-4d26-9089-0f8d05063665","D17","BIGC","BIGC.AOS.reaeration.station.04","BIGC_S4_20170627","2017-06-27T17:54Z",2481,"2017-06-27T23:53:20Z",54.50,56.10,26.02,55.03,53.46,54.96,53.39
"f7056596-9ce7-46c3-8ed4-8542e9ab3aa7","d0a50b1c-a334-4d26-9089-0f8d05063665","D17","BIGC","BIGC.AOS.reaeration.station.04","BIGC_S4_20170627","2017-06-27T17:54Z",381,"2017-06-27T18:03:20Z",79.40,77.00,14.36,96.64,99.65,97.38,100.42
"8e4d9f94-4c49-4280-9e94-2a21ae42ee97","d0a50b1c-a334-4d26-9089-0f8d05063665","D17","BIGC","BIGC.AOS.reaeration.station.04","BIGC_S4_20170627","2017-06-27T17:54Z",1928,"2017-06-27T22:21:10Z",52.60,53.50,25.76,52.73,51.85,52.68,51.80
"dabfbe06-904e-4bc9-9f33-830a8f548a48","d0a50b1c-a334-4d26-9089-0f8d05063665","D17","BIGC","BIGC.AOS.reaeration.station.04","BIGC_S4_20170627","2017-06-27T17:54Z",248,"2017-06-27T17:41:10Z",79.00,76.60,14.14,96.65,99.68,97.39,100.44
"bf50688d-6b60-4116-9b7f-8368179757fc","d0a50b1c-a334-4d26-9089-0f8d05063665","D17","BIGC","BIGC.AOS.reaeration.station.04","BIGC_S4_20170627","2017-06-27T17:54Z",1536,"2017-06-27T21:15:50Z",50.10,51.30,23.08,53.25,52.01,53.37,52.12
"f03267fa-d2f6-4270-a198-30018450838e","d0a50b1c-a334-4d26-9089-0f8d05063665","D17","BIGC","BIGC.AOS.reaeration.station.04","BIGC_S4_20170627","2017-06-27T17:54Z",2181,"2017-06-27T23:03:20Z",54.50,55.30,26.02,54.24,53.46,54.17,53.39
"40969f8d-71de-454f-a65d-dbe0924f7430","d0a50b1c-a334-4d26-9089-0f8d05063665","D17","BIGC","BIGC.AOS.reaeration.station.04","BIGC_S4_20170627","2017-06-27T17:54Z",2544,"2017-06-28T00:03:50Z",53.80,55.00,26.02,53.95,52.77,53.88,52.70
"4e01ccb9-9af7-453d-8409-33f3e2b65dca","d0a50b1c-a334-4d26-9089-0f8d05063665","D17","BIGC","BIGC.AOS.reaeration.station.04","BIGC_S4_20170627","2017-06-27T17:54Z",1907,"2017-06-27T22:17:40Z",52.40,53.50,25.70,52.79,51.71,52.75,51.66
"68e6e2ee-4a52-4333-8a34-6125aee8fd78","d0a50b1c-a334-4d26-9089-0f8d05063665","D17","BIGC","BIGC.AOS.reaeration.station.04","BIGC_S4_20170627","2017-06-27T17:54Z",1397,"2017-06-27T20:52:40Z",47.90,48.50,19.97,53.65,52.99,53.93,53.27
"20e4a7ea-0e7b-42b9-924e-13b4454c96c4","d0a50b1c-a334-4d26-9089-0f8d05063665","D17","BIGC","BIGC.AOS.reaeration.station.04","BIGC_S4_20170627","2017-06-27T17:54Z",872,"2017-06-27T19:25:10Z",87.10,85.20,16.13,102.58,104.87,103.34,105.64
"a8c960ef-8c7a-4465-81a8-3dee50400d3d","d0a50b1c-a334-4d26-9089-0f8d05063665","D17","BIGC","BIGC.AOS.reaeration.station.04","BIGC_S4_20170627","2017-06-27T17:54Z",1659,"2017-06-27T21:36:20Z",50.70,51.70,24.39,52.31,51.30,52.35,51.34
"bba88cdc-84b7-4f2f-adee-6a61c1571c35","d0a50b1c-a334-4d26-9089-0f8d05063665","D17","BIGC","BIGC.AOS.reaeration.station.04","BIGC_S4_20170627","2017-06-27T17:54Z",2640,"2017-06-28T00:19:40Z",36.20,37.30,24.79,37.45,36.35,37.46,36.36
"10d51158-c83f-48a2-bc07-04ec378a5269","d0a50b1c-a334-4d26-9089-0f8d05063665","D17","BIGC","BIGC.AOS.reaeration.station.04","BIGC_S4_20170627","2017-06-27T17:54Z",79,"2017-06-27T17:13:00Z",78.50,76.20,13.91,96.68,99.60,97.42,100.36
"d978db26-4a24-4a35-ad4d-3e85ac05b013","d0a50b1c-a334-4d26-9089-0f8d05063665","D17","BIGC","BIGC.AOS.reaeration.station.04","BIGC_S4_20170627","2017-06-27T17:54Z",687,"2017-06-27T18:54:20Z",81.30,78.80,15.32,96.67,99.74,97.41,100.50
"46bf7f75-4992-46e6-8140-4fcc0343465c","d0a50b1c-a334-4d26-9089-0f8d05063665","D17","BIGC","BIGC.AOS.reaeration.station.04","BIGC_S4_20170627","2017-06-27T17:54Z",450,"2017-06-27T18:14:50Z",79.70,77.30,14.51,96.67,99.67,97.41,100.43
"ff25a313-d5ea-4736-8892-f63cb304b549","d0a50b1c-a334-4d26-9089-0f8d05063665","D17","BIGC","BIGC.AOS.reaeration.station.04","BIGC_S4_20170627","2017-06-27T17:54Z",1823,"2017-06-27T22:03:40Z",51.50,52.70,25.38,52.32,51.13,52.30,51.10
"f4e3fc78-6838-4a1b-8dcf-e6e2a29e57f7","d0a50b1c-a334-4d26-9089-0f8d05063665","D17","BIGC","BIGC.AOS.reaeration.station.04","BIGC_S4_20170627","2017-06-27T17:54Z",210,"2017-06-27T17:34:50Z",78.80,76.60,14.11,96.72,99.49,97.46,100.26
"90e7ea8e-fd46-4203-9c0d-ae8200a53314","d0a50b1c-a334-4d26-9089-0f8d05063665","D17","BIGC","BIGC.AOS.reaeration.station.04","BIGC_S4_20170627","2017-06-27T17:54Z",1667,"2017-06-27T21:37:40Z",50.70,51.30,24.46,51.83,51.23,51.87,51.26
"da0e39d0-e15b-4d39-b202-95f4740882a8","d0a50b1c-a334-4d26-9089-0f8d05063665","D17","BIGC","BIGC.AOS.reaeration.station.04","BIGC_S4_20170627","2017-06-27T17:54Z",953,"2017-06-27T19:38:40Z",87.50,85.60,16.40,102.42,104.70,103.17,105.46
"e7a2783b-6c8b-4699-abb0-7591a04b16d8","d0a50b1c-a334-4d26-9089-0f8d05063665","D17","BIGC","BIGC.AOS.reaeration.station.04","BIGC_S4_20170627","2017-06-27T17:54Z",649,"2017-06-27T18:48:00Z",81.10,78.80,15.14,97.08,99.92,97.82,100.68
"f596e234-608c-4644-a5ee-e2456daa2660","d0a50b1c-a334-4d26-9089-0f8d05063665","D17","BIGC","BIGC.AOS.reaeration.station.04","BIGC_S4_20170627","2017-06-27T17:54Z",966,"2017-06-27T19:40:50Z",87.60,85.60,16.45,102.31,104.70,103.05,105.46
"c096ed27-622b-4b72-9aca-ed1df94bbf86","d0a50b1c-a334-4d26-9089-0f8d05063665","D17","BIGC","BIGC.AOS.reaeration.station.04","BIGC_S4_20170627","2017-06-27T17:54Z",643,"2017-06-27T18:47:00Z",81.00,78.80,15.14,97.08,99.79,97.82,100.55
"93541941-6b79-4b23-ade6-5520f1e2545a","d0a50b1c-a334-4d26-9089-0f8d05063665","D17","BIGC","BIGC.AOS.reaeration.station.04","BIGC_S4_20170627","2017-06-27T17:54Z",538,"2017-06-27T18:29:30Z",80.10,77.70,14.76,96.59,99.58,97.33,100.34
"0504e199-aa5f-42c5-b47f-a32ec630aba5","d0a50b1c-a334-4d26-9089-0f8d05063665","D17","BIGC","BIGC.AOS.reaeration.station.04","BIGC_S4_20170627","2017-06-27T17:54Z",15,"2017-06-27T17:02:20Z",78.50,76.20,13.87,96.77,99.69,97.51,100.46
"d5885185-2f55-4a58-bad6-6d28bb4d3b8b","d0a50b1c-a334-4d26-9089-0f8d05063665","D17","BIGC","BIGC.AOS.reaeration.station.04","BIGC_S4_20170627","2017-06-27T17:54Z",1702,"2017-06-27T21:43:30Z",50.90,51.60,24.71,51.89,51.18,51.91,51.20
"81f6ffb1-c012-4a37-a44b-910cef30da76","d0a50b1c-a334-4d26-9089-0f8d05063665","D17","BIGC","BIGC.AOS.reaeration.station.04","BIGC_S4_20170627","2017-06-27T17:54Z",933,"2017-06-27T19:35:20Z",87.40,85.60,16.35,102.54,104.70,103.29,105.46
"4016c64c-b0f4-4db1-a210-0dc327b8de66","d0a50b1c-a334-4d26-9089-0f8d05063665","D17","BIGC","BIGC.AOS.reaeration.station.04","BIGC_S4_20170627","2017-06-27T17:54Z",1255,"2017-06-27T20:29:00Z",90.90,88.90,17.39,104.02,106.36,104.73,107.09
"9af711b2-44b7-4076-8abc-d6131acff438","d0a50b1c-a334-4d26-9089-0f8d05063665","D17","BIGC","BIGC.AOS.reaeration.station.04","BIGC_S4_20170627","2017-06-27T17:54Z",1699,"2017-06-27T21:43:00Z",50.80,51.60,24.69,51.91,51.10,51.93,51.12
"39883b50-51ce-4d8e-9e2c-7cd2bec6d1c7","d0a50b1c-a334-4d26-9089-0f8d05063665","D17","BIGC","BIGC.AOS.reaeration.station.04","BIGC_S4_20170627","2017-06-27T17:54Z",2316,"2017-06-27T23:25:50Z",54.80,56.10,26.01,55.04,53.76,54.97,53.69
"f83cbae6-a7f3-4624-8bdc-9a416bf72cb5","d0a50b1c-a334-4d26-9089-0f8d05063665","D17","BIGC","BIGC.AOS.reaeration.station.04","BIGC_S4_20170627","2017-06-27T17:54Z",1236,"2017-06-27T20:25:50Z",90.80,88.90,17.34,104.14,106.36,104.85,107.10
"742e4dfb-1c3c-4f29-93b4-9e7e297ff680","d0a50b1c-a334-4d26-9089-0f8d05063665","D17","BIGC","BIGC.AOS.reaeration.station.04","BIGC_S4_20170627","2017-06-27T17:54Z",220,"2017-06-27T17:36:30Z",78.90,76.60,14.12,96.69,99.60,97.44,100.36
"d63061e4-494d-45cf-9651-6dff68956a4a","d0a50b1c-a334-4d26-9089-0f8d05063665","D17","BIGC","BIGC.AOS.reaeration.station.04","BIGC_S4_20170627","2017-06-27T17:54Z",2257,"2017-06-27T23:16:00Z",54.90,56.10,26.02,55.03,53.85,54.96,53.78
"caf9ab58-2634-4181-929a-e65e3475bf4a","d0a50b1c-a334-4d26-9089-0f8d05063665","D17","BIGC","BIGC.AOS.reaeration.station.04","BIGC_S4_20170627","2017-06-27T17:54Z",974,"2017-06-27T19:42:10Z",87.60,85.60,16.47,102.26,104.65,103.00,105.41
"446b1ac4-cebe-4214-8af2-a5b25fa43c31","d0a50b1c-a334-4d26-9089-0f8d05063665","D17","BIGC","BIGC.AOS.reaeration.station.04","BIGC_S4_20170627","2017-06-27T17:54Z",1522,"2017-06-27T21:13:30Z",50.00,51.40,22.87,53.58,52.12,53.71,52.25
"539df6e5-a4e6-43f0-a2f8-701fb3e8674d","d0a50b1c-a334-4d26-9089-0f8d05063665","D17","BIGC","BIGC.AOS.reaeration.station.04","BIGC_S4_20170627","2017-06-27T17:54Z",317,"2017-06-27T17:52:40Z",79.20,77.00,14.26,96.87,99.64,97.62,100.40
"1dadd842-e1e8-4192-9084-a26869271b44","d0a50b1c-a334-4d26-9089-0f8d05063665","D17","BIGC","BIGC.AOS.reaeration.station.04","BIGC_S4_20170627","2017-06-27T17:54Z",967,"2017-06-27T19:41:00Z",87.60,85.60,16.45,102.31,104.70,103.05,105.46
"c87d33d9-5098-4d31-b983-fbd0a1792763","d0a50b1c-a334-4d26-9089-0f8d05063665","D17","BIGC","BIGC.AOS.reaeration.station.04","BIGC_S4_20170627","2017-06-27T17:54Z",1309,"2017-06-27T20:38:00Z",91.40,89.60,17.57,104.42,106.52,105.13,107.24
"552eb55f-36ce-456a-8c66-a1832a8b7ee8","d0a50b1c-a334-4d26-9089-0f8d05063665","D17","BIGC","BIGC.AOS.reaeration.station.04","BIGC_S4_20170627","2017-06-27T17:54Z",146,"2017-06-27T17:24:10Z",78.70,76.60,14.00,96.97,99.63,97.72,100.40
"af944125-8584-424e-9089-0ea8e65c49e4","d0a50b1c-a334-4d26-9089-0f8d05063665","D17","BIGC","BIGC.AOS.reaeration.station.04","BIGC_S4_20170627","2017-06-27T17:54Z",240,"2017-06-27T17:39:50Z",79.00,76.60,14.12,96.69,99.72,97.44,100.49
"874128d0-1e72-4774-b93b-792a7e71c2b8","d0a50b1c-a334-4d26-9089-0f8d05063665","D17","BIGC","BIGC.AOS.reaeration.station.04","BIGC_S4_20170627","2017-06-27T17:54Z",1963,"2017-06-27T22:27:00Z",52.80,53.80,25.84,52.95,51.97,52.90,51.91
"2ce507f8-741c-4d2c-8b4c-2b8d801b04d9","d0a50b1c-a334-4d26-9089-0f8d05063665","D17","BIGC","BIGC.AOS.reaeration.station.04","BIGC_S4_20170627","2017-06-27T17:54Z",999,"2017-06-27T19:46:20Z",87.60,85.50,16.54,101.98,104.48,102.72,105.24
"c55f256b-2e4f-4af1-a075-747941f57583","d0a50b1c-a334-4d26-9089-0f8d05063665","D17","BIGC","BIGC.AOS.reaeration.station.04","BIGC_S4_20170627","2017-06-27T17:54Z",2424,"2017-06-27T23:43:50Z",54.80,56.10,26.01,55.04,53.76,54.97,53.69
"ad5fe9b7-0e66-4f86-a446-22f637224e64","d0a50b1c-a334-4d26-9089-0f8d05063665","D17","BIGC","BIGC.AOS.reaeration.station.04","BIGC_S4_20170627","2017-06-27T17:54Z",1248,"2017-06-27T20:27:50Z",90.90,88.90,17.38,104.04,106.38,104.76,107.12
"1a9d8630-acb5-4535-bcde-9703413dacdb","d0a50b1c-a334-4d26-9089-0f8d05063665","D17","BIGC","BIGC.AOS.reaeration.station.04","BIGC_S4_20170627","2017-06-27T17:54Z",882,"2017-06-27T19:26:50Z",87.10,85.60,16.16,102.99,104.79,103.75,105.57
"4ba08bb3-4b58-4aa8-a52a-656b7b49ba44","d0a50b1c-a334-4d26-9089-0f8d05063665","D17","BIGC","BIGC.AOS.reaeration.station.04","BIGC_S4_20170627","2017-06-27T17:54Z",1680,"2017-06-27T21:39:50Z",50.80,51.60,24.54,52.06,51.25,52.09,51.28
"20f7c645-b043-481f-91a0-ef75ebad7cf6","d0a50b1c-a334-4d26-9089-0f8d05063665","D17","BIGC","BIGC.AOS.reaeration.station.04","BIGC_S4_20170627","2017-06-27T17:54Z",140,"2017-06-27T17:23:10Z",78.60,76.20,13.99,96.49,99.53,97.23,100.29
"f5981e0a-5f5e-4a59-b0c6-d33952a539b3","d0a50b1c-a334-4d26-9089-0f8d05063665","D17","BIGC","BIGC.AOS.reaeration.station.04","BIGC_S4_20170627","2017-06-27T17:54Z",131,"2017-06-27T17:21:40Z",78.70,76.20,13.98,96.51,99.68,97.26,100.45
"125d19f1-d568-4fc9-8a28-b07653963bff","d0a50b1c-a334-4d26-9089-0f8d05063665","D17","BIGC","BIGC.AOS.reaeration.station.04","BIGC_S4_20170627","2017-06-27T17:54Z",624,"2017-06-27T18:43:50Z",80.90,78.40,15.07,96.75,99.84,97.49,100.60
"a490336b-6c56-43c7-b41f-338fce3993fc","d0a50b1c-a334-4d26-9089-0f8d05063665","D17","BIGC","BIGC.AOS.reaeration.station.04","BIGC_S4_20170627","2017-06-27T17:54Z",147,"2017-06-27T17:24:20Z",78.70,76.20,14.00,96.47,99.63,97.21,100.40
"fcea63e3-863b-4f42-ae74-03ac9fe8f66e","d0a50b1c-a334-4d26-9089-0f8d05063665","D17","BIGC","BIGC.AOS.reaeration.station.04","BIGC_S4_20170627","2017-06-27T17:54Z",914,"2017-06-27T19:32:10Z",87.30,85.60,16.27,102.73,104.77,103.48,105.54
"ccdce0ac-5a15-4460-91d7-8cc65f784fe3","d0a50b1c-a334-4d26-9089-0f8d05063665","D17","BIGC","BIGC.AOS.reaeration.station.04","BIGC_S4_20170627","2017-06-27T17:54Z",68,"2017-06-27T17:11:10Z",78.50,76.20,13.91,96.68,99.60,97.42,100.36
"d0618725-7eec-4013-955d-e3933f223eef","d0a50b1c-a334-4d26-9089-0f8d05063665","D17","BIGC","BIGC.AOS.reaeration.station.04","BIGC_S4_20170627","2017-06-27T17:54Z",661,"2017-06-27T18:50:00Z",81.20,78.80,15.21,96.92,99.88,97.66,100.64
"6cf420f8-dd0e-4bb0-8ae5-4ef26150c03d","d0a50b1c-a334-4d26-9089-0f8d05063665","D17","BIGC","BIGC.AOS.reaeration.station.04","BIGC_S4_20170627","2017-06-27T17:54Z",2412,"2017-06-27T23:41:50Z",54.90,56.10,26.01,55.04,53.86,54.97,53.79
"b8b270d7-2d1e-4f95-8517-d9988583d93b","d0a50b1c-a334-4d26-9089-0f8d05063665","D17","BIGC","BIGC.AOS.reaeration.station.04","BIGC_S4_20170627","2017-06-27T17:54Z",1298,"2017-06-27T20:36:10Z",91.20,89.60,17.53,104.51,106.38,105.22,107.10
"b1cdea44-a5ba-422e-8469-2e5537e63c08","d0a50b1c-a334-4d26-9089-0f8d05063665","D17","BIGC","BIGC.AOS.reaeration.station.04","BIGC_S4_20170627","2017-06-27T17:54Z",1529,"2017-06-27T21:14:40Z",50.00,51.40,22.97,53.47,52.02,53.60,52.14
"82c96b64-bf03-4bd2-8beb-9de9acb2091c","d0a50b1c-a334-4d26-9089-0f8d05063665","D17","BIGC","BIGC.AOS.reaeration.station.04","BIGC_S4_20170627","2017-06-27T17:54Z",1284,"2017-06-27T20:33:50Z",91.10,89.30,17.49,104.25,106.36,104.97,107.08
"95ddcc7e-0cda-421f-9677-ca0f88ab0d07","d0a50b1c-a334-4d26-9089-0f8d05063665","D17","BIGC","BIGC.AOS.reaeration.station.04","BIGC_S4_20170627","2017-06-27T17:54Z",1219,"2017-06-27T20:23:00Z",90.70,88.90,17.27,104.30,106.41,105.02,107.15
"11d0737f-674e-49e3-9f7b-d4f5eebc63c6","d0a50b1c-a334-4d26-9089-0f8d05063665","D17","BIGC","BIGC.AOS.reaeration.station.04","BIGC_S4_20170627","2017-06-27T17:54Z",539,"2017-06-27T18:29:40Z",80.10,77.70,14.76,96.59,99.58,97.33,100.34
"18d3296c-fafc-4c18-827b-fd0970220498","d0a50b1c-a334-4d26-9089-0f8d05063665","D17","BIGC","BIGC.AOS.reaeration.station.04","BIGC_S4_20170627","2017-06-27T17:54Z",1871,"2017-06-27T22:11:40Z",52.00,52.70,25.58,52.12,51.43,52.09,51.39
"57262ee9-d276-4f87-b0f8-f96f8c5af23f","d0a50b1c-a334-4d26-9089-0f8d05063665","D17","BIGC","BIGC.AOS.reaeration.station.04","BIGC_S4_20170627","2017-06-27T17:54Z",859,"2017-06-27T19:23:00Z",86.90,84.80,16.09,102.19,104.72,102.95,105.50
"728cc7a5-638b-451b-9275-7ac1b2126ad3","d0a50b1c-a334-4d26-9089-0f8d05063665","D17","BIGC","BIGC.AOS.reaeration.station.04","BIGC_S4_20170627","2017-06-27T17:54Z",753,"2017-06-27T19:05:20Z",85.20,83.30,15.61,101.50,103.82,102.27,104.60
"b68f5f5f-d868-4079-8555-b9cc248005ca","d0a50b1c-a334-4d26-9089-0f8d05063665","D17","BIGC","BIGC.AOS.reaeration.station.04","BIGC_S4_20170627","2017-06-27T17:54Z",2348,"2017-06-27T23:31:10Z",54.80,56.50,26.01,55.43,53.76,55.36,53.69
"b56b8c88-12cf-40c4-a2ed-4e844e997c4e","d0a50b1c-a334-4d26-9089-0f8d05063665","D17","BIGC","BIGC.AOS.reaeration.station.04","BIGC_S4_20170627","2017-06-27T17:54Z",2550,"2017-06-28T00:04:50Z",53.80,55.00,26.02,53.95,52.77,53.88,52.70
"5b60cda5-6c5c-47b5-b5fb-daa3da130360","d0a50b1c-a334-4d26-9089-0f8d05063665","D17","BIGC","BIGC.AOS.reaeration.station.04","BIGC_S4_20170627","2017-06-27T17:54Z",1599,"2017-06-27T21:26:20Z",50.40,51.30,23.83,52.47,51.55,52.55,51.62
"45e4ab8c-6225-4688-b992-2362c4ee529c","d0a50b1c-a334-4d26-9089-0f8d05063665","D17","BIGC","BIGC.AOS.reaeration.station.04","BIGC_S4_20170627","2017-06-27T17:54Z",955,"2017-06-27T19:39:00Z",87.50,85.60,16.40,102.42,104.70,103.17,105.46
"74a188b4-5527-42ee-a398-ab99a7ba36a5","d0a50b1c-a334-4d26-9089-0f8d05063665","D17","BIGC","BIGC.AOS.reaeration.station.04","BIGC_S4_20170627","2017-06-27T17:54Z",26,"2017-06-27T17:04:10Z",78.50,76.20,13.87,96.77,99.69,97.51,100.46
"40903f95-72be-43ef-9120-201699dc8829","d0a50b1c-a334-4d26-9089-0f8d05063665","D17","BIGC","BIGC.AOS.reaeration.station.04","BIGC_S4_20170627","2017-06-27T17:54Z",490,"2017-06-27T18:21:30Z",79.90,77.70,14.61,96.94,99.68,97.68,100.45
"6a0988e5-97a0-4850-81b6-9975b45c0950","d0a50b1c-a334-4d26-9089-0f8d05063665","D17","BIGC","BIGC.AOS.reaeration.station.04","BIGC_S4_20170627","2017-06-27T17:54Z",2364,"2017-06-27T23:33:50Z",54.80,56.10,26.01,55.04,53.76,54.97,53.69
"5729bd4a-f0f7-4262-b5d1-0a2cc5d6302e","d0a50b1c-a334-4d26-9089-0f8d05063665","D17","BIGC","BIGC.AOS.reaeration.station.04","BIGC_S4_20170627","2017-06-27T17:54Z",2217,"2017-06-27T23:09:20Z",54.70,56.10,26.02,55.03,53.65,54.96,53.59
"f70e758e-13b5-4aa7-8316-9888b7679d97","d0a50b1c-a334-4d26-9089-0f8d05063665","D17","BIGC","BIGC.AOS.reaeration.station.04","BIGC_S4_20170627","2017-06-27T17:54Z",58,"2017-06-27T17:09:30Z",78.50,76.20,13.90,96.70,99.62,97.44,100.38
"b407d831-c796-4e8a-87d7-602df48c4f26","d0a50b1c-a334-4d26-9089-0f8d05063665","D17","BIGC","BIGC.AOS.reaeration.station.04","BIGC_S4_20170627","2017-06-27T17:54Z",1886,"2017-06-27T22:14:10Z",52.10,53.10,25.64,52.46,51.47,52.42,51.43
"1b1278b8-aa3f-4d10-90ca-a3959b4caba1","d0a50b1c-a334-4d26-9089-0f8d05063665","D17","BIGC","BIGC.AOS.reaeration.station.04","BIGC_S4_20170627","2017-06-27T17:54Z",2182,"2017-06-27T23:03:30Z",54.50,55.70,26.01,54.65,53.47,54.58,53.40
"7a3b98ce-8747-41d3-be8e-5356b08d9eef","d0a50b1c-a334-4d26-9089-0f8d05063665","D17","BIGC","BIGC.AOS.reaeration.station.04","BIGC_S4_20170627","2017-06-27T17:54Z",1721,"2017-06-27T21:46:40Z",51.00,51.60,24.83,51.77,51.17,51.78,51.18
"768b8436-7aa5-4250-acb8-0963548ecc69","d0a50b1c-a334-4d26-9089-0f8d05063665","D17","BIGC","BIGC.AOS.reaeration.station.04","BIGC_S4_20170627","2017-06-27T17:54Z",2422,"2017-06-27T23:43:30Z",54.70,56.10,26.01,55.04,53.66,54.97,53.60
"a83c8022-56f9-4246-b60c-da96ff851e59","d0a50b1c-a334-4d26-9089-0f8d05063665","D17","BIGC","BIGC.AOS.reaeration.station.04","BIGC_S4_20170627","2017-06-27T17:54Z",2305,"2017-06-27T23:24:00Z",55.00,56.10,26.01,55.04,53.96,54.97,53.89
"0c3f7796-0f05-4d2c-a485-a3454fa45f05","d0a50b1c-a334-4d26-9089-0f8d05063665","D17","BIGC","BIGC.AOS.reaeration.station.04","BIGC_S4_20170627","2017-06-27T17:54Z",1212,"2017-06-27T20:21:50Z",90.60,88.50,17.26,103.85,106.32,104.57,107.05
"d5152a4d-05ac-4e1e-bd2f-4cfd10009752","d0a50b1c-a334-4d26-9089-0f8d05063665","D17","BIGC","BIGC.AOS.reaeration.station.04","BIGC_S4_20170627","2017-06-27T17:54Z",343,"2017-06-27T17:57:00Z",79.30,77.00,14.30,96.78,99.67,97.52,100.44
"55d92728-9d6e-41e6-82ff-7ea1a27a4d2a","d0a50b1c-a334-4d26-9089-0f8d05063665","D17","BIGC","BIGC.AOS.reaeration.station.04","BIGC_S4_20170627","2017-06-27T17:54Z",2586,"2017-06-28T00:10:50Z",52.90,54.20,26.03,53.15,51.88,53.09,51.81
"7692e82f-4a9f-460b-98bd-a153105a6d45","d0a50b1c-a334-4d26-9089-0f8d05063665","D17","BIGC","BIGC.AOS.reaeration.station.04","BIGC_S4_20170627","2017-06-27T17:54Z",1332,"2017-06-27T20:41:50Z",46.00,46.30,17.83,53.65,53.30,54.00,53.65
"15827cf1-8890-4379-8bf2-41b58515f16f","d0a50b1c-a334-4d26-9089-0f8d05063665","D17","BIGC","BIGC.AOS.reaeration.station.04","BIGC_S4_20170627","2017-06-27T17:54Z",502,"2017-06-27T18:23:30Z",79.90,77.70,14.64,96.87,99.61,97.61,100.37
"63de090c-9b0e-4f3f-8f0d-82215dadfd20","d0a50b1c-a334-4d26-9089-0f8d05063665","D17","BIGC","BIGC.AOS.reaeration.station.04","BIGC_S4_20170627","2017-06-27T17:54Z",1146,"2017-06-27T20:10:50Z",89.60,87.80,17.03,103.57,105.69,104.29,106.43
"874b582f-4ec3-40aa-90d3-1d5d91e88a0b","d0a50b1c-a334-4d26-9089-0f8d05063665","D17","BIGC","BIGC.AOS.reaeration.station.04","BIGC_S4_20170627","2017-06-27T17:54Z",414,"2017-06-27T18:08:50Z",79.60,77.30,14.43,96.85,99.74,97.60,100.50
"e675b875-f737-4ea1-8976-4bec3a688c56","d0a50b1c-a334-4d26-9089-0f8d05063665","D17","BIGC","BIGC.AOS.reaeration.station.04","BIGC_S4_20170627","2017-06-27T17:54Z",2450,"2017-06-27T23:48:10Z",54.60,56.10,26.02,55.03,53.56,54.96,53.49
"c744d590-59f7-4cfd-9902-9fbd2df6bc31","d0a50b1c-a334-4d26-9089-0f8d05063665","D17","BIGC","BIGC.AOS.reaeration.station.04","BIGC_S4_20170627","2017-06-27T17:54Z",1126,"2017-06-27T20:07:30Z",88.80,87.00,16.96,102.78,104.91,103.51,105.65
"1d5fced7-97c1-4b27-9eda-f466d0c588c4","d0a50b1c-a334-4d26-9089-0f8d05063665","D17","BIGC","BIGC.AOS.reaeration.station.04","BIGC_S4_20170627","2017-06-27T17:54Z",2554,"2017-06-28T00:05:30Z",53.50,55.00,26.02,53.95,52.48,53.88,52.41
"83af9fcc-eaaf-45c8-b039-73f19283855c","d0a50b1c-a334-4d26-9089-0f8d05063665","D17","BIGC","BIGC.AOS.reaeration.station.04","BIGC_S4_20170627","2017-06-27T17:54Z",1163,"2017-06-27T20:13:40Z",90.10,88.20,17.09,103.90,106.13,104.63,106.88
"15046a45-f5ff-4263-a313-af2fe50829f8","d0a50b1c-a334-4d26-9089-0f8d05063665","D17","BIGC","BIGC.AOS.reaeration.station.04","BIGC_S4_20170627","2017-06-27T17:54Z",2530,"2017-06-28T00:01:30Z",54.10,55.30,26.02,54.24,53.07,54.17,53.00
"401b07af-96d8-47b4-9640-6bcfbdd42102","d0a50b1c-a334-4d26-9089-0f8d05063665","D17","BIGC","BIGC.AOS.reaeration.station.04","BIGC_S4_20170627","2017-06-27T17:54Z",1569,"2017-06-27T21:21:20Z",50.40,50.90,23.49,52.41,51.90,52.50,51.99
"5586e09f-a0a8-4aca-a6ce-40d39ad4d028","d0a50b1c-a334-4d26-9089-0f8d05063665","D17","BIGC","BIGC.AOS.reaeration.station.04","BIGC_S4_20170627","2017-06-27T17:54Z",2020,"2017-06-27T22:36:30Z",53.30,54.20,25.94,53.24,52.36,53.18,52.30
"30b7ee17-705b-4974-8a27-9379bb5070b3","d0a50b1c-a334-4d26-9089-0f8d05063665","D17","BIGC","BIGC.AOS.reaeration.station.04","BIGC_S4_20170627","2017-06-27T17:54Z",1960,"2017-06-27T22:26:30Z",52.80,53.80,25.83,52.96,51.98,52.91,51.92
"a6606dd0-c59c-41b1-b700-4cf852b97939","d0a50b1c-a334-4d26-9089-0f8d05063665","D17","BIGC","BIGC.AOS.reaeration.station.04","BIGC_S4_20170627","2017-06-27T17:54Z",122,"2017-06-27T17:20:10Z",78.60,76.20,13.97,96.54,99.58,97.28,100.34
"16ef92f9-cad2-450c-8261-4edc06715674","d0a50b1c-a334-4d26-9089-0f8d05063665","D17","BIGC","BIGC.AOS.reaeration.station.04","BIGC_S4_20170627","2017-06-27T17:54Z",2091,"2017-06-27T22:48:20Z",53.90,55.00,26.00,53.97,52.89,53.90,52.82
"d650c63c-8a14-422e-aac8-a8f0e7e9fd31","d0a50b1c-a334-4d26-9089-0f8d05063665","D17","BIGC","BIGC.AOS.reaeration.station.04","BIGC_S4_20170627","2017-06-27T17:54Z",1650,"2017-06-27T21:34:50Z",50.60,51.30,24.33,51.96,51.26,52.01,51.30
"e8869721-ebc2-4199-88ea-51f250b48023","d0a50b1c-a334-4d26-9089-0f8d05063665","D17","BIGC","BIGC.AOS.reaeration.station.04","BIGC_S4_20170627","2017-06-27T17:54Z",192,"2017-06-27T17:31:50Z",78.90,76.60,14.06,96.83,99.74,97.58,100.51
"b23e4500-c3bb-45ae-89dd-d88aebd2e134","d0a50b1c-a334-4d26-9089-0f8d05063665","D17","BIGC","BIGC.AOS.reaeration.station.04","BIGC_S4_20170627","2017-06-27T17:54Z",1645,"2017-06-27T21:34:00Z",50.60,51.70,24.28,52.42,51.31,52.47,51.35
"45d49063-b5b7-430b-bc1e-ca736dfaff9e","d0a50b1c-a334-4d26-9089-0f8d05063665","D17","BIGC","BIGC.AOS.reaeration.station.04","BIGC_S4_20170627","2017-06-27T17:54Z",904,"2017-06-27T19:30:30Z",87.30,85.20,16.25,102.30,104.82,103.05,105.59
"f62618a9-0508-4fe7-b6ec-00180e90426a","d0a50b1c-a334-4d26-9089-0f8d05063665","D17","BIGC","BIGC.AOS.reaeration.station.04","BIGC_S4_20170627","2017-06-27T17:54Z",1340,"2017-06-27T20:43:10Z",46.20,47.10,18.03,54.33,53.30,54.69,53.64
"a495868e-9c72-4478-84fa-4f7e2b03cccb","d0a50b1c-a334-4d26-9089-0f8d05063665","D17","BIGC","BIGC.AOS.reaeration.station.04","BIGC_S4_20170627","2017-06-27T17:54Z",1015,"2017-06-27T19:49:00Z",87.10,85.20,16.60,101.48,103.74,102.21,104.49
"8ea9fb94-1ac7-4b59-bef8-93a8f2c6ed5c","d0a50b1c-a334-4d26-9089-0f8d05063665","D17","BIGC","BIGC.AOS.reaeration.station.04","BIGC_S4_20170627","2017-06-27T17:54Z",348,"2017-06-27T17:57:50Z",79.40,77.00,14.30,96.78,99.80,97.52,100.56
"1d717806-151d-4563-ba39-8d9fa0dc8600","d0a50b1c-a334-4d26-9089-0f8d05063665","D17","BIGC","BIGC.AOS.reaeration.station.04","BIGC_S4_20170627","2017-06-27T17:54Z",728,"2017-06-27T19:01:10Z",83.60,81.80,15.51,99.91,102.11,100.66,102.88
"751cb178-7e74-493e-825b-b0d7cb1744ac","d0a50b1c-a334-4d26-9089-0f8d05063665","D17","BIGC","BIGC.AOS.reaeration.station.04","BIGC_S4_20170627","2017-06-27T17:54Z",834,"2017-06-27T19:18:50Z",86.70,84.80,15.98,102.45,104.75,103.21,105.52
"09564e13-f793-4bfc-97f4-ec88f13bbf4c","d0a50b1c-a334-4d26-9089-0f8d05063665","D17","BIGC","BIGC.AOS.reaeration.station.04","BIGC_S4_20170627","2017-06-27T17:54Z",773,"2017-06-27T19:08:40Z",85.90,83.70,15.71,101.76,104.43,102.52,105.21
"f3e0a927-c919-4bc6-bc8a-2cd6f4450607","d0a50b1c-a334-4d26-9089-0f8d05063665","D17","BIGC","BIGC.AOS.reaeration.station.04","BIGC_S4_20170627","2017-06-27T17:54Z",1280,"2017-06-27T20:33:10Z",91.10,89.70,17.49,104.72,106.36,105.44,107.08
"e1f2afd5-9cd3-4aff-a9f7-2488ba2c06d2","d0a50b1c-a334-4d26-9089-0f8d05063665","D17","BIGC","BIGC.AOS.reaeration.station.04","BIGC_S4_20170627","2017-06-27T17:54Z",561,"2017-06-27T18:33:20Z",80.30,78.10,14.82,96.95,99.68,97.69,100.45
"fb368cd4-b18f-46cc-b5ab-5d8fc5c23e42","d0a50b1c-a334-4d26-9089-0f8d05063665","D17","BIGC","BIGC.AOS.reaeration.station.04","BIGC_S4_20170627","2017-06-27T17:54Z",577,"2017-06-27T18:36:00Z",80.40,78.10,14.89,96.79,99.64,97.53,100.40
"4114f67f-0538-4477-a119-4d51d1a1f21b","d0a50b1c-a334-4d26-9089-0f8d05063665","D17","BIGC","BIGC.AOS.reaeration.station.04","BIGC_S4_20170627","2017-06-27T17:54Z",1737,"2017-06-27T21:49:20Z",51.20,52.00,24.93,52.07,51.27,52.07,51.27
"42851ab6-221e-444c-9bc2-00a0b2df97b9","d0a50b1c-a334-4d26-9089-0f8d05063665","D17","BIGC","BIGC.AOS.reaeration.station.04","BIGC_S4_20170627","2017-06-27T17:54Z",1199,"2017-06-27T20:19:40Z",90.50,88.50,17.21,103.97,106.32,104.69,107.06
"91adcb84-2137-4ba8-8317-e9ed140fac61","d0a50b1c-a334-4d26-9089-0f8d05063665","D17","BIGC","BIGC.AOS.reaeration.station.04","BIGC_S4_20170627","2017-06-27T17:54Z",2164,"2017-06-27T23:00:30Z",54.30,55.70,26.01,54.65,53.27,54.58,53.21
"455737a2-10c1-4e0e-bd56-221f7e54f064","d0a50b1c-a334-4d26-9089-0f8d05063665","D17","BIGC","BIGC.AOS.reaeration.station.04","BIGC_S4_20170627","2017-06-27T17:54Z",2482,"2017-06-27T23:53:30Z",54.40,56.10,26.02,55.03,53.36,54.96,53.29
"576d6d7f-0da0-4a1b-87dc-0135b2549acb","d0a50b1c-a334-4d26-9089-0f8d05063665","D17","BIGC","BIGC.AOS.reaeration.station.04","BIGC_S4_20170627","2017-06-27T17:54Z",1339,"2017-06-27T20:43:00Z",46.10,47.10,18.00,54.37,53.21,54.73,53.56
"91b45ca8-38bc-41d6-b08e-cab3d8f157ae","d0a50b1c-a334-4d26-9089-0f8d05063665","D17","BIGC","BIGC.AOS.reaeration.station.04","BIGC_S4_20170627","2017-06-27T17:54Z",510,"2017-06-27T18:24:50Z",80.00,77.70,14.66,96.82,99.69,97.56,100.45
"daef5c80-4d35-42a8-8671-c77cd439dc79","d0a50b1c-a334-4d26-9089-0f8d05063665","D17","BIGC","BIGC.AOS.reaeration.station.04","BIGC_S4_20170627","2017-06-27T17:54Z",699,"2017-06-27T18:56:20Z",81.40,79.20,15.36,97.07,99.77,97.81,100.53
"cc713ba1-798c-4d02-8693-896dfbb3c79a","d0a50b1c-a334-4d26-9089-0f8d05063665","D17","BIGC","BIGC.AOS.reaeration.station.04","BIGC_S4_20170627","2017-06-27T17:54Z",2035,"2017-06-27T22:39:00Z",53.30,54.20,25.95,53.23,52.35,53.17,52.29
"e661f4cf-ccb5-4eb9-a18f-314e495aa2fd","d0a50b1c-a334-4d26-9089-0f8d05063665","D17","BIGC","BIGC.AOS.reaeration.station.04","BIGC_S4_20170627","2017-06-27T17:54Z",684,"2017-06-27T18:53:50Z",81.30,79.20,15.30,97.21,99.79,97.95,100.54
"2844dc8f-594e-4ae6-b4aa-25f751fdc15f","d0a50b1c-a334-4d26-9089-0f8d05063665","D17","BIGC","BIGC.AOS.reaeration.station.04","BIGC_S4_20170627","2017-06-27T17:54Z",2358,"2017-06-27T23:32:50Z",54.90,56.50,26.01,55.43,53.86,55.36,53.79
"19045d58-3d9b-4076-afed-43079b83c645","d0a50b1c-a334-4d26-9089-0f8d05063665","D17","BIGC","BIGC.AOS.reaeration.station.04","BIGC_S4_20170627","2017-06-27T17:54Z",2464,"2017-06-27T23:50:30Z",54.50,56.10,26.02,55.03,53.46,54.96,53.39
"ac2ed0a0-2ace-4c0a-848a-0395dc2ec755","d0a50b1c-a334-4d26-9089-0f8d05063665","D17","BIGC","BIGC.AOS.reaeration.station.04","BIGC_S4_20170627","2017-06-27T17:54Z",2248,"2017-06-27T23:14:30Z",54.80,56.10,26.02,55.03,53.75,54.96,53.68
"b7ea77fc-f361-4fc0-859b-db6b103de54f","d0a50b1c-a334-4d26-9089-0f8d05063665","D17","BIGC","BIGC.AOS.reaeration.station.04","BIGC_S4_20170627","2017-06-27T17:54Z",1651,"2017-06-27T21:35:00Z",50.70,51.30,24.34,51.95,51.35,52.00,51.39
"668a6dde-f5fa-43aa-9030-8b1233bc410f","d0a50b1c-a334-4d26-9089-0f8d05063665","D17","BIGC","BIGC.AOS.reaeration.station.04","BIGC_S4_20170627","2017-06-27T17:54Z",2578,"2017-06-28T00:09:30Z",53.20,54.60,26.05,53.53,52.15,53.46,52.09
"5cd518b8-a067-46f3-9244-036f868ad8fc","d0a50b1c-a334-4d26-9089-0f8d05063665","D17","BIGC","BIGC.AOS.reaeration.station.04","BIGC_S4_20170627","2017-06-27T17:54Z",1510,"2017-06-27T21:11:30Z",49.90,50.60,22.68,52.95,52.21,53.09,52.35
"9e2ae980-2431-4bc4-9246-0ff21a16d1a4","d0a50b1c-a334-4d26-9089-0f8d05063665","D17","BIGC","BIGC.AOS.reaeration.station.04","BIGC_S4_20170627","2017-06-27T17:54Z",843,"2017-06-27T19:20:20Z",86.90,84.80,16.01,102.38,104.91,103.14,105.69
"def855c6-b05e-43c4-8ddf-ca96fe0e77f5","d0a50b1c-a334-4d26-9089-0f8d05063665","D17","BIGC","BIGC.AOS.reaeration.station.04","BIGC_S4_20170627","2017-06-27T17:54Z",81,"2017-06-27T17:13:20Z",78.50,76.20,13.92,96.65,99.57,97.40,100.34
"d6f8425f-2491-4ffc-a556-3df26308a167","d0a50b1c-a334-4d26-9089-0f8d05063665","D17","BIGC","BIGC.AOS.reaeration.station.04","BIGC_S4_20170627","2017-06-27T17:54Z",765,"2017-06-27T19:07:20Z",85.70,83.30,15.66,101.39,104.31,102.15,105.09
"3e939a81-18c1-44f7-8d3a-ba5c537ae0d0","d0a50b1c-a334-4d26-9089-0f8d05063665","D17","BIGC","BIGC.AOS.reaeration.station.04","BIGC_S4_20170627","2017-06-27T17:54Z",2121,"2017-06-27T22:53:20Z",54.10,55.00,26.00,53.97,53.09,53.90,53.02
"d0d7a267-be40-47e2-96d7-17b75b8d212c","d0a50b1c-a334-4d26-9089-0f8d05063665","D17","BIGC","BIGC.AOS.reaeration.station.04","BIGC_S4_20170627","2017-06-27T17:54Z",727,"2017-06-27T19:01:00Z",83.30,81.40,15.50,99.44,101.77,100.19,102.53
"59bcaefd-313e-4037-be3b-906d2852cc2f","d0a50b1c-a334-4d26-9089-0f8d05063665","D17","BIGC","BIGC.AOS.reaeration.station.04","BIGC_S4_20170627","2017-06-27T17:54Z",724,"2017-06-27T19:00:30Z",83.20,81.40,15.50,99.44,101.64,100.19,102.41
"f5dab875-8b28-4d8f-827a-e9cb4eca1367","d0a50b1c-a334-4d26-9089-0f8d05063665","D17","BIGC","BIGC.AOS.reaeration.station.04","BIGC_S4_20170627","2017-06-27T17:54Z",2635,"2017-06-28T00:18:50Z",38.50,40.00,24.81,40.15,38.64,40.15,38.65
"ebb8328c-b5bc-477d-92ef-7c62b2f2d939","d0a50b1c-a334-4d26-9089-0f8d05063665","D17","BIGC","BIGC.AOS.reaeration.station.04","BIGC_S4_20170627","2017-06-27T17:54Z",1567,"2017-06-27T21:21:00Z",50.40,51.30,23.46,52.85,51.93,52.95,52.02
"8fdb6d60-1bd0-4138-a931-df0f65bae26f","d0a50b1c-a334-4d26-9089-0f8d05063665","D17","BIGC","BIGC.AOS.reaeration.station.04","BIGC_S4_20170627","2017-06-27T17:54Z",644,"2017-06-27T18:47:10Z",81.00,78.40,15.14,96.59,99.79,97.33,100.55
"77ef87e3-4b45-4c64-b00d-606a75672982","d0a50b1c-a334-4d26-9089-0f8d05063665","D17","BIGC","BIGC.AOS.reaeration.station.04","BIGC_S4_20170627","2017-06-27T17:54Z",1837,"2017-06-27T22:06:00Z",51.60,52.70,25.45,52.25,51.16,52.22,51.13
"41ee2045-7c71-4995-91cf-9f5ac2d316dc","d0a50b1c-a334-4d26-9089-0f8d05063665","D17","BIGC","BIGC.AOS.reaeration.station.04","BIGC_S4_20170627","2017-06-27T17:54Z",2571,"2017-06-28T00:08:20Z",53.30,54.60,26.03,53.55,52.27,53.48,52.20
"98507f3e-5d32-400c-b399-7a595f4b26ca","d0a50b1c-a334-4d26-9089-0f8d05063665","D17","BIGC","BIGC.AOS.reaeration.station.04","BIGC_S4_20170627","2017-06-27T17:54Z",1213,"2017-06-27T20:22:00Z",90.60,88.90,17.26,104.32,106.32,105.05,107.05
"119d02a1-5768-4abf-bfe3-474afc16b072","d0a50b1c-a334-4d26-9089-0f8d05063665","D17","BIGC","BIGC.AOS.reaeration.station.04","BIGC_S4_20170627","2017-06-27T17:54Z",1403,"2017-06-27T20:53:40Z",48.00,48.90,20.18,53.86,52.87,54.13,53.13
"e82ebab9-1317-41c1-8753-329f86167cec","d0a50b1c-a334-4d26-9089-0f8d05063665","D17","BIGC","BIGC.AOS.reaeration.station.04","BIGC_S4_20170627","2017-06-27T17:54Z",1968,"2017-06-27T22:27:50Z",52.80,53.80,25.86,52.93,51.95,52.87,51.89
"25289adc-ba61-493a-8f49-f06b0e7a7e11","d0a50b1c-a334-4d26-9089-0f8d05063665","D17","BIGC","BIGC.AOS.reaeration.station.04","BIGC_S4_20170627","2017-06-27T17:54Z",1608,"2017-06-27T21:27:50Z",50.40,51.30,23.92,52.38,51.46,52.45,51.53
"49e6c48a-8057-4b1d-a9bf-9f5e1549976f","d0a50b1c-a334-4d26-9089-0f8d05063665","D17","BIGC","BIGC.AOS.reaeration.station.04","BIGC_S4_20170627","2017-06-27T17:54Z",627,"2017-06-27T18:44:20Z",80.90,78.40,15.07,96.75,99.84,97.49,100.60
"24adc54d-e1df-44af-bf12-e6f45aaef49c","d0a50b1c-a334-4d26-9089-0f8d05063665","D17","BIGC","BIGC.AOS.reaeration.station.04","BIGC_S4_20170627","2017-06-27T17:54Z",2619,"2017-06-28T00:16:20Z",43.60,44.50,24.82,44.65,43.75,44.66,43.76
"df202864-1eae-450f-a090-15129f88ecf9","d0a50b1c-a334-4d26-9089-0f8d05063665","D17","BIGC","BIGC.AOS.reaeration.station.04","BIGC_S4_20170627","2017-06-27T17:54Z",2595,"2017-06-28T00:12:20Z",49.90,51.20,25.28,50.93,49.63,50.91,49.62
"f1015b5d-f4b6-4b99-88e1-387cd676f61b","d0a50b1c-a334-4d26-9089-0f8d05063665","D17","BIGC","BIGC.AOS.reaeration.station.04","BIGC_S4_20170627","2017-06-27T17:54Z",2310,"2017-06-27T23:24:50Z",55.00,56.10,26.01,55.04,53.96,54.97,53.89
"74111c60-b848-429f-b19b-3f83c225caac","d0a50b1c-a334-4d26-9089-0f8d05063665","D17","BIGC","BIGC.AOS.reaeration.station.04","BIGC_S4_20170627","2017-06-27T17:54Z",1423,"2017-06-27T20:57:00Z",48.60,49.60,20.81,53.91,52.83,54.16,53.06
"c4afd186-53a7-4f16-affe-585762cafd76","d0a50b1c-a334-4d26-9089-0f8d05063665","D17","BIGC","BIGC.AOS.reaeration.station.04","BIGC_S4_20170627","2017-06-27T17:54Z",1170,"2017-06-27T20:14:50Z",90.20,88.20,17.12,103.83,106.18,104.55,106.92
"34b07660-4a48-4bfb-9ef8-bdd91e719351","d0a50b1c-a334-4d26-9089-0f8d05063665","D17","BIGC","BIGC.AOS.reaeration.station.04","BIGC_S4_20170627","2017-06-27T17:54Z",1745,"2017-06-27T21:50:40Z",51.10,52.40,24.96,52.44,51.14,52.44,51.14
"74ddba78-9c1b-47fd-8342-f1d6793a4ead","d0a50b1c-a334-4d26-9089-0f8d05063665","D17","BIGC","BIGC.AOS.reaeration.station.04","BIGC_S4_20170627","2017-06-27T17:54Z",1531,"2017-06-27T21:15:00Z",50.10,51.00,23.01,53.02,52.08,53.14,52.20
"9ea9e543-1a9f-43b2-9ac9-477576be1e72","d0a50b1c-a334-4d26-9089-0f8d05063665","D17","BIGC","BIGC.AOS.reaeration.station.04","BIGC_S4_20170627","2017-06-27T17:54Z",2551,"2017-06-28T00:05:00Z",53.70,55.00,26.02,53.95,52.67,53.88,52.61
"c62920f9-6d4e-4767-9b2f-00aec3436a1b","d0a50b1c-a334-4d26-9089-0f8d05063665","D17","BIGC","BIGC.AOS.reaeration.station.04","BIGC_S4_20170627","2017-06-27T17:54Z",1321,"2017-06-27T20:40:00Z",90.90,88.90,17.61,103.51,105.84,104.21,106.55
"19ee1256-dd12-4e58-aa29-f6ce60a89225","d0a50b1c-a334-4d26-9089-0f8d05063665","D17","BIGC","BIGC.AOS.reaeration.station.04","BIGC_S4_20170627","2017-06-27T17:54Z",777,"2017-06-27T19:09:20Z",85.90,83.70,15.72,101.73,104.41,102.49,105.19
"32b81690-84d3-4fc4-8470-2a59bb70c589","d0a50b1c-a334-4d26-9089-0f8d05063665","D17","BIGC","BIGC.AOS.reaeration.station.04","BIGC_S4_20170627","2017-06-27T17:54Z",1419,"2017-06-27T20:56:20Z",48.50,49.60,20.69,54.05,52.85,54.30,53.09
"86cac198-e99d-42a3-bf43-d8b34a6fd766","d0a50b1c-a334-4d26-9089-0f8d05063665","D17","BIGC","BIGC.AOS.reaeration.station.04","BIGC_S4_20170627","2017-06-27T17:54Z",1818,"2017-06-27T22:02:50Z",51.40,52.40,25.35,52.05,51.06,52.03,51.04
"c8c76c3d-3083-41ab-8710-4c48107a6393","d0a50b1c-a334-4d26-9089-0f8d05063665","D17","BIGC","BIGC.AOS.reaeration.station.04","BIGC_S4_20170627","2017-06-27T17:54Z",2268,"2017-06-27T23:17:50Z",54.90,56.10,26.02,55.03,53.85,54.96,53.78
"f9582a21-8d4c-4d5c-a612-54541a4c1c34","d0a50b1c-a334-4d26-9089-0f8d05063665","D17","BIGC","BIGC.AOS.reaeration.station.04","BIGC_S4_20170627","2017-06-27T17:54Z",1728,"2017-06-27T21:47:50Z",51.10,52.40,24.87,52.53,51.23,52.54,51.24
"d31af872-b490-4f31-9ad4-4c3bde1360e3","d0a50b1c-a334-4d26-9089-0f8d05063665","D17","BIGC","BIGC.AOS.reaeration.station.04","BIGC_S4_20170627","2017-06-27T17:54Z",1566,"2017-06-27T21:20:50Z",50.30,51.30,23.46,52.85,51.82,52.95,51.92
"c2733232-136c-48de-ac47-27459db53383","d0a50b1c-a334-4d26-9089-0f8d05063665","D17","BIGC","BIGC.AOS.reaeration.station.04","BIGC_S4_20170627","2017-06-27T17:54Z",2314,"2017-06-27T23:25:30Z",55.00,56.10,26.01,55.04,53.96,54.97,53.89
"c0ae0629-d180-45b1-964c-728605122d3c","d0a50b1c-a334-4d26-9089-0f8d05063665","D17","BIGC","BIGC.AOS.reaeration.station.04","BIGC_S4_20170627","2017-06-27T17:54Z",1600,"2017-06-27T21:26:30Z",50.40,51.30,23.84,52.46,51.54,52.53,51.61
"8770f733-90f7-4426-b916-4a782c638091","d0a50b1c-a334-4d26-9089-0f8d05063665","D17","BIGC","BIGC.AOS.reaeration.station.04","BIGC_S4_20170627","2017-06-27T17:54Z",2183,"2017-06-27T23:03:40Z",54.60,55.70,26.02,54.64,53.56,54.57,53.49
"9ff8fc57-3f6f-409c-a7ac-844858bd3b82","d0a50b1c-a334-4d26-9089-0f8d05063665","D17","BIGC","BIGC.AOS.reaeration.station.04","BIGC_S4_20170627","2017-06-27T17:54Z",857,"2017-06-27T19:22:40Z",86.90,85.20,16.07,102.72,104.77,103.48,105.55
"2a862948-8da9-4f5b-b385-5cdca3e0f1b8","d0a50b1c-a334-4d26-9089-0f8d05063665","D17","BIGC","BIGC.AOS.reaeration.station.04","BIGC_S4_20170627","2017-06-27T17:54Z",1724,"2017-06-27T21:47:10Z",51.00,52.00,24.84,52.16,51.16,52.17,51.17
"f1eeeb2b-5bf8-44d3-b715-f84b761bb345","d0a50b1c-a334-4d26-9089-0f8d05063665","D17","BIGC","BIGC.AOS.reaeration.station.04","BIGC_S4_20170627","2017-06-27T17:54Z",951,"2017-06-27T19:38:20Z",87.50,85.60,16.39,102.45,104.72,103.20,105.49
"4a10d436-07be-415f-9f6f-67d0bf5c4069","d0a50b1c-a334-4d26-9089-0f8d05063665","D17","BIGC","BIGC.AOS.reaeration.station.04","BIGC_S4_20170627","2017-06-27T17:54Z",768,"2017-06-27T19:07:50Z",85.90,83.30,15.69,101.32,104.48,102.08,105.26
"b616fd1e-d639-4245-a9b6-27f8f5f669e4","d0a50b1c-a334-4d26-9089-0f8d05063665","D17","BIGC","BIGC.AOS.reaeration.station.04","BIGC_S4_20170627","2017-06-27T17:54Z",1008,"2017-06-27T19:47:50Z",87.30,85.50,16.58,101.89,104.03,102.62,104.78
"b881d6d4-ad29-4b80-a1ca-0b9212a77154","d0a50b1c-a334-4d26-9089-0f8d05063665","D17","BIGC","BIGC.AOS.reaeration.station.04","BIGC_S4_20170627","2017-06-27T17:54Z",986,"2017-06-27T19:44:10Z",87.70,85.90,16.50,102.55,104.70,103.29,105.46
"92f361dd-e28d-4545-acd3-45bb2d5c965b","d0a50b1c-a334-4d26-9089-0f8d05063665","D17","BIGC","BIGC.AOS.reaeration.station.04","BIGC_S4_20170627","2017-06-27T17:54Z",299,"2017-06-27T17:49:40Z",79.20,77.00,14.22,96.96,99.74,97.71,100.50
"8f5553b3-d629-4c80-8bea-1ff9ce6835f7","d0a50b1c-a334-4d26-9089-0f8d05063665","D17","BIGC","BIGC.AOS.reaeration.station.04","BIGC_S4_20170627","2017-06-27T17:54Z",1022,"2017-06-27T19:50:10Z",86.80,84.80,16.62,100.96,103.34,101.69,104.09
"0a81554d-30ab-4ddb-bab1-bb6c63bff6b8","d0a50b1c-a334-4d26-9089-0f8d05063665","D17","BIGC","BIGC.AOS.reaeration.station.04","BIGC_S4_20170627","2017-06-27T17:54Z",1835,"2017-06-27T22:05:40Z",51.60,52.70,25.44,52.26,51.17,52.23,51.14
"fae3bdb0-ab55-443d-918d-4545d7069179","d0a50b1c-a334-4d26-9089-0f8d05063665","D17","BIGC","BIGC.AOS.reaeration.station.04","BIGC_S4_20170627","2017-06-27T17:54Z",2004,"2017-06-27T22:33:50Z",53.30,54.20,25.92,53.26,52.38,53.20,52.32
"8b0f91fb-a27b-4913-851e-c35b9fdf63da","d0a50b1c-a334-4d26-9089-0f8d05063665","D17","BIGC","BIGC.AOS.reaeration.station.04","BIGC_S4_20170627","2017-06-27T17:54Z",288,"2017-06-27T17:47:50Z",79.10,76.60,14.21,96.48,99.63,97.23,100.40
"ed3e401d-6270-4cbd-b8da-9475bebcdb67","d0a50b1c-a334-4d26-9089-0f8d05063665","D17","BIGC","BIGC.AOS.reaeration.station.04","BIGC_S4_20170627","2017-06-27T17:54Z",190,"2017-06-27T17:31:30Z",78.80,76.60,14.06,96.83,99.61,97.58,100.38
"146950ff-d8fb-4d03-b4b1-df37d1f76ac3","d0a50b1c-a334-4d26-9089-0f8d05063665","D17","BIGC","BIGC.AOS.reaeration.station.04","BIGC_S4_20170627","2017-06-27T17:54Z",2440,"2017-06-27T23:46:30Z",54.70,56.10,26.02,55.03,53.65,54.96,53.59
"73f498cf-52c1-422b-9e3e-a232efbc1509","d0a50b1c-a334-4d26-9089-0f8d05063665","D17","BIGC","BIGC.AOS.reaeration.station.04","BIGC_S4_20170627","2017-06-27T17:54Z",1867,"2017-06-27T22:11:00Z",51.90,53.10,25.57,52.53,51.34,52.49,51.30
"17f738b5-399f-4663-a07b-592e3d9829d6","d0a50b1c-a334-4d26-9089-0f8d05063665","D17","BIGC","BIGC.AOS.reaeration.station.04","BIGC_S4_20170627","2017-06-27T17:54Z",2090,"2017-06-27T22:48:10Z",53.90,55.00,25.99,53.98,52.90,53.91,52.83
"f5fc0ee3-4137-4f8a-b1f2-4aa534b76d92","d0a50b1c-a334-4d26-9089-0f8d05063665","D17","BIGC","BIGC.AOS.reaeration.station.04","BIGC_S4_20170627","2017-06-27T17:54Z",959,"2017-06-27T19:39:40Z",87.50,85.60,16.42,102.38,104.65,103.12,105.41
"57044dba-9bf7-47c5-a2ad-a686fce9af79","d0a50b1c-a334-4d26-9089-0f8d05063665","D17","BIGC","BIGC.AOS.reaeration.station.04","BIGC_S4_20170627","2017-06-27T17:54Z",1958,"2017-06-27T22:26:10Z",52.80,53.80,25.83,52.96,51.98,52.91,51.92
"ae412b82-7354-45c6-9876-30a11a97c07e","d0a50b1c-a334-4d26-9089-0f8d05063665","D17","BIGC","BIGC.AOS.reaeration.station.04","BIGC_S4_20170627","2017-06-27T17:54Z",1866,"2017-06-27T22:10:50Z",52.00,52.70,25.56,52.14,51.45,52.11,51.41
"dfa17369-f319-497f-8b92-e2678df3831a","d0a50b1c-a334-4d26-9089-0f8d05063665","D17","BIGC","BIGC.AOS.reaeration.station.04","BIGC_S4_20170627","2017-06-27T17:54Z",1299,"2017-06-27T20:36:20Z",91.30,89.60,17.55,104.46,106.45,105.17,107.17
"bba2e850-4c64-4829-96fb-c10e2afe17c2","d0a50b1c-a334-4d26-9089-0f8d05063665","D17","BIGC","BIGC.AOS.reaeration.station.04","BIGC_S4_20170627","2017-06-27T17:54Z",2531,"2017-06-28T00:01:40Z",54.00,55.00,26.02,53.95,52.97,53.88,52.90
"1eea5c55-e9f2-4d1f-a97c-0be2e052ebf0","d0a50b1c-a334-4d26-9089-0f8d05063665","D17","BIGC","BIGC.AOS.reaeration.station.04","BIGC_S4_20170627","2017-06-27T17:54Z",1856,"2017-06-27T22:09:10Z",51.80,52.70,25.52,52.18,51.29,52.15,51.26
"cc27ff30-404a-4b42-b368-994c458eec22","d0a50b1c-a334-4d26-9089-0f8d05063665","D17","BIGC","BIGC.AOS.reaeration.station.04","BIGC_S4_20170627","2017-06-27T17:54Z",2489,"2017-06-27T23:54:40Z",54.50,56.10,26.02,55.03,53.46,54.96,53.39
"df6e0654-8b51-4ac8-aaec-4f8a80ec8596","d0a50b1c-a334-4d26-9089-0f8d05063665","D17","BIGC","BIGC.AOS.reaeration.station.04","BIGC_S4_20170627","2017-06-27T17:54Z",2407,"2017-06-27T23:41:00Z",54.70,56.10,26.01,55.04,53.66,54.97,53.60
"8408ba94-8151-4270-9e3d-665e49d3ebe3","d0a50b1c-a334-4d26-9089-0f8d05063665","D17","BIGC","BIGC.AOS.reaeration.station.04","BIGC_S4_20170627","2017-06-27T17:54Z",1110,"2017-06-27T20:04:50Z",87.70,85.50,16.90,101.15,103.75,101.87,104.49
"15313df4-474a-475a-a6b6-9cfde564c7e7","d0a50b1c-a334-4d26-9089-0f8d05063665","D17","BIGC","BIGC.AOS.reaeration.station.04","BIGC_S4_20170627","2017-06-27T17:54Z",1703,"2017-06-27T21:43:40Z",50.90,52.00,24.71,52.29,51.18,52.31,51.20
"7fe6e637-9b8f-4ca2-a57e-2df2228bb233","d0a50b1c-a334-4d26-9089-0f8d05063665","D17","BIGC","BIGC.AOS.reaeration.station.04","BIGC_S4_20170627","2017-06-27T17:54Z",1224,"2017-06-27T20:23:50Z",90.70,88.90,17.30,104.23,106.34,104.95,107.08
"1094f232-0aa9-4d66-8d82-e2734456e3d9","d0a50b1c-a334-4d26-9089-0f8d05063665","D17","BIGC","BIGC.AOS.reaeration.station.04","BIGC_S4_20170627","2017-06-27T17:54Z",1341,"2017-06-27T20:43:20Z",46.20,47.10,18.07,54.29,53.25,54.64,53.59
"412b0699-a7cc-4815-832b-7e33dea4789b","d0a50b1c-a334-4d26-9089-0f8d05063665","D17","BIGC","BIGC.AOS.reaeration.station.04","BIGC_S4_20170627","2017-06-27T17:54Z",1457,"2017-06-27T21:02:40Z",49.20,50.30,21.67,53.72,52.54,53.91,52.73
"df1b6196-4384-4ecd-8d24-ffd0c47fa91f","d0a50b1c-a334-4d26-9089-0f8d05063665","D17","BIGC","BIGC.AOS.reaeration.station.04","BIGC_S4_20170627","2017-06-27T17:54Z",810,"2017-06-27T19:14:50Z",86.50,84.50,15.86,102.37,104.79,103.14,105.58
"4b89da76-3e63-4b41-af8e-d5bbc20a1700","d0a50b1c-a334-4d26-9089-0f8d05063665","D17","BIGC","BIGC.AOS.reaeration.station.04","BIGC_S4_20170627","2017-06-27T17:54Z",2435,"2017-06-27T23:45:40Z",54.60,56.10,26.02,55.03,53.56,54.96,53.49
"660ad3b0-67ac-4ec1-baf9-41b82fbde42a","d0a50b1c-a334-4d26-9089-0f8d05063665","D17","BIGC","BIGC.AOS.reaeration.station.04","BIGC_S4_20170627","2017-06-27T17:54Z",2496,"2017-06-27T23:55:50Z",54.40,56.10,26.02,55.03,53.36,54.96,53.29
"21467797-c86c-4449-8474-3c02245e2a0e","d0a50b1c-a334-4d26-9089-0f8d05063665","D17","BIGC","BIGC.AOS.reaeration.station.04","BIGC_S4_20170627","2017-06-27T17:54Z",1310,"2017-06-27T20:38:10Z",91.30,90.00,17.57,104.88,106.40,105.60,107.12
"7c79b923-dec7-45ae-98a0-8c2775febddf","d0a50b1c-a334-4d26-9089-0f8d05063665","D17","BIGC","BIGC.AOS.reaeration.station.04","BIGC_S4_20170627","2017-06-27T17:54Z",1043,"2017-06-27T19:53:40Z",85.90,83.60,16.68,99.40,102.13,100.11,102.86
"f9b5683e-800c-4d24-ac30-5d7f39c9c936","d0a50b1c-a334-4d26-9089-0f8d05063665","D17","BIGC","BIGC.AOS.reaeration.station.04","BIGC_S4_20170627","2017-06-27T17:54Z",648,"2017-06-27T18:47:50Z",81.10,78.80,15.14,97.08,99.92,97.82,100.68
"8472bbe5-82ca-4dfd-898c-cf268efeaa64","d0a50b1c-a334-4d26-9089-0f8d05063665","D17","BIGC","BIGC.AOS.reaeration.station.04","BIGC_S4_20170627","2017-06-27T17:54Z",1547,"2017-06-27T21:17:40Z",50.20,51.30,23.22,53.11,51.97,53.22,52.07
"46e36c3f-12b4-4166-879c-f5a7ac5e3ad3","d0a50b1c-a334-4d26-9089-0f8d05063665","D17","BIGC","BIGC.AOS.reaeration.station.04","BIGC_S4_20170627","2017-06-27T17:54Z",1197,"2017-06-27T20:19:20Z",90.40,88.50,17.21,103.97,106.20,104.69,106.94
"e16e4c0d-4bce-4f69-be81-3c7c10ad3b5a","d0a50b1c-a334-4d26-9089-0f8d05063665","D17","BIGC","BIGC.AOS.reaeration.station.04","BIGC_S4_20170627","2017-06-27T17:54Z",1018,"2017-06-27T19:49:30Z",86.90,85.20,16.60,101.48,103.51,102.21,104.25
"ea8c1468-1e7f-44df-888c-68baf7e00d4d","d0a50b1c-a334-4d26-9089-0f8d05063665","D17","BIGC","BIGC.AOS.reaeration.station.04","BIGC_S4_20170627","2017-06-27T17:54Z",774,"2017-06-27T19:08:50Z",85.90,83.70,15.71,101.76,104.43,102.52,105.21
"286688fa-18fc-4d8a-9d4e-8c6994f52486","d0a50b1c-a334-4d26-9089-0f8d05063665","D17","BIGC","BIGC.AOS.reaeration.station.04","BIGC_S4_20170627","2017-06-27T17:54Z",121,"2017-06-27T17:20:00Z",78.60,76.20,13.97,96.54,99.58,97.28,100.34
"0393806c-0a2f-410a-b1a0-fb2c308c3b4f","d0a50b1c-a334-4d26-9089-0f8d05063665","D17","BIGC","BIGC.AOS.reaeration.station.04","BIGC_S4_20170627","2017-06-27T17:54Z",429,"2017-06-27T18:11:20Z",79.60,77.30,14.48,96.74,99.62,97.48,100.38
"21c6d742-4b70-4766-ba27-6f9b881f66e3","d0a50b1c-a334-4d26-9089-0f8d05063665","D17","BIGC","BIGC.AOS.reaeration.station.04","BIGC_S4_20170627","2017-06-27T17:54Z",1322,"2017-06-27T20:40:10Z",90.90,88.90,17.61,103.51,105.84,104.21,106.55
"049c3bf9-2bee-4bad-b2d6-0d96dd926e1c","d0a50b1c-a334-4d26-9089-0f8d05063665","D17","BIGC","BIGC.AOS.reaeration.station.04","BIGC_S4_20170627","2017-06-27T17:54Z",1288,"2017-06-27T20:34:30Z",91.20,90.00,17.51,105.02,106.43,105.74,107.15
"be350751-9e57-4506-94ca-3766d2278eb3","d0a50b1c-a334-4d26-9089-0f8d05063665","D17","BIGC","BIGC.AOS.reaeration.station.04","BIGC_S4_20170627","2017-06-27T17:54Z",1409,"2017-06-27T20:54:40Z",48.20,49.20,20.38,53.96,52.86,54.22,53.12
"08e5e2ee-4fcf-4bd8-8758-83179a3f935c","d0a50b1c-a334-4d26-9089-0f8d05063665","D17","BIGC","BIGC.AOS.reaeration.station.04","BIGC_S4_20170627","2017-06-27T17:54Z",837,"2017-06-27T19:19:20Z",86.80,84.80,15.98,102.45,104.87,103.21,105.65
"a7c55980-a9c8-40e9-9849-72ef6a6f8429","d0a50b1c-a334-4d26-9089-0f8d05063665","D17","BIGC","BIGC.AOS.reaeration.station.04","BIGC_S4_20170627","2017-06-27T17:54Z",1386,"2017-06-27T20:50:50Z",47.50,48.10,19.56,53.68,53.01,53.97,53.30
"324273a7-5aa1-4ee9-b09e-b36589dec712","d0a50b1c-a334-4d26-9089-0f8d05063665","D17","BIGC","BIGC.AOS.reaeration.station.04","BIGC_S4_20170627","2017-06-27T17:54Z",546,"2017-06-27T18:30:50Z",80.10,78.10,14.78,97.04,99.53,97.79,100.29
"c79f2fec-38ed-4b28-a263-eb8588c341cd","d0a50b1c-a334-4d26-9089-0f8d05063665","D17","BIGC","BIGC.AOS.reaeration.station.04","BIGC_S4_20170627","2017-06-27T17:54Z",950,"2017-06-27T19:38:10Z",87.50,85.60,16.40,102.42,104.70,103.17,105.46
"fc888b7b-581b-404d-af63-aef37161f005","d0a50b1c-a334-4d26-9089-0f8d05063665","D17","BIGC","BIGC.AOS.reaeration.station.04","BIGC_S4_20170627","2017-06-27T17:54Z",2194,"2017-06-27T23:05:30Z",54.60,55.70,26.02,54.64,53.56,54.57,53.49
"92fbbe61-0a62-4935-8699-ff8880f731c0","d0a50b1c-a334-4d26-9089-0f8d05063665","D17","BIGC","BIGC.AOS.reaeration.station.04","BIGC_S4_20170627","2017-06-27T17:54Z",2125,"2017-06-27T22:54:00Z",54.20,55.00,26.00,53.97,53.18,53.90,53.12
"edca49e1-1568-459d-9000-3d2358ab0bbb","d0a50b1c-a334-4d26-9089-0f8d05063665","D17","BIGC","BIGC.AOS.reaeration.station.04","BIGC_S4_20170627","2017-06-27T17:54Z",1742,"2017-06-27T21:50:10Z",51.00,51.60,24.95,51.65,51.05,51.65,51.05
"ba46d0a1-33b0-48f1-938d-a876c9a1098e","d0a50b1c-a334-4d26-9089-0f8d05063665","D17","BIGC","BIGC.AOS.reaeration.station.04","BIGC_S4_20170627","2017-06-27T17:54Z",595,"2017-06-27T18:39:00Z",80.50,78.10,14.95,96.65,99.62,97.39,100.38
"e5ab9630-baad-4cc2-a975-6c32e328638d","d0a50b1c-a334-4d26-9089-0f8d05063665","D17","BIGC","BIGC.AOS.reaeration.station.04","BIGC_S4_20170627","2017-06-27T17:54Z",235,"2017-06-27T17:39:00Z",79.00,76.60,14.11,96.72,99.75,97.46,100.51
"536247ad-c952-4219-872f-9e01e28e7b4a","d0a50b1c-a334-4d26-9089-0f8d05063665","D17","BIGC","BIGC.AOS.reaeration.station.04","BIGC_S4_20170627","2017-06-27T17:54Z",2162,"2017-06-27T23:00:10Z",54.30,55.70,26.01,54.65,53.27,54.58,53.21
"dd6110c9-58c3-42f1-a48a-bcc45c808ab0","d0a50b1c-a334-4d26-9089-0f8d05063665","D17","BIGC","BIGC.AOS.reaeration.station.04","BIGC_S4_20170627","2017-06-27T17:54Z",2266,"2017-06-27T23:17:30Z",54.80,56.10,26.01,55.04,53.76,54.97,53.69
"98d38a8d-8951-450b-84ae-648b7bc67979","d0a50b1c-a334-4d26-9089-0f8d05063665","D17","BIGC","BIGC.AOS.reaeration.station.04","BIGC_S4_20170627","2017-06-27T17:54Z",13,"2017-06-27T17:02:00Z",78.50,76.20,13.87,96.77,99.69,97.51,100.46
"73528d94-8f6a-4d37-b5ff-8e37f6099887","d0a50b1c-a334-4d26-9089-0f8d05063665","D17","BIGC","BIGC.AOS.reaeration.station.04","BIGC_S4_20170627","2017-06-27T17:54Z",1373,"2017-06-27T20:48:40Z",47.10,48.20,19.04,54.39,53.15,54.71,53.46
"20df652e-ba82-407a-bb63-bd308200ef48","d0a50b1c-a334-4d26-9089-0f8d05063665","D17","BIGC","BIGC.AOS.reaeration.station.04","BIGC_S4_20170627","2017-06-27T17:54Z",295,"2017-06-27T17:49:00Z",79.20,77.00,14.22,96.96,99.74,97.71,100.50
"4d15ea4e-89e1-4088-ba15-934d83abfdca","d0a50b1c-a334-4d26-9089-0f8d05063665","D17","BIGC","BIGC.AOS.reaeration.station.04","BIGC_S4_20170627","2017-06-27T17:54Z",497,"2017-06-27T18:22:40Z",79.90,77.70,14.62,96.91,99.66,97.66,100.42
"5515a653-d8be-4183-98fd-9c65308cd504","d0a50b1c-a334-4d26-9089-0f8d05063665","D17","BIGC","BIGC.AOS.reaeration.station.04","BIGC_S4_20170627","2017-06-27T17:54Z",1369,"2017-06-27T20:48:00Z",47.00,47.80,18.88,54.13,53.22,54.45,53.54
"3f797bd0-a6d1-4ccd-833b-5297fb1530cc","d0a50b1c-a334-4d26-9089-0f8d05063665","D17","BIGC","BIGC.AOS.reaeration.station.04","BIGC_S4_20170627","2017-06-27T17:54Z",2402,"2017-06-27T23:40:10Z",54.80,56.50,26.01,55.43,53.76,55.36,53.69
"6a92e5f0-6b52-4ce8-9a58-e066bc6c5772","d0a50b1c-a334-4d26-9089-0f8d05063665","D17","BIGC","BIGC.AOS.reaeration.station.04","BIGC_S4_20170627","2017-06-27T17:54Z",662,"2017-06-27T18:50:10Z",81.10,78.80,15.21,96.92,99.75,97.66,100.51
"a4e4d87a-1cb3-4ed5-9e85-176ccabed2bf","d0a50b1c-a334-4d26-9089-0f8d05063665","D17","BIGC","BIGC.AOS.reaeration.station.04","BIGC_S4_20170627","2017-06-27T17:54Z",650,"2017-06-27T18:48:10Z",81.10,78.80,15.15,97.06,99.89,97.80,100.65
"fcda16be-5609-4edb-b4cd-f3a44c05d7db","d0a50b1c-a334-4d26-9089-0f8d05063665","D17","BIGC","BIGC.AOS.reaeration.station.04","BIGC_S4_20170627","2017-06-27T17:54Z",1458,"2017-06-27T21:02:50Z",49.20,49.90,21.68,53.28,52.53,53.47,52.72
"030084c6-4701-489a-a6e6-4138b5cbf611","d0a50b1c-a334-4d26-9089-0f8d05063665","D17","BIGC","BIGC.AOS.reaeration.station.04","BIGC_S4_20170627","2017-06-27T17:54Z",2360,"2017-06-27T23:33:10Z",54.80,56.10,26.01,55.04,53.76,54.97,53.69
"093d57c2-1833-4a49-be64-c7607884f216","d0a50b1c-a334-4d26-9089-0f8d05063665","D17","BIGC","BIGC.AOS.reaeration.station.04","BIGC_S4_20170627","2017-06-27T17:54Z",659,"2017-06-27T18:49:40Z",81.10,78.80,15.20,96.95,99.78,97.68,100.53
"f68f6a52-60d3-447f-8ce1-0b0c01931a1c","d0a50b1c-a334-4d26-9089-0f8d05063665","D17","BIGC","BIGC.AOS.reaeration.station.04","BIGC_S4_20170627","2017-06-27T17:54Z",2200,"2017-06-27T23:06:30Z",54.60,56.10,26.02,55.03,53.56,54.96,53.49
"70985ac1-3c5b-4641-a357-5e30bbce0e1f","d0a50b1c-a334-4d26-9089-0f8d05063665","D17","BIGC","BIGC.AOS.reaeration.station.04","BIGC_S4_20170627","2017-06-27T17:54Z",218,"2017-06-27T17:36:10Z",78.90,76.60,14.12,96.69,99.60,97.44,100.36
"08f0bf64-4ec7-478f-bf31-614193ce9ffa","d0a50b1c-a334-4d26-9089-0f8d05063665","D17","BIGC","BIGC.AOS.reaeration.station.04","BIGC_S4_20170627","2017-06-27T17:54Z",1462,"2017-06-27T21:03:30Z",49.20,50.30,21.78,53.60,52.42,53.79,52.61
"c2392267-c59e-4491-959c-6498918e963a","d0a50b1c-a334-4d26-9089-0f8d05063665","D17","BIGC","BIGC.AOS.reaeration.station.04","BIGC_S4_20170627","2017-06-27T17:54Z",1732,"2017-06-27T21:48:30Z",51.20,52.40,24.89,52.51,51.31,52.52,51.31
"16b75c0a-5496-4a29-aa65-51b940047f9f","d0a50b1c-a334-4d26-9089-0f8d05063665","D17","BIGC","BIGC.AOS.reaeration.station.04","BIGC_S4_20170627","2017-06-27T17:54Z",2600,"2017-06-28T00:13:10Z",48.80,50.10,25.18,49.93,48.63,49.92,48.62
"3b54a312-33c2-4bdc-9ab4-16bd48d416d5","d0a50b1c-a334-4d26-9089-0f8d05063665","D17","BIGC","BIGC.AOS.reaeration.station.04","BIGC_S4_20170627","2017-06-27T17:54Z",1574,"2017-06-27T21:22:10Z",50.20,50.90,23.54,52.36,51.64,52.45,51.73
"1faa8c08-2a1f-4832-9dac-81d2b2dc4444","d0a50b1c-a334-4d26-9089-0f8d05063665","D17","BIGC","BIGC.AOS.reaeration.station.04","BIGC_S4_20170627","2017-06-27T17:54Z",1276,"2017-06-27T20:32:30Z",91.10,89.30,17.47,104.30,106.40,105.01,107.13
"139ca38c-f453-4671-9151-cbc3d1a8c98d","d0a50b1c-a334-4d26-9089-0f8d05063665","D17","BIGC","BIGC.AOS.reaeration.station.04","BIGC_S4_20170627","2017-06-27T17:54Z",138,"2017-06-27T17:22:50Z",78.60,76.20,13.99,96.49,99.53,97.23,100.29
"f1e354ff-5727-418c-a685-1e7c018c4cfc","d0a50b1c-a334-4d26-9089-0f8d05063665","D17","BIGC","BIGC.AOS.reaeration.station.04","BIGC_S4_20170627","2017-06-27T17:54Z",1859,"2017-06-27T22:09:40Z",51.90,52.70,25.53,52.17,51.38,52.14,51.35
"1dfdb0c8-5ab2-41cf-86eb-b8b27748fc99","d0a50b1c-a334-4d26-9089-0f8d05063665","D17","BIGC","BIGC.AOS.reaeration.station.04","BIGC_S4_20170627","2017-06-27T17:54Z",1389,"2017-06-27T20:51:20Z",47.70,48.50,19.67,54.00,53.11,54.29,53.39
"e9a232ba-8535-423c-b161-636b61907f92","d0a50b1c-a334-4d26-9089-0f8d05063665","D17","BIGC","BIGC.AOS.reaeration.station.04","BIGC_S4_20170627","2017-06-27T17:54Z",1711,"2017-06-27T21:45:00Z",51.00,51.60,24.76,51.84,51.23,51.85,51.25
"38b01286-e4a5-4aed-9856-8bdb19b2bc67","d0a50b1c-a334-4d26-9089-0f8d05063665","D17","BIGC","BIGC.AOS.reaeration.station.04","BIGC_S4_20170627","2017-06-27T17:54Z",1641,"2017-06-27T21:33:20Z",50.60,51.30,24.25,52.05,51.34,52.09,51.38
"69eb1c68-b81d-4624-873f-4c211ff92aca","d0a50b1c-a334-4d26-9089-0f8d05063665","D17","BIGC","BIGC.AOS.reaeration.station.04","BIGC_S4_20170627","2017-06-27T17:54Z",819,"2017-06-27T19:16:20Z",86.60,84.50,15.91,102.25,104.79,103.01,105.57
"57cb579a-a841-4513-9a65-f2a539ad6acf","d0a50b1c-a334-4d26-9089-0f8d05063665","D17","BIGC","BIGC.AOS.reaeration.station.04","BIGC_S4_20170627","2017-06-27T17:54Z",19,"2017-06-27T17:03:00Z",78.50,76.20,13.87,96.77,99.69,97.51,100.46
"eb898c05-492c-48c7-af1a-acb236f74d7b","d0a50b1c-a334-4d26-9089-0f8d05063665","D17","BIGC","BIGC.AOS.reaeration.station.04","BIGC_S4_20170627","2017-06-27T17:54Z",2161,"2017-06-27T23:00:00Z",54.30,55.30,26.01,54.25,53.27,54.18,53.21
"addf03a8-a3e8-4600-b69f-cea7e754962b","d0a50b1c-a334-4d26-9089-0f8d05063665","D17","BIGC","BIGC.AOS.reaeration.station.04","BIGC_S4_20170627","2017-06-27T17:54Z",2357,"2017-06-27T23:32:40Z",54.90,56.10,26.01,55.04,53.86,54.97,53.79
"aae9b7ad-68a0-46e2-a56f-4a095ec239b9","d0a50b1c-a334-4d26-9089-0f8d05063665","D17","BIGC","BIGC.AOS.reaeration.station.04","BIGC_S4_20170627","2017-06-27T17:54Z",622,"2017-06-27T18:43:30Z",80.90,78.40,15.05,96.80,99.88,97.53,100.64
"f91a61a4-ef9d-47aa-960d-cb4905e017f7","d0a50b1c-a334-4d26-9089-0f8d05063665","D17","BIGC","BIGC.AOS.reaeration.station.04","BIGC_S4_20170627","2017-06-27T17:54Z",2005,"2017-06-27T22:34:00Z",53.10,54.20,25.92,53.26,52.18,53.20,52.12
"30d2c790-fa1e-4e32-8744-185be40275c0","d0a50b1c-a334-4d26-9089-0f8d05063665","D17","BIGC","BIGC.AOS.reaeration.station.04","BIGC_S4_20170627","2017-06-27T17:54Z",2368,"2017-06-27T23:34:30Z",54.80,56.10,26.01,55.04,53.76,54.97,53.69
"3a006cac-8c23-4a2e-8b5f-74ad06842e65","d0a50b1c-a334-4d26-9089-0f8d05063665","D17","BIGC","BIGC.AOS.reaeration.station.04","BIGC_S4_20170627","2017-06-27T17:54Z",1603,"2017-06-27T21:27:00Z",50.40,51.30,23.86,52.44,51.52,52.51,51.59
"3c937453-e590-4a7e-a4af-000f44ccdcd7","d0a50b1c-a334-4d26-9089-0f8d05063665","D17","BIGC","BIGC.AOS.reaeration.station.04","BIGC_S4_20170627","2017-06-27T17:54Z",1644,"2017-06-27T21:33:50Z",50.60,51.30,24.27,52.03,51.32,52.07,51.36
"7fe18a84-66ed-42cc-87f6-ad89b33f40ee","d0a50b1c-a334-4d26-9089-0f8d05063665","D17","BIGC","BIGC.AOS.reaeration.station.04","BIGC_S4_20170627","2017-06-27T17:54Z",2185,"2017-06-27T23:04:00Z",54.50,55.70,26.01,54.65,53.47,54.58,53.40
"ce239423-3ee0-439a-9bce-6c8d69a9827d","d0a50b1c-a334-4d26-9089-0f8d05063665","D17","BIGC","BIGC.AOS.reaeration.station.04","BIGC_S4_20170627","2017-06-27T17:54Z",426,"2017-06-27T18:10:50Z",79.60,77.30,14.46,96.78,99.66,97.53,100.43
"7822e16d-9fde-4bf5-b8bd-267e2e45b6a4","d0a50b1c-a334-4d26-9089-0f8d05063665","D17","BIGC","BIGC.AOS.reaeration.station.04","BIGC_S4_20170627","2017-06-27T17:54Z",2452,"2017-06-27T23:48:30Z",54.60,56.10,26.02,55.03,53.56,54.96,53.49
"fd8459bd-364a-434a-aa43-2cf33b48da34","d0a50b1c-a334-4d26-9089-0f8d05063665","D17","BIGC","BIGC.AOS.reaeration.station.04","BIGC_S4_20170627","2017-06-27T17:54Z",141,"2017-06-27T17:23:20Z",78.70,76.20,13.99,96.49,99.66,97.23,100.42
"a47d3f5b-ac18-4fb4-86a6-40a8e5f25b0f","d0a50b1c-a334-4d26-9089-0f8d05063665","D17","BIGC","BIGC.AOS.reaeration.station.04","BIGC_S4_20170627","2017-06-27T17:54Z",745,"2017-06-27T19:04:00Z",84.90,83.00,15.57,101.23,103.55,102.00,104.33
"1d1a7bd5-2bfd-47f2-aa85-3366898d2674","d0a50b1c-a334-4d26-9089-0f8d05063665","D17","BIGC","BIGC.AOS.reaeration.station.04","BIGC_S4_20170627","2017-06-27T17:54Z",833,"2017-06-27T19:18:40Z",86.80,84.80,15.95,102.52,104.94,103.28,105.72
"6c31a54a-6a14-4213-932e-245eda7dedd1","d0a50b1c-a334-4d26-9089-0f8d05063665","D17","BIGC","BIGC.AOS.reaeration.station.04","BIGC_S4_20170627","2017-06-27T17:54Z",1137,"2017-06-27T20:09:20Z",89.30,87.40,17.00,103.16,105.41,103.89,106.15
"8fc96ed9-efb3-48b4-a607-79ed7a311917","d0a50b1c-a334-4d26-9089-0f8d05063665","D17","BIGC","BIGC.AOS.reaeration.station.04","BIGC_S4_20170627","2017-06-27T17:54Z",2285,"2017-06-27T23:20:40Z",55.00,56.10,26.02,55.03,53.95,54.96,53.88
"91b457c2-c484-49a9-8b32-cbeaaa414d92","d0a50b1c-a334-4d26-9089-0f8d05063665","D17","BIGC","BIGC.AOS.reaeration.station.04","BIGC_S4_20170627","2017-06-27T17:54Z",1656,"2017-06-27T21:35:50Z",50.70,51.30,24.38,51.91,51.31,51.95,51.35
"e8815e5b-f1b1-4767-9396-2c4a50f6e3fa","d0a50b1c-a334-4d26-9089-0f8d05063665","D17","BIGC","BIGC.AOS.reaeration.station.04","BIGC_S4_20170627","2017-06-27T17:54Z",1736,"2017-06-27T21:49:10Z",51.10,52.40,24.91,52.49,51.19,52.50,51.19
"065b8f4b-f887-45fe-84d5-7b2bcdb5e2f0","d0a50b1c-a334-4d26-9089-0f8d05063665","D17","BIGC","BIGC.AOS.reaeration.station.04","BIGC_S4_20170627","2017-06-27T17:54Z",1597,"2017-06-27T21:26:00Z",50.40,51.30,23.80,52.50,51.58,52.58,51.66
"bfe146a8-86ef-4d2b-abb2-06462af3a3a9","d0a50b1c-a334-4d26-9089-0f8d05063665","D17","BIGC","BIGC.AOS.reaeration.station.04","BIGC_S4_20170627","2017-06-27T17:54Z",2532,"2017-06-28T00:01:50Z",54.00,55.30,26.02,54.24,52.97,54.17,52.90
"f98e41f3-0cf2-4b4d-951e-5c570114a970","d0a50b1c-a334-4d26-9089-0f8d05063665","D17","BIGC","BIGC.AOS.reaeration.station.04","BIGC_S4_20170627","2017-06-27T17:54Z",1048,"2017-06-27T19:54:30Z",85.50,83.30,16.70,98.99,101.61,99.70,102.34
"3caf6793-aef1-4e17-a1e1-bf96989bc82d","d0a50b1c-a334-4d26-9089-0f8d05063665","D17","BIGC","BIGC.AOS.reaeration.station.04","BIGC_S4_20170627","2017-06-27T17:54Z",2434,"2017-06-27T23:45:30Z",54.70,56.10,26.01,55.04,53.66,54.97,53.60
"583ed5fa-0618-49fe-8ae3-c93a734f0778","d0a50b1c-a334-4d26-9089-0f8d05063665","D17","BIGC","BIGC.AOS.reaeration.station.04","BIGC_S4_20170627","2017-06-27T17:54Z",989,"2017-06-27T19:44:40Z",87.70,85.60,16.52,102.14,104.65,102.88,105.41
"03bd7475-56fc-4f08-9585-212531ae1d6c","d0a50b1c-a334-4d26-9089-0f8d05063665","D17","BIGC","BIGC.AOS.reaeration.station.04","BIGC_S4_20170627","2017-06-27T17:54Z",392,"2017-06-27T18:05:10Z",79.50,77.00,14.39,96.57,99.71,97.31,100.47
"18a27863-8d0b-488a-abca-632dd8fdbb0b","d0a50b1c-a334-4d26-9089-0f8d05063665","D17","BIGC","BIGC.AOS.reaeration.station.04","BIGC_S4_20170627","2017-06-27T17:54Z",2370,"2017-06-27T23:34:50Z",54.80,56.10,26.01,55.04,53.76,54.97,53.69
"db473ddd-391b-4fcb-aca3-57b32dd284d5","d0a50b1c-a334-4d26-9089-0f8d05063665","D17","BIGC","BIGC.AOS.reaeration.station.04","BIGC_S4_20170627","2017-06-27T17:54Z",2501,"2017-06-27T23:56:40Z",54.20,56.10,26.02,55.03,53.16,54.96,53.10
"026ab830-0f73-4715-89de-5d397928f428","d0a50b1c-a334-4d26-9089-0f8d05063665","D17","BIGC","BIGC.AOS.reaeration.station.04","BIGC_S4_20170627","2017-06-27T17:54Z",373,"2017-06-27T18:02:00Z",79.40,77.00,14.35,96.66,99.68,97.41,100.44
"48c44545-0961-4194-be17-d9038264d99c","d0a50b1c-a334-4d26-9089-0f8d05063665","D17","BIGC","BIGC.AOS.reaeration.station.04","BIGC_S4_20170627","2017-06-27T17:54Z",1448,"2017-06-27T21:01:10Z",49.00,49.90,21.47,53.51,52.54,53.71,52.75
"c80e4f5c-b865-457b-89da-21a3dab4ee7b","d0a50b1c-a334-4d26-9089-0f8d05063665","D17","BIGC","BIGC.AOS.reaeration.station.04","BIGC_S4_20170627","2017-06-27T17:54Z",807,"2017-06-27T19:14:20Z",86.50,84.50,15.86,102.37,104.79,103.14,105.58
"b30c042c-8c3b-42ed-9ea7-0f9ae6809648","d0a50b1c-a334-4d26-9089-0f8d05063665","D17","BIGC","BIGC.AOS.reaeration.station.04","BIGC_S4_20170627","2017-06-27T17:54Z",1142,"2017-06-27T20:10:10Z",89.60,87.80,17.02,103.59,105.71,104.32,106.46
"883ff495-48fe-4727-9949-71cff84eee1d","d0a50b1c-a334-4d26-9089-0f8d05063665","D17","BIGC","BIGC.AOS.reaeration.station.04","BIGC_S4_20170627","2017-06-27T17:54Z",1068,"2017-06-27T19:57:50Z",85.70,83.20,16.76,98.74,101.71,99.45,102.44
"78d8dff4-8539-4118-aefa-80b94fb3b947","d0a50b1c-a334-4d26-9089-0f8d05063665","D17","BIGC","BIGC.AOS.reaeration.station.04","BIGC_S4_20170627","2017-06-27T17:54Z",2331,"2017-06-27T23:28:20Z",54.90,56.50,26.01,55.43,53.86,55.36,53.79
"b22c3661-322e-49f2-8591-422fd5a0f36f","d0a50b1c-a334-4d26-9089-0f8d05063665","D17","BIGC","BIGC.AOS.reaeration.station.04","BIGC_S4_20170627","2017-06-27T17:54Z",1772,"2017-06-27T21:55:10Z",51.20,52.00,25.13,51.87,51.07,51.86,51.07
"9b34e350-5d9d-45de-b912-ededc00f298a","d0a50b1c-a334-4d26-9089-0f8d05063665","D17","BIGC","BIGC.AOS.reaeration.station.04","BIGC_S4_20170627","2017-06-27T17:54Z",2300,"2017-06-27T23:23:10Z",54.90,56.10,26.01,55.04,53.86,54.97,53.79
"49ce27af-5142-4c6c-8349-594cdb3aa43a","d0a50b1c-a334-4d26-9089-0f8d05063665","D17","BIGC","BIGC.AOS.reaeration.station.04","BIGC_S4_20170627","2017-06-27T17:54Z",958,"2017-06-27T19:39:30Z",87.60,85.60,16.42,102.38,104.77,103.12,105.53
"aa3ff0a8-de2e-4ea1-9fb9-db2baf59cfe1","d0a50b1c-a334-4d26-9089-0f8d05063665","D17","BIGC","BIGC.AOS.reaeration.station.04","BIGC_S4_20170627","2017-06-27T17:54Z",1385,"2017-06-27T20:50:40Z",47.50,48.10,19.51,53.73,53.06,54.03,53.36
"30679eaa-0e77-4ce4-8860-9beccdc20466","d0a50b1c-a334-4d26-9089-0f8d05063665","D17","BIGC","BIGC.AOS.reaeration.station.04","BIGC_S4_20170627","2017-06-27T17:54Z",1307,"2017-06-27T20:37:40Z",91.40,89.60,17.56,104.44,106.54,105.15,107.26
"08b3be3a-ddeb-470e-9f9b-1d9bd8e2a896","d0a50b1c-a334-4d26-9089-0f8d05063665","D17","BIGC","BIGC.AOS.reaeration.station.04","BIGC_S4_20170627","2017-06-27T17:54Z",1521,"2017-06-27T21:13:20Z",50.00,51.00,22.86,53.17,52.13,53.30,52.26
"0daf65e5-0521-4d18-a7cb-0e64c7ec4451","d0a50b1c-a334-4d26-9089-0f8d05063665","D17","BIGC","BIGC.AOS.reaeration.station.04","BIGC_S4_20170627","2017-06-27T17:54Z",1451,"2017-06-27T21:01:40Z",49.10,49.90,21.53,53.44,52.59,53.65,52.79
"1254fe9b-e0e6-4418-b298-af8e2a1358f7","d0a50b1c-a334-4d26-9089-0f8d05063665","D17","BIGC","BIGC.AOS.reaeration.station.04","BIGC_S4_20170627","2017-06-27T17:54Z",1833,"2017-06-27T22:05:20Z",51.60,52.70,25.43,52.27,51.18,52.24,51.15
"ce8e2497-7ef0-4cb9-94b1-36d9d87fde75","d0a50b1c-a334-4d26-9089-0f8d05063665","D17","BIGC","BIGC.AOS.reaeration.station.04","BIGC_S4_20170627","2017-06-27T17:54Z",630,"2017-06-27T18:44:50Z",80.90,78.40,15.09,96.70,99.79,97.44,100.55
"07208678-95c5-41bc-833e-2c7d1aeae0aa","d0a50b1c-a334-4d26-9089-0f8d05063665","D17","BIGC","BIGC.AOS.reaeration.station.04","BIGC_S4_20170627","2017-06-27T17:54Z",275,"2017-06-27T17:45:40Z",79.10,77.00,14.20,97.01,99.66,97.76,100.42
"bb59a1c5-ebeb-4d76-81d0-0a2cfef2456c","d0a50b1c-a334-4d26-9089-0f8d05063665","D17","BIGC","BIGC.AOS.reaeration.station.04","BIGC_S4_20170627","2017-06-27T17:54Z",1134,"2017-06-27T20:08:50Z",89.20,87.40,17.00,103.16,105.29,103.89,106.03
"8992f17d-e500-483a-ab97-41eb8cb88427","d0a50b1c-a334-4d26-9089-0f8d05063665","D17","BIGC","BIGC.AOS.reaeration.station.04","BIGC_S4_20170627","2017-06-27T17:54Z",984,"2017-06-27T19:43:50Z",87.60,85.60,16.50,102.19,104.58,102.93,105.34
"e9950979-61a8-4f1a-b575-37c74b5c017e","d0a50b1c-a334-4d26-9089-0f8d05063665","D17","BIGC","BIGC.AOS.reaeration.station.04","BIGC_S4_20170627","2017-06-27T17:54Z",139,"2017-06-27T17:23:00Z",78.70,76.20,13.99,96.49,99.66,97.23,100.42
"14fd6904-5c59-47b2-9f40-2521eee70703","d0a50b1c-a334-4d26-9089-0f8d05063665","D17","BIGC","BIGC.AOS.reaeration.station.04","BIGC_S4_20170627","2017-06-27T17:54Z",103,"2017-06-27T17:17:00Z",78.60,76.20,13.95,96.58,99.63,97.33,100.39
"e27a2115-b5c4-4ae5-ba15-d32cf8e2ecae","d0a50b1c-a334-4d26-9089-0f8d05063665","D17","BIGC","BIGC.AOS.reaeration.station.04","BIGC_S4_20170627","2017-06-27T17:54Z",492,"2017-06-27T18:21:50Z",79.90,77.30,14.60,96.46,99.71,97.20,100.47
"bc08294c-b41b-4a18-a6d0-eb94851ec123","d0a50b1c-a334-4d26-9089-0f8d05063665","D17","BIGC","BIGC.AOS.reaeration.station.04","BIGC_S4_20170627","2017-06-27T17:54Z",2505,"2017-06-27T23:57:20Z",54.20,56.10,26.02,55.03,53.16,54.96,53.10
"b5c84f5c-ae11-4b43-8768-bb686a4f476c","d0a50b1c-a334-4d26-9089-0f8d05063665","D17","BIGC","BIGC.AOS.reaeration.station.04","BIGC_S4_20170627","2017-06-27T17:54Z",453,"2017-06-27T18:15:20Z",79.70,77.30,14.52,96.65,99.65,97.39,100.41
"f2deb7f2-e3bd-4291-bc52-dbe743fde671","d0a50b1c-a334-4d26-9089-0f8d05063665","D17","BIGC","BIGC.AOS.reaeration.station.04","BIGC_S4_20170627","2017-06-27T17:54Z",1244,"2017-06-27T20:27:10Z",90.90,88.90,17.37,104.07,106.41,104.78,107.14
"4e7b00f4-d627-4d5a-8e6b-2d87f9f23c64","d0a50b1c-a334-4d26-9089-0f8d05063665","D17","BIGC","BIGC.AOS.reaeration.station.04","BIGC_S4_20170627","2017-06-27T17:54Z",323,"2017-06-27T17:53:40Z",79.20,77.00,14.27,96.85,99.62,97.59,100.38
"4626db36-1df8-44bd-987f-7f040054294c","d0a50b1c-a334-4d26-9089-0f8d05063665","D17","BIGC","BIGC.AOS.reaeration.station.04","BIGC_S4_20170627","2017-06-27T17:54Z",1606,"2017-06-27T21:27:30Z",50.40,51.30,23.91,52.39,51.47,52.46,51.54
"8e522cf2-fecd-439d-ac7d-ca8502e36248","d0a50b1c-a334-4d26-9089-0f8d05063665","D17","BIGC","BIGC.AOS.reaeration.station.04","BIGC_S4_20170627","2017-06-27T17:54Z",1357,"2017-06-27T20:46:00Z",46.20,47.10,18.33,53.98,52.95,54.32,53.28
"76a17908-69bd-42fb-9ca8-dd137f5b86c4","d0a50b1c-a334-4d26-9089-0f8d05063665","D17","BIGC","BIGC.AOS.reaeration.station.04","BIGC_S4_20170627","2017-06-27T17:54Z",1969,"2017-06-27T22:28:00Z",52.80,53.80,25.86,52.93,51.95,52.87,51.89
"86338ace-1c35-4d01-a242-ecd0e52df53d","d0a50b1c-a334-4d26-9089-0f8d05063665","D17","BIGC","BIGC.AOS.reaeration.station.04","BIGC_S4_20170627","2017-06-27T17:54Z",1508,"2017-06-27T21:11:10Z",49.80,50.60,22.66,52.97,52.13,53.11,52.27
"9918216a-07cf-4cbb-b383-9f27ac9b9fdc","d0a50b1c-a334-4d26-9089-0f8d05063665","D17","BIGC","BIGC.AOS.reaeration.station.04","BIGC_S4_20170627","2017-06-27T17:54Z",1415,"2017-06-27T20:55:40Z",48.40,49.20,20.57,53.75,52.87,54.00,53.12
"448dc42b-c100-4914-af5c-f62336ee6259","d0a50b1c-a334-4d26-9089-0f8d05063665","D17","BIGC","BIGC.AOS.reaeration.station.04","BIGC_S4_20170627","2017-06-27T17:54Z",896,"2017-06-27T19:29:10Z",87.20,85.20,16.22,102.37,104.77,103.12,105.54
"92f81866-33b8-4958-9c01-4865e1024612","d0a50b1c-a334-4d26-9089-0f8d05063665","D17","BIGC","BIGC.AOS.reaeration.station.04","BIGC_S4_20170627","2017-06-27T17:54Z",1929,"2017-06-27T22:21:20Z",52.50,53.50,25.76,52.73,51.75,52.68,51.70
"73cffc6c-9ff7-4308-8047-056f7d4571ee","d0a50b1c-a334-4d26-9089-0f8d05063665","D17","BIGC","BIGC.AOS.reaeration.station.04","BIGC_S4_20170627","2017-06-27T17:54Z",2380,"2017-06-27T23:36:30Z",54.80,56.10,26.01,55.04,53.76,54.97,53.69
"d43b7559-fbb8-4691-b601-9f61e243235b","d0a50b1c-a334-4d26-9089-0f8d05063665","D17","BIGC","BIGC.AOS.reaeration.station.04","BIGC_S4_20170627","2017-06-27T17:54Z",374,"2017-06-27T18:02:10Z",79.40,77.00,14.36,96.64,99.65,97.38,100.42
"07cd6abb-090c-4029-9ec2-60f00be21a73","d0a50b1c-a334-4d26-9089-0f8d05063665","D17","BIGC","BIGC.AOS.reaeration.station.04","BIGC_S4_20170627","2017-06-27T17:54Z",1379,"2017-06-27T20:49:40Z",47.30,48.10,19.27,54.01,53.11,54.32,53.42
"f48af2e1-8dfa-4cb9-a242-9c4a9a912c3a","d0a50b1c-a334-4d26-9089-0f8d05063665","D17","BIGC","BIGC.AOS.reaeration.station.04","BIGC_S4_20170627","2017-06-27T17:54Z",2264,"2017-06-27T23:17:10Z",54.90,56.10,26.02,55.03,53.85,54.96,53.78
"3a034d21-1879-485d-a952-b943538604f8","d0a50b1c-a334-4d26-9089-0f8d05063665","D17","BIGC","BIGC.AOS.reaeration.station.04","BIGC_S4_20170627","2017-06-27T17:54Z",1228,"2017-06-27T20:24:30Z",90.70,88.90,17.32,104.18,106.29,104.90,107.03
"b5676892-144f-44df-b979-f691ca856dea","d0a50b1c-a334-4d26-9089-0f8d05063665","D17","BIGC","BIGC.AOS.reaeration.station.04","BIGC_S4_20170627","2017-06-27T17:54Z",629,"2017-06-27T18:44:40Z",80.90,78.40,15.09,96.70,99.79,97.44,100.55
"659648b6-cdea-4f4c-9944-fd0fd7e50ebf","d0a50b1c-a334-4d26-9089-0f8d05063665","D17","BIGC","BIGC.AOS.reaeration.station.04","BIGC_S4_20170627","2017-06-27T17:54Z",47,"2017-06-27T17:07:40Z",78.50,76.20,13.89,96.73,99.64,97.47,100.41
"f245fd0f-02fa-4085-aa22-726ac61a5d89","d0a50b1c-a334-4d26-9089-0f8d05063665","D17","BIGC","BIGC.AOS.reaeration.station.04","BIGC_S4_20170627","2017-06-27T17:54Z",2494,"2017-06-27T23:55:30Z",54.50,56.10,26.02,55.03,53.46,54.96,53.39
"7846161e-5504-4826-82bd-225b4821d82d","d0a50b1c-a334-4d26-9089-0f8d05063665","D17","BIGC","BIGC.AOS.reaeration.station.04","BIGC_S4_20170627","2017-06-27T17:54Z",734,"2017-06-27T19:02:10Z",84.10,82.20,15.53,100.35,102.67,101.11,103.45
"d4aaee60-ee7c-4d4e-b20e-a3ea8f3b012f","d0a50b1c-a334-4d26-9089-0f8d05063665","D17","BIGC","BIGC.AOS.reaeration.station.04","BIGC_S4_20170627","2017-06-27T17:54Z",2527,"2017-06-28T00:01:00Z",54.00,55.70,26.02,54.64,52.97,54.57,52.90
"bdbcf3ab-1601-42f4-ba03-baa2dff7e222","d0a50b1c-a334-4d26-9089-0f8d05063665","D17","BIGC","BIGC.AOS.reaeration.station.04","BIGC_S4_20170627","2017-06-27T17:54Z",1124,"2017-06-27T20:07:10Z",88.70,86.70,16.96,102.43,104.79,103.15,105.53
"d42a4634-682e-4f24-a3e3-11badacaadc4","d0a50b1c-a334-4d26-9089-0f8d05063665","D17","BIGC","BIGC.AOS.reaeration.station.04","BIGC_S4_20170627","2017-06-27T17:54Z",1836,"2017-06-27T22:05:50Z",51.60,52.30,25.44,51.86,51.17,51.84,51.14
"e97454f4-04b2-45b2-a9e8-a2504aec9953","d0a50b1c-a334-4d26-9089-0f8d05063665","D17","BIGC","BIGC.AOS.reaeration.station.04","BIGC_S4_20170627","2017-06-27T17:54Z",1316,"2017-06-27T20:39:10Z",91.20,89.60,17.58,104.40,106.26,105.10,106.98
"8649768d-1534-4717-a295-c0268be13f33","d0a50b1c-a334-4d26-9089-0f8d05063665","D17","BIGC","BIGC.AOS.reaeration.station.04","BIGC_S4_20170627","2017-06-27T17:54Z",321,"2017-06-27T17:53:20Z",79.20,77.00,14.27,96.85,99.62,97.59,100.38
"cf57ad2a-b130-482f-bd8a-0edcfd7b9f38","d0a50b1c-a334-4d26-9089-0f8d05063665","D17","BIGC","BIGC.AOS.reaeration.station.04","BIGC_S4_20170627","2017-06-27T17:54Z",522,"2017-06-27T18:26:50Z",80.10,78.10,14.71,97.20,99.69,97.95,100.46
"293d044a-f9d4-4e41-8313-1647159e8d31","d0a50b1c-a334-4d26-9089-0f8d05063665","D17","BIGC","BIGC.AOS.reaeration.station.04","BIGC_S4_20170627","2017-06-27T17:54Z",1684,"2017-06-27T21:40:30Z",50.80,51.60,24.58,52.02,51.21,52.04,51.24
"940930f2-1b73-47e5-8b43-66e775119588","d0a50b1c-a334-4d26-9089-0f8d05063665","D17","BIGC","BIGC.AOS.reaeration.station.04","BIGC_S4_20170627","2017-06-27T17:54Z",123,"2017-06-27T17:20:20Z",78.70,76.20,13.97,96.54,99.71,97.28,100.47
"ce56faff-6899-4f86-b222-153ea8ea45e4","d0a50b1c-a334-4d26-9089-0f8d05063665","D17","BIGC","BIGC.AOS.reaeration.station.04","BIGC_S4_20170627","2017-06-27T17:54Z",957,"2017-06-27T19:39:20Z",87.50,85.60,16.41,102.40,104.67,103.15,105.44
"1a3c9edf-de3e-4dc9-9ba5-f8b0915730c3","d0a50b1c-a334-4d26-9089-0f8d05063665","D17","BIGC","BIGC.AOS.reaeration.station.04","BIGC_S4_20170627","2017-06-27T17:54Z",427,"2017-06-27T18:11:00Z",79.70,77.30,14.47,96.76,99.77,97.50,100.53
"004848e2-73ed-4670-b29f-b70fd502405f","d0a50b1c-a334-4d26-9089-0f8d05063665","D17","BIGC","BIGC.AOS.reaeration.station.04","BIGC_S4_20170627","2017-06-27T17:54Z",589,"2017-06-27T18:38:00Z",80.50,78.10,14.92,96.72,99.69,97.46,100.46
"a5b1435c-b1b3-4260-ad82-d7e82660324d","d0a50b1c-a334-4d26-9089-0f8d05063665","D17","BIGC","BIGC.AOS.reaeration.station.04","BIGC_S4_20170627","2017-06-27T17:54Z",1734,"2017-06-27T21:48:50Z",51.20,52.40,24.90,52.50,51.30,52.51,51.30
"8e3a6f44-77e2-4e22-9c38-ebfbb282dcc2","d0a50b1c-a334-4d26-9089-0f8d05063665","D17","BIGC","BIGC.AOS.reaeration.station.04","BIGC_S4_20170627","2017-06-27T17:54Z",382,"2017-06-27T18:03:30Z",79.40,77.30,14.37,96.99,99.63,97.74,100.39
"32901666-775a-4baa-977e-8e04ccfec749","d0a50b1c-a334-4d26-9089-0f8d05063665","D17","BIGC","BIGC.AOS.reaeration.station.04","BIGC_S4_20170627","2017-06-27T17:54Z",1135,"2017-06-27T20:09:00Z",89.20,87.40,17.00,103.16,105.29,103.89,106.03
"b81ab807-9103-432f-9351-92d0045e9446","d0a50b1c-a334-4d26-9089-0f8d05063665","D17","BIGC","BIGC.AOS.reaeration.station.04","BIGC_S4_20170627","2017-06-27T17:54Z",1523,"2017-06-27T21:13:40Z",50.00,51.00,22.89,53.14,52.10,53.27,52.23
"a62678cf-6e18-4d3e-addf-dc8eb2899b0a","d0a50b1c-a334-4d26-9089-0f8d05063665","D17","BIGC","BIGC.AOS.reaeration.station.04","BIGC_S4_20170627","2017-06-27T17:54Z",751,"2017-06-27T19:05:00Z",85.10,83.30,15.60,101.53,103.72,102.29,104.50
"73e1cf7d-0dd3-46db-93f4-ec83bb62a038","d0a50b1c-a334-4d26-9089-0f8d05063665","D17","BIGC","BIGC.AOS.reaeration.station.04","BIGC_S4_20170627","2017-06-27T17:54Z",1881,"2017-06-27T22:13:20Z",52.10,53.10,25.62,52.48,51.49,52.44,51.45
"de0cd16e-4728-4da5-bb20-5afc6b1dad21","d0a50b1c-a334-4d26-9089-0f8d05063665","D17","BIGC","BIGC.AOS.reaeration.station.04","BIGC_S4_20170627","2017-06-27T17:54Z",1922,"2017-06-27T22:20:10Z",52.30,53.50,25.75,52.74,51.56,52.70,51.51
"4874a0aa-d841-4bd7-9305-f9849f69ca24","d0a50b1c-a334-4d26-9089-0f8d05063665","D17","BIGC","BIGC.AOS.reaeration.station.04","BIGC_S4_20170627","2017-06-27T17:54Z",2334,"2017-06-27T23:28:50Z",55.00,56.10,26.01,55.04,53.96,54.97,53.89
"b1af109b-4a2b-4b2d-a38b-32c0fd379a6e","d0a50b1c-a334-4d26-9089-0f8d05063665","D17","BIGC","BIGC.AOS.reaeration.station.04","BIGC_S4_20170627","2017-06-27T17:54Z",2394,"2017-06-27T23:38:50Z",54.80,56.10,26.01,55.04,53.76,54.97,53.69
"e3efc918-37a4-4b44-a6f4-1a7a31a87f5c","d0a50b1c-a334-4d26-9089-0f8d05063665","D17","BIGC","BIGC.AOS.reaeration.station.04","BIGC_S4_20170627","2017-06-27T17:54Z",827,"2017-06-27T19:17:40Z",86.70,84.80,15.95,102.52,104.82,103.28,105.60
"54ef1d87-335f-42ad-99d4-2d3d3d4a0b79","d0a50b1c-a334-4d26-9089-0f8d05063665","D17","BIGC","BIGC.AOS.reaeration.station.04","BIGC_S4_20170627","2017-06-27T17:54Z",161,"2017-06-27T17:26:40Z",78.70,76.20,14.02,96.42,99.58,97.16,100.35
"b5196e7e-9360-4bd6-a3d1-704b34f3f350","d0a50b1c-a334-4d26-9089-0f8d05063665","D17","BIGC","BIGC.AOS.reaeration.station.04","BIGC_S4_20170627","2017-06-27T17:54Z",1064,"2017-06-27T19:57:10Z",85.50,83.20,16.76,98.74,101.47,99.45,102.20
"9ba06482-a6cf-4b7c-b37d-fc2274688052","d0a50b1c-a334-4d26-9089-0f8d05063665","D17","BIGC","BIGC.AOS.reaeration.station.04","BIGC_S4_20170627","2017-06-27T17:54Z",613,"2017-06-27T18:42:00Z",80.70,78.40,15.02,96.86,99.71,97.60,100.47
"c03cee7a-59be-40c0-b18f-feae297d8705","d0a50b1c-a334-4d26-9089-0f8d05063665","D17","BIGC","BIGC.AOS.reaeration.station.04","BIGC_S4_20170627","2017-06-27T17:54Z",193,"2017-06-27T17:32:00Z",78.80,76.60,14.06,96.83,99.61,97.58,100.38
"2103511f-1323-4f83-99ec-d8832fdebc10","d0a50b1c-a334-4d26-9089-0f8d05063665","D17","BIGC","BIGC.AOS.reaeration.station.04","BIGC_S4_20170627","2017-06-27T17:54Z",1962,"2017-06-27T22:26:50Z",52.80,53.80,25.84,52.95,51.97,52.90,51.91
"6910a6b6-eb7e-46c5-95ff-255eaf960da5","d0a50b1c-a334-4d26-9089-0f8d05063665","D17","BIGC","BIGC.AOS.reaeration.station.04","BIGC_S4_20170627","2017-06-27T17:54Z",1371,"2017-06-27T20:48:20Z",47.10,48.20,18.95,54.50,53.25,54.82,53.57
"21b5eab5-05d0-4a87-b2cb-85c0739c5900","d0a50b1c-a334-4d26-9089-0f8d05063665","D17","BIGC","BIGC.AOS.reaeration.station.04","BIGC_S4_20170627","2017-06-27T17:54Z",1615,"2017-06-27T21:29:00Z",50.40,51.30,24.00,52.30,51.38,52.36,51.44
"6f13ca02-6a5c-4d41-b7f9-fef00ad3c079","d0a50b1c-a334-4d26-9089-0f8d05063665","D17","BIGC","BIGC.AOS.reaeration.station.04","BIGC_S4_20170627","2017-06-27T17:54Z",1539,"2017-06-27T21:16:20Z",50.10,51.00,23.11,52.91,51.98,53.03,52.09
"1c7d915a-33d0-4c90-bc03-e4bb5782f565","d0a50b1c-a334-4d26-9089-0f8d05063665","D17","BIGC","BIGC.AOS.reaeration.station.04","BIGC_S4_20170627","2017-06-27T17:54Z",1472,"2017-06-27T21:05:10Z",49.40,50.30,21.99,53.37,52.41,53.55,52.59
"647c7336-2d77-4568-865b-3c4076f24a3d","d0a50b1c-a334-4d26-9089-0f8d05063665","D17","BIGC","BIGC.AOS.reaeration.station.04","BIGC_S4_20170627","2017-06-27T17:54Z",792,"2017-06-27T19:11:50Z",86.30,84.10,15.79,102.05,104.72,102.82,105.51
"8889885d-bcfa-4593-b8cb-425776a4947d","d0a50b1c-a334-4d26-9089-0f8d05063665","D17","BIGC","BIGC.AOS.reaeration.station.04","BIGC_S4_20170627","2017-06-27T17:54Z",100,"2017-06-27T17:16:30Z",78.50,76.20,13.93,96.63,99.55,97.37,100.31
"f7846fd2-caae-4b7e-8938-96e45b6f2e62","d0a50b1c-a334-4d26-9089-0f8d05063665","D17","BIGC","BIGC.AOS.reaeration.station.04","BIGC_S4_20170627","2017-06-27T17:54Z",907,"2017-06-27T19:31:00Z",87.30,85.20,16.26,102.27,104.79,103.02,105.56
"2f3b9ab4-4e0c-4082-83db-d457e523c43a","d0a50b1c-a334-4d26-9089-0f8d05063665","D17","BIGC","BIGC.AOS.reaeration.station.04","BIGC_S4_20170627","2017-06-27T17:54Z",944,"2017-06-27T19:37:10Z",87.40,85.60,16.38,102.47,104.63,103.22,105.39
"7aa85247-b21f-4f5b-89c1-25da25c50896","d0a50b1c-a334-4d26-9089-0f8d05063665","D17","BIGC","BIGC.AOS.reaeration.station.04","BIGC_S4_20170627","2017-06-27T17:54Z",1516,"2017-06-27T21:12:30Z",49.90,50.60,22.78,52.84,52.11,52.97,52.24
"84780714-52e7-44a5-b1b0-8687ea693f28","d0a50b1c-a334-4d26-9089-0f8d05063665","D17","BIGC","BIGC.AOS.reaeration.station.04","BIGC_S4_20170627","2017-06-27T17:54Z",369,"2017-06-27T18:01:20Z",79.40,77.00,14.34,96.69,99.70,97.43,100.47
"1929d8b8-b37e-47a4-bc67-183fe42b3a2c","d0a50b1c-a334-4d26-9089-0f8d05063665","D17","BIGC","BIGC.AOS.reaeration.station.04","BIGC_S4_20170627","2017-06-27T17:54Z",2309,"2017-06-27T23:24:40Z",55.00,56.10,26.01,55.04,53.96,54.97,53.89
"7e902936-a81e-4019-a90a-75cda547eb47","d0a50b1c-a334-4d26-9089-0f8d05063665","D17","BIGC","BIGC.AOS.reaeration.station.04","BIGC_S4_20170627","2017-06-27T17:54Z",2590,"2017-06-28T00:11:30Z",51.20,52.70,25.50,52.20,50.72,52.17,50.68
"f7b32ab3-3d28-41be-b810-9ca6ac4d262a","d0a50b1c-a334-4d26-9089-0f8d05063665","D17","BIGC","BIGC.AOS.reaeration.station.04","BIGC_S4_20170627","2017-06-27T17:54Z",2346,"2017-06-27T23:30:50Z",55.00,56.10,26.01,55.04,53.96,54.97,53.89
"4937eb22-b802-4187-a1eb-6c79e45f8363","d0a50b1c-a334-4d26-9089-0f8d05063665","D17","BIGC","BIGC.AOS.reaeration.station.04","BIGC_S4_20170627","2017-06-27T17:54Z",1957,"2017-06-27T22:26:00Z",52.80,53.80,25.83,52.96,51.98,52.91,51.92
"5b5212bf-ee6c-467f-bfdb-15ef8105cf75","d0a50b1c-a334-4d26-9089-0f8d05063665","D17","BIGC","BIGC.AOS.reaeration.station.04","BIGC_S4_20170627","2017-06-27T17:54Z",236,"2017-06-27T17:39:10Z",78.90,76.60,14.12,96.69,99.60,97.44,100.36
"e77b0f9f-6308-4375-a11a-518dd9943eed","d0a50b1c-a334-4d26-9089-0f8d05063665","D17","BIGC","BIGC.AOS.reaeration.station.04","BIGC_S4_20170627","2017-06-27T17:54Z",2178,"2017-06-27T23:02:50Z",54.40,55.70,26.01,54.65,53.37,54.58,53.30
"3d36cc99-a893-445a-83ec-6862339ae18f","d0a50b1c-a334-4d26-9089-0f8d05063665","D17","BIGC","BIGC.AOS.reaeration.station.04","BIGC_S4_20170627","2017-06-27T17:54Z",430,"2017-06-27T18:11:30Z",79.60,77.30,14.47,96.76,99.64,97.50,100.40
"3f13f7b1-d179-4776-82bf-97b43a007ae9","d0a50b1c-a334-4d26-9089-0f8d05063665","D17","BIGC","BIGC.AOS.reaeration.station.04","BIGC_S4_20170627","2017-06-27T17:54Z",1225,"2017-06-27T20:24:00Z",90.70,88.90,17.30,104.23,106.34,104.95,107.08
"9b68351a-79ce-4bed-922f-ab67775dd9b5","d0a50b1c-a334-4d26-9089-0f8d05063665","D17","BIGC","BIGC.AOS.reaeration.station.04","BIGC_S4_20170627","2017-06-27T17:54Z",1234,"2017-06-27T20:25:30Z",90.80,88.90,17.33,104.16,106.39,104.88,107.12
"1b9bc790-b5a4-4263-a453-47a6e0ff3286","d0a50b1c-a334-4d26-9089-0f8d05063665","D17","BIGC","BIGC.AOS.reaeration.station.04","BIGC_S4_20170627","2017-06-27T17:54Z",862,"2017-06-27T19:23:30Z",86.90,85.20,16.09,102.67,104.72,103.43,105.50
"74803c4c-5fd2-4999-97a6-be6f31870b15","d0a50b1c-a334-4d26-9089-0f8d05063665","D17","BIGC","BIGC.AOS.reaeration.station.04","BIGC_S4_20170627","2017-06-27T17:54Z",1921,"2017-06-27T22:20:00Z",52.30,53.10,25.74,52.36,51.57,52.31,51.52
"08a054ef-8156-483b-bb13-88ca1d7f3720","d0a50b1c-a334-4d26-9089-0f8d05063665","D17","BIGC","BIGC.AOS.reaeration.station.04","BIGC_S4_20170627","2017-06-27T17:54Z",1767,"2017-06-27T21:54:20Z",51.20,52.00,25.09,51.91,51.11,51.91,51.11
"03739ebe-967e-4d45-8fe5-fe57fe453048","d0a50b1c-a334-4d26-9089-0f8d05063665","D17","BIGC","BIGC.AOS.reaeration.station.04","BIGC_S4_20170627","2017-06-27T17:54Z",155,"2017-06-27T17:25:40Z",78.70,76.60,14.00,96.97,99.63,97.72,100.40
"be7a7e37-d9fc-4ed0-a667-7518ceafa52b","d0a50b1c-a334-4d26-9089-0f8d05063665","D17","BIGC","BIGC.AOS.reaeration.station.04","BIGC_S4_20170627","2017-06-27T17:54Z",215,"2017-06-27T17:35:40Z",78.90,76.60,14.12,96.69,99.60,97.44,100.36
"f7a3c8b1-df4d-46cc-ad2a-b7de02c5f5ee","d0a50b1c-a334-4d26-9089-0f8d05063665","D17","BIGC","BIGC.AOS.reaeration.station.04","BIGC_S4_20170627","2017-06-27T17:54Z",1714,"2017-06-27T21:45:30Z",50.90,51.60,24.78,51.82,51.11,51.83,51.13
"cd0bbe91-e328-4e2d-aade-f9b0dd1dd24a","d0a50b1c-a334-4d26-9089-0f8d05063665","D17","BIGC","BIGC.AOS.reaeration.station.04","BIGC_S4_20170627","2017-06-27T17:54Z",758,"2017-06-27T19:06:10Z",85.50,83.30,15.64,101.43,104.11,102.20,104.90
"2ffe4321-4993-4084-8e0f-dd7901b4f4af","d0a50b1c-a334-4d26-9089-0f8d05063665","D17","BIGC","BIGC.AOS.reaeration.station.04","BIGC_S4_20170627","2017-06-27T17:54Z",2001,"2017-06-27T22:33:20Z",53.10,54.20,25.90,53.28,52.20,53.22,52.14
"ce75236e-0915-494d-a740-f455f1292e28","d0a50b1c-a334-4d26-9089-0f8d05063665","D17","BIGC","BIGC.AOS.reaeration.station.04","BIGC_S4_20170627","2017-06-27T17:54Z",2345,"2017-06-27T23:30:40Z",54.80,56.10,26.01,55.04,53.76,54.97,53.69
"b15610fb-a398-4902-939c-464b9302ffab","d0a50b1c-a334-4d26-9089-0f8d05063665","D17","BIGC","BIGC.AOS.reaeration.station.04","BIGC_S4_20170627","2017-06-27T17:54Z",1320,"2017-06-27T20:39:50Z",91.00,89.30,17.59,104.02,106.00,104.73,106.72
"d3243c33-f0c4-4070-9f5a-a0577eb61489","d0a50b1c-a334-4d26-9089-0f8d05063665","D17","BIGC","BIGC.AOS.reaeration.station.04","BIGC_S4_20170627","2017-06-27T17:54Z",1991,"2017-06-27T22:31:40Z",53.00,54.20,25.89,53.29,52.11,53.23,52.06
"8e27618a-d786-4608-a1f1-7dfacb773cd8","d0a50b1c-a334-4d26-9089-0f8d05063665","D17","BIGC","BIGC.AOS.reaeration.station.04","BIGC_S4_20170627","2017-06-27T17:54Z",1455,"2017-06-27T21:02:20Z",49.10,49.90,21.62,53.34,52.49,53.54,52.68
"874ede39-e2e8-41bc-8757-e1ba626b0b59","d0a50b1c-a334-4d26-9089-0f8d05063665","D17","BIGC","BIGC.AOS.reaeration.station.04","BIGC_S4_20170627","2017-06-27T17:54Z",610,"2017-06-27T18:41:30Z",80.70,78.40,15.01,96.89,99.73,97.63,100.49
"e0c3be21-263a-4876-9f5f-9b8bee9216a6","d0a50b1c-a334-4d26-9089-0f8d05063665","D17","BIGC","BIGC.AOS.reaeration.station.04","BIGC_S4_20170627","2017-06-27T17:54Z",633,"2017-06-27T18:45:20Z",80.90,78.40,15.11,96.66,99.74,97.40,100.50
"12564f6b-c83a-4a01-a8c0-82177aeba750","d0a50b1c-a334-4d26-9089-0f8d05063665","D17","BIGC","BIGC.AOS.reaeration.station.04","BIGC_S4_20170627","2017-06-27T17:54Z",780,"2017-06-27T19:09:50Z",86.10,83.70,15.73,101.71,104.62,102.47,105.41
"6e267337-a2e5-4056-82bd-3314622ff1f3","d0a50b1c-a334-4d26-9089-0f8d05063665","D17","BIGC","BIGC.AOS.reaeration.station.04","BIGC_S4_20170627","2017-06-27T17:54Z",395,"2017-06-27T18:05:40Z",79.50,77.30,14.40,96.92,99.68,97.67,100.45
"c6f4ae21-2441-4576-a42a-0fa61f61134b","d0a50b1c-a334-4d26-9089-0f8d05063665","D17","BIGC","BIGC.AOS.reaeration.station.04","BIGC_S4_20170627","2017-06-27T17:54Z",499,"2017-06-27T18:23:00Z",79.90,77.70,14.64,96.87,99.61,97.61,100.37
"e6d77233-4be2-44e4-a83c-bd6b5924ff28","d0a50b1c-a334-4d26-9089-0f8d05063665","D17","BIGC","BIGC.AOS.reaeration.station.04","BIGC_S4_20170627","2017-06-27T17:54Z",329,"2017-06-27T17:54:40Z",79.20,77.00,14.28,96.83,99.59,97.57,100.36
"ea8a54db-b15e-48fb-87d5-884551a339c8","d0a50b1c-a334-4d26-9089-0f8d05063665","D17","BIGC","BIGC.AOS.reaeration.station.04","BIGC_S4_20170627","2017-06-27T17:54Z",1256,"2017-06-27T20:29:10Z",90.90,88.90,17.40,104.00,106.34,104.71,107.07
"d03bd489-25d1-485c-a06b-5885cf100026","d0a50b1c-a334-4d26-9089-0f8d05063665","D17","BIGC","BIGC.AOS.reaeration.station.04","BIGC_S4_20170627","2017-06-27T17:54Z",237,"2017-06-27T17:39:20Z",79.00,76.60,14.12,96.69,99.72,97.44,100.49
"9f5c4ca9-83f2-40c5-8177-0a080ba2bbad","d0a50b1c-a334-4d26-9089-0f8d05063665","D17","BIGC","BIGC.AOS.reaeration.station.04","BIGC_S4_20170627","2017-06-27T17:54Z",2400,"2017-06-27T23:39:50Z",54.80,56.50,26.01,55.43,53.76,55.36,53.69
"610a832e-9a6d-4108-b8d9-34ff448b5ec0","d0a50b1c-a334-4d26-9089-0f8d05063665","D17","BIGC","BIGC.AOS.reaeration.station.04","BIGC_S4_20170627","2017-06-27T17:54Z",1845,"2017-06-27T22:07:20Z",51.60,52.70,25.47,52.23,51.14,52.20,51.11
"295d6e63-79df-41c8-b7df-d94e7ab50747","d0a50b1c-a334-4d26-9089-0f8d05063665","D17","BIGC","BIGC.AOS.reaeration.station.04","BIGC_S4_20170627","2017-06-27T17:54Z",2096,"2017-06-27T22:49:10Z",54.00,55.00,26.00,53.97,52.99,53.90,52.92
"a4162793-2e04-4f47-869b-a420cbf26f93","d0a50b1c-a334-4d26-9089-0f8d05063665","D17","BIGC","BIGC.AOS.reaeration.station.04","BIGC_S4_20170627","2017-06-27T17:54Z",2473,"2017-06-27T23:52:00Z",54.50,56.10,26.02,55.03,53.46,54.96,53.39
"f3e951ce-f307-4cf5-b08d-76292b352a62","d0a50b1c-a334-4d26-9089-0f8d05063665","D17","BIGC","BIGC.AOS.reaeration.station.04","BIGC_S4_20170627","2017-06-27T17:54Z",5,"2017-06-27T17:00:40Z",78.50,76.20,13.89,96.73,99.64,97.47,100.41
"4a41a497-287c-4d85-a32d-8307268febae","d0a50b1c-a334-4d26-9089-0f8d05063665","D17","BIGC","BIGC.AOS.reaeration.station.04","BIGC_S4_20170627","2017-06-27T17:54Z",2480,"2017-06-27T23:53:10Z",54.40,56.10,26.02,55.03,53.36,54.96,53.29
"f5efd436-be55-4a81-b3c3-a256eb489060","d0a50b1c-a334-4d26-9089-0f8d05063665","D17","BIGC","BIGC.AOS.reaeration.station.04","BIGC_S4_20170627","2017-06-27T17:54Z",544,"2017-06-27T18:30:30Z",80.20,78.10,14.77,97.07,99.68,97.81,100.44
"f6c8a03c-4f77-4027-9e5b-96b45de17639","d0a50b1c-a334-4d26-9089-0f8d05063665","D17","BIGC","BIGC.AOS.reaeration.station.04","BIGC_S4_20170627","2017-06-27T17:54Z",445,"2017-06-27T18:14:00Z",79.70,77.30,14.49,96.71,99.72,97.46,100.48
"1e786ba9-95e6-4ea3-bbb1-d4f47c10e6d3","d0a50b1c-a334-4d26-9089-0f8d05063665","D17","BIGC","BIGC.AOS.reaeration.station.04","BIGC_S4_20170627","2017-06-27T17:54Z",691,"2017-06-27T18:55:00Z",81.30,79.20,15.34,97.12,99.69,97.86,100.45
"a9dd490e-ba48-461e-b63f-67c1390150e7","d0a50b1c-a334-4d26-9089-0f8d05063665","D17","BIGC","BIGC.AOS.reaeration.station.04","BIGC_S4_20170627","2017-06-27T17:54Z",1262,"2017-06-27T20:30:10Z",90.90,89.30,17.43,104.39,106.26,105.11,106.99
"64cfb322-81fb-4106-9184-1d531af08699","d0a50b1c-a334-4d26-9089-0f8d05063665","D17","BIGC","BIGC.AOS.reaeration.station.04","BIGC_S4_20170627","2017-06-27T17:54Z",1191,"2017-06-27T20:18:20Z",90.40,88.50,17.19,104.02,106.25,104.74,106.99
"c4dce1f8-cbb8-4986-8b64-8bc83033bc22","d0a50b1c-a334-4d26-9089-0f8d05063665","D17","BIGC","BIGC.AOS.reaeration.station.04","BIGC_S4_20170627","2017-06-27T17:54Z",997,"2017-06-27T19:46:00Z",87.70,85.50,16.54,101.98,104.60,102.72,105.36
"96320de6-120b-4605-9664-f2853b65c2f1","d0a50b1c-a334-4d26-9089-0f8d05063665","D17","BIGC","BIGC.AOS.reaeration.station.04","BIGC_S4_20170627","2017-06-27T17:54Z",262,"2017-06-27T17:43:30Z",79.00,76.60,14.16,96.60,99.63,97.34,100.39
"ff28c07c-5791-4379-946d-76ce44a2cf3e","d0a50b1c-a334-4d26-9089-0f8d05063665","D17","BIGC","BIGC.AOS.reaeration.station.04","BIGC_S4_20170627","2017-06-27T17:54Z",2010,"2017-06-27T22:34:50Z",53.10,54.20,25.92,53.26,52.18,53.20,52.12
"0a9e1e8c-2840-4fe6-8bec-562af135ff01","d0a50b1c-a334-4d26-9089-0f8d05063665","D17","BIGC","BIGC.AOS.reaeration.station.04","BIGC_S4_20170627","2017-06-27T17:54Z",2547,"2017-06-28T00:04:20Z",53.80,55.30,26.02,54.24,52.77,54.17,52.70
"470c7a55-1124-4c0a-9419-2c9b4572eea1","d0a50b1c-a334-4d26-9089-0f8d05063665","D17","BIGC","BIGC.AOS.reaeration.station.04","BIGC_S4_20170627","2017-06-27T17:54Z",442,"2017-06-27T18:13:30Z",79.70,77.30,14.49,96.71,99.72,97.46,100.48
"a6d88a74-b0e9-420c-a2a4-ed0fbe2a9f90","d0a50b1c-a334-4d26-9089-0f8d05063665","D17","BIGC","BIGC.AOS.reaeration.station.04","BIGC_S4_20170627","2017-06-27T17:54Z",349,"2017-06-27T17:58:00Z",79.30,77.00,14.31,96.76,99.65,97.50,100.41
"f47072d5-6624-43b7-a22d-d6fa05c03c83","d0a50b1c-a334-4d26-9089-0f8d05063665","D17","BIGC","BIGC.AOS.reaeration.station.04","BIGC_S4_20170627","2017-06-27T17:54Z",1129,"2017-06-27T20:08:00Z",89.00,87.00,16.97,102.76,105.12,103.49,105.87
"1a4483cc-a72c-4961-9324-9f4e849e006e","d0a50b1c-a334-4d26-9089-0f8d05063665","D17","BIGC","BIGC.AOS.reaeration.station.04","BIGC_S4_20170627","2017-06-27T17:54Z",1418,"2017-06-27T20:56:10Z",48.50,49.20,20.67,53.64,52.87,53.88,53.12
"8e208012-f819-4dca-bc3e-9b03c8967c1e","d0a50b1c-a334-4d26-9089-0f8d05063665","D17","BIGC","BIGC.AOS.reaeration.station.04","BIGC_S4_20170627","2017-06-27T17:54Z",717,"2017-06-27T18:59:20Z",82.50,80.70,15.46,98.68,100.88,99.43,101.64
"34f4d6b0-7003-4685-ba9a-daa488687be6","d0a50b1c-a334-4d26-9089-0f8d05063665","D17","BIGC","BIGC.AOS.reaeration.station.04","BIGC_S4_20170627","2017-06-27T17:54Z",2203,"2017-06-27T23:07:00Z",54.70,56.10,26.02,55.03,53.65,54.96,53.59
"de0365d7-3e76-4d8b-bc30-9b43ac151b98","d0a50b1c-a334-4d26-9089-0f8d05063665","D17","BIGC","BIGC.AOS.reaeration.station.04","BIGC_S4_20170627","2017-06-27T17:54Z",433,"2017-06-27T18:12:00Z",79.70,77.30,14.47,96.76,99.77,97.50,100.53
"ad41c4c7-4253-4721-9190-13f60e8dbc9b","d0a50b1c-a334-4d26-9089-0f8d05063665","D17","BIGC","BIGC.AOS.reaeration.station.04","BIGC_S4_20170627","2017-06-27T17:54Z",2023,"2017-06-27T22:37:00Z",53.30,54.60,25.94,53.64,52.36,53.57,52.30
"669ff98c-7e84-4aa8-b6e1-db068e4ae514","d0a50b1c-a334-4d26-9089-0f8d05063665","D17","BIGC","BIGC.AOS.reaeration.station.04","BIGC_S4_20170627","2017-06-27T17:54Z",968,"2017-06-27T19:41:10Z",87.60,85.60,16.46,102.28,104.67,103.03,105.44
"7f3ba266-0745-44a5-866a-310b1bf5d203","d0a50b1c-a334-4d26-9089-0f8d05063665","D17","BIGC","BIGC.AOS.reaeration.station.04","BIGC_S4_20170627","2017-06-27T17:54Z",1611,"2017-06-27T21:28:20Z",50.40,51.30,23.95,52.35,51.43,52.42,51.50
"5b1ef1e6-a0f5-4c06-b5fe-c573c802e4b2","d0a50b1c-a334-4d26-9089-0f8d05063665","D17","BIGC","BIGC.AOS.reaeration.station.04","BIGC_S4_20170627","2017-06-27T17:54Z",2097,"2017-06-27T22:49:20Z",54.00,54.60,26.00,53.58,52.99,53.51,52.92
"8d66c289-6602-4e42-a585-b83ad086d2b5","d0a50b1c-a334-4d26-9089-0f8d05063665","D17","BIGC","BIGC.AOS.reaeration.station.04","BIGC_S4_20170627","2017-06-27T17:54Z",209,"2017-06-27T17:34:40Z",78.90,76.60,14.10,96.74,99.65,97.48,100.41
"904d6100-17db-4f8f-9255-c4f4059bf5a8","d0a50b1c-a334-4d26-9089-0f8d05063665","D17","BIGC","BIGC.AOS.reaeration.station.04","BIGC_S4_20170627","2017-06-27T17:54Z",2076,"2017-06-27T22:45:50Z",53.80,55.00,25.99,53.98,52.80,53.91,52.74
"0018dbfd-65be-4432-ada9-c899a636133a","d0a50b1c-a334-4d26-9089-0f8d05063665","D17","BIGC","BIGC.AOS.reaeration.station.04","BIGC_S4_20170627","2017-06-27T17:54Z",675,"2017-06-27T18:52:20Z",81.30,78.80,15.27,96.79,99.86,97.52,100.62
"5c7e304f-8546-4bbc-90cd-5f4f510f0f04","d0a50b1c-a334-4d26-9089-0f8d05063665","D17","BIGC","BIGC.AOS.reaeration.station.04","BIGC_S4_20170627","2017-06-27T17:54Z",1733,"2017-06-27T21:48:40Z",51.00,52.00,24.90,52.10,51.10,52.11,51.10
"1a525b42-3dea-41fb-886d-b5e0805d7528","d0a50b1c-a334-4d26-9089-0f8d05063665","D17","BIGC","BIGC.AOS.reaeration.station.04","BIGC_S4_20170627","2017-06-27T17:54Z",893,"2017-06-27T19:28:40Z",87.20,85.20,16.20,102.41,104.82,103.17,105.59
"2241ab79-5dc0-4302-a67c-d992f50838b2","d0a50b1c-a334-4d26-9089-0f8d05063665","D17","BIGC","BIGC.AOS.reaeration.station.04","BIGC_S4_20170627","2017-06-27T17:54Z",2291,"2017-06-27T23:21:40Z",55.00,56.10,26.01,55.04,53.96,54.97,53.89
"4cb85c5b-b29f-4141-a007-7ffcb2885f0e","d0a50b1c-a334-4d26-9089-0f8d05063665","D17","BIGC","BIGC.AOS.reaeration.station.04","BIGC_S4_20170627","2017-06-27T17:54Z",1909,"2017-06-27T22:18:00Z",52.40,53.50,25.71,52.78,51.70,52.74,51.65
"efb3679a-a8fb-470a-a005-351b0b38c9cd","d0a50b1c-a334-4d26-9089-0f8d05063665","D17","BIGC","BIGC.AOS.reaeration.station.04","BIGC_S4_20170627","2017-06-27T17:54Z",2513,"2017-06-27T23:58:40Z",54.10,55.70,26.02,54.64,53.07,54.57,53.00
"0ae63b0f-0468-40f8-9010-352b41e78d81","d0a50b1c-a334-4d26-9089-0f8d05063665","D17","BIGC","BIGC.AOS.reaeration.station.04","BIGC_S4_20170627","2017-06-27T17:54Z",1746,"2017-06-27T21:50:50Z",51.10,52.00,24.96,52.04,51.14,52.04,51.14
"87a9ab54-568e-46cd-b3d6-1f381e22a985","d0a50b1c-a334-4d26-9089-0f8d05063665","D17","BIGC","BIGC.AOS.reaeration.station.04","BIGC_S4_20170627","2017-06-27T17:54Z",2068,"2017-06-27T22:44:30Z",53.60,54.60,25.99,53.59,52.61,53.52,52.54
"73e87ca4-9010-41e6-b839-0ff75e89a876","d0a50b1c-a334-4d26-9089-0f8d05063665","D17","BIGC","BIGC.AOS.reaeration.station.04","BIGC_S4_20170627","2017-06-27T17:54Z",1200,"2017-06-27T20:19:50Z",90.50,88.50,17.22,103.95,106.30,104.67,107.03
"85020880-ed48-449d-8715-2e39da084463","d0a50b1c-a334-4d26-9089-0f8d05063665","D17","BIGC","BIGC.AOS.reaeration.station.04","BIGC_S4_20170627","2017-06-27T17:54Z",2049,"2017-06-27T22:41:20Z",53.60,54.60,25.97,53.61,52.63,53.54,52.56
"da5b2dbc-881d-43d0-a39d-689ce73b46f0","d0a50b1c-a334-4d26-9089-0f8d05063665","D17","BIGC","BIGC.AOS.reaeration.station.04","BIGC_S4_20170627","2017-06-27T17:54Z",125,"2017-06-27T17:20:40Z",78.70,76.60,13.97,97.04,99.71,97.79,100.47
"3e5b343b-d751-4589-bec9-b1cf46e97573","d0a50b1c-a334-4d26-9089-0f8d05063665","D17","BIGC","BIGC.AOS.reaeration.station.04","BIGC_S4_20170627","2017-06-27T17:54Z",232,"2017-06-27T17:38:30Z",78.90,76.60,14.12,96.69,99.60,97.44,100.36
"a3e44bc2-ca29-4611-af1c-6110dacbc71c","d0a50b1c-a334-4d26-9089-0f8d05063665","D17","BIGC","BIGC.AOS.reaeration.station.04","BIGC_S4_20170627","2017-06-27T17:54Z",864,"2017-06-27T19:23:50Z",87.00,85.20,16.09,102.67,104.84,103.43,105.62
"10fecb3c-80e8-4d85-ba53-bcb1c450ef7e","d0a50b1c-a334-4d26-9089-0f8d05063665","D17","BIGC","BIGC.AOS.reaeration.station.04","BIGC_S4_20170627","2017-06-27T17:54Z",794,"2017-06-27T19:12:10Z",86.40,84.50,15.81,102.49,104.79,103.26,105.58
"4a0bb052-e09f-4121-a177-1837f91457f6","d0a50b1c-a334-4d26-9089-0f8d05063665","D17","BIGC","BIGC.AOS.reaeration.station.04","BIGC_S4_20170627","2017-06-27T17:54Z",813,"2017-06-27T19:15:20Z",86.60,84.50,15.89,102.30,104.84,103.06,105.62
"617e6c5d-dcd3-4dfa-87cd-e13a047cf97f","d0a50b1c-a334-4d26-9089-0f8d05063665","D17","BIGC","BIGC.AOS.reaeration.station.04","BIGC_S4_20170627","2017-06-27T17:54Z",1662,"2017-06-27T21:36:50Z",50.70,51.30,24.41,51.88,51.28,51.92,51.31
"e96cab12-29b9-4213-8aeb-d6c18def8031","d0a50b1c-a334-4d26-9089-0f8d05063665","D17","BIGC","BIGC.AOS.reaeration.station.04","BIGC_S4_20170627","2017-06-27T17:54Z",221,"2017-06-27T17:36:40Z",78.90,76.60,14.12,96.69,99.60,97.44,100.36
"f8c8760e-0245-4c8e-9aab-716a152f5593","d0a50b1c-a334-4d26-9089-0f8d05063665","D17","BIGC","BIGC.AOS.reaeration.station.04","BIGC_S4_20170627","2017-06-27T17:54Z",2080,"2017-06-27T22:46:30Z",53.90,55.00,25.99,53.98,52.90,53.91,52.83
"d784d547-53a8-41de-84fc-56b57119fb87","d0a50b1c-a334-4d26-9089-0f8d05063665","D17","BIGC","BIGC.AOS.reaeration.station.04","BIGC_S4_20170627","2017-06-27T17:54Z",715,"2017-06-27T18:59:00Z",82.30,80.30,15.45,98.21,100.66,98.96,101.42
"564f01c9-f0e1-4e08-adb3-db090fb81a40","d0a50b1c-a334-4d26-9089-0f8d05063665","D17","BIGC","BIGC.AOS.reaeration.station.04","BIGC_S4_20170627","2017-06-27T17:54Z",2192,"2017-06-27T23:05:10Z",54.60,56.10,26.02,55.03,53.56,54.96,53.49
"1bd4df09-857e-428d-80aa-502e86d35d9a","d0a50b1c-a334-4d26-9089-0f8d05063665","D17","BIGC","BIGC.AOS.reaeration.station.04","BIGC_S4_20170627","2017-06-27T17:54Z",2060,"2017-06-27T22:43:10Z",53.60,54.60,25.97,53.61,52.63,53.54,52.56
"dd082387-1c04-4388-a22d-db257db40e0d","d0a50b1c-a334-4d26-9089-0f8d05063665","D17","BIGC","BIGC.AOS.reaeration.station.04","BIGC_S4_20170627","2017-06-27T17:54Z",871,"2017-06-27T19:25:00Z",87.00,85.20,16.13,102.58,104.75,103.34,105.52
"9b13fc5b-87e7-43d1-8da6-f3462a21584a","d0a50b1c-a334-4d26-9089-0f8d05063665","D17","BIGC","BIGC.AOS.reaeration.station.04","BIGC_S4_20170627","2017-06-27T17:54Z",1553,"2017-06-27T21:18:40Z",50.20,51.30,23.30,53.02,51.88,53.13,51.99
"7953051d-178c-46ab-b1cf-a64f986aa1d5","d0a50b1c-a334-4d26-9089-0f8d05063665","D17","BIGC","BIGC.AOS.reaeration.station.04","BIGC_S4_20170627","2017-06-27T17:54Z",2614,"2017-06-28T00:15:30Z",45.30,46.70,24.82,46.86,45.46,46.87,45.47
"5ecd1e9c-151f-49af-bb40-03c5dbdd5b55","d0a50b1c-a334-4d26-9089-0f8d05063665","D17","BIGC","BIGC.AOS.reaeration.station.04","BIGC_S4_20170627","2017-06-27T17:54Z",2094,"2017-06-27T22:48:50Z",53.90,55.00,26.00,53.97,52.89,53.90,52.82
"69613640-2e64-40b7-91a3-57054068a9d0","d0a50b1c-a334-4d26-9089-0f8d05063665","D17","BIGC","BIGC.AOS.reaeration.station.04","BIGC_S4_20170627","2017-06-27T17:54Z",2333,"2017-06-27T23:28:40Z",55.10,56.10,26.01,55.04,54.06,54.97,53.99
"11d8deed-1b49-429d-804d-180f5128d847","d0a50b1c-a334-4d26-9089-0f8d05063665","D17","BIGC","BIGC.AOS.reaeration.station.04","BIGC_S4_20170627","2017-06-27T17:54Z",1872,"2017-06-27T22:11:50Z",52.10,53.10,25.58,52.52,51.53,52.48,51.49
"be8d9556-8dfc-476b-93d6-76bc4ed7f815","d0a50b1c-a334-4d26-9089-0f8d05063665","D17","BIGC","BIGC.AOS.reaeration.station.04","BIGC_S4_20170627","2017-06-27T17:54Z",1442,"2017-06-27T21:00:10Z",49.00,49.90,21.31,53.68,52.72,53.90,52.93
"dc460d60-34b3-4106-b7a6-99050daf44e2","d0a50b1c-a334-4d26-9089-0f8d05063665","D17","BIGC","BIGC.AOS.reaeration.station.04","BIGC_S4_20170627","2017-06-27T17:54Z",651,"2017-06-27T18:48:20Z",81.10,78.80,15.16,97.04,99.87,97.78,100.63
"a46f8c62-0e51-4447-87fe-ea21e8e2eef8","d0a50b1c-a334-4d26-9089-0f8d05063665","D17","BIGC","BIGC.AOS.reaeration.station.04","BIGC_S4_20170627","2017-06-27T17:54Z",873,"2017-06-27T19:25:20Z",87.10,84.80,16.13,102.10,104.87,102.85,105.64
"647eaaf4-8656-405e-85ec-26d8997b2357","d0a50b1c-a334-4d26-9089-0f8d05063665","D17","BIGC","BIGC.AOS.reaeration.station.04","BIGC_S4_20170627","2017-06-27T17:54Z",2506,"2017-06-27T23:57:30Z",54.30,55.70,26.02,54.64,53.26,54.57,53.19
"7101ada5-54c2-4e16-baef-a8f1477106c5","d0a50b1c-a334-4d26-9089-0f8d05063665","D17","BIGC","BIGC.AOS.reaeration.station.04","BIGC_S4_20170627","2017-06-27T17:54Z",293,"2017-06-27T17:48:40Z",79.10,77.00,14.22,96.96,99.61,97.71,100.37
"4edfed33-f1bd-42bc-989d-7c9a14046df6","d0a50b1c-a334-4d26-9089-0f8d05063665","D17","BIGC","BIGC.AOS.reaeration.station.04","BIGC_S4_20170627","2017-06-27T17:54Z",2212,"2017-06-27T23:08:30Z",54.60,56.10,26.02,55.03,53.56,54.96,53.49
"1dadb992-8f8c-4395-9ebe-1952a42a9025","d0a50b1c-a334-4d26-9089-0f8d05063665","D17","BIGC","BIGC.AOS.reaeration.station.04","BIGC_S4_20170627","2017-06-27T17:54Z",153,"2017-06-27T17:25:20Z",78.70,76.60,14.00,96.97,99.63,97.72,100.40
"f4b9320e-15d3-47a0-bb80-9cbdf7905a47","d0a50b1c-a334-4d26-9089-0f8d05063665","D17","BIGC","BIGC.AOS.reaeration.station.04","BIGC_S4_20170627","2017-06-27T17:54Z",347,"2017-06-27T17:57:40Z",79.30,77.00,14.30,96.78,99.67,97.52,100.44
"f6ccad4f-c1ce-4b1c-b697-f8db4f2c1120","d0a50b1c-a334-4d26-9089-0f8d05063665","D17","BIGC","BIGC.AOS.reaeration.station.04","BIGC_S4_20170627","2017-06-27T17:54Z",601,"2017-06-27T18:40:00Z",80.60,78.40,14.98,96.96,99.68,97.70,100.44
"9a337acd-a19a-4733-9a7d-ce18ac400432","d0a50b1c-a334-4d26-9089-0f8d05063665","D17","BIGC","BIGC.AOS.reaeration.station.04","BIGC_S4_20170627","2017-06-27T17:54Z",1979,"2017-06-27T22:29:40Z",52.90,53.80,25.88,52.91,52.03,52.85,51.97
"9b6c0566-b122-4904-9a73-060581f85416","d0a50b1c-a334-4d26-9089-0f8d05063665","D17","BIGC","BIGC.AOS.reaeration.station.04","BIGC_S4_20170627","2017-06-27T17:54Z",70,"2017-06-27T17:11:30Z",78.50,76.20,13.90,96.70,99.62,97.44,100.38
"fc33bc4b-3963-4cf1-bc1f-fa568f5ce655","d0a50b1c-a334-4d26-9089-0f8d05063665","D17","BIGC","BIGC.AOS.reaeration.station.04","BIGC_S4_20170627","2017-06-27T17:54Z",1908,"2017-06-27T22:17:50Z",52.30,53.50,25.70,52.79,51.61,52.75,51.57
"4d72e7f0-34fc-4e36-b235-d256d45136b4","d0a50b1c-a334-4d26-9089-0f8d05063665","D17","BIGC","BIGC.AOS.reaeration.station.04","BIGC_S4_20170627","2017-06-27T17:54Z",2103,"2017-06-27T22:50:20Z",54.00,55.00,26.00,53.97,52.99,53.90,52.92
"2e49ea6e-573f-4ab7-b495-003af6036e77","d0a50b1c-a334-4d26-9089-0f8d05063665","D17","BIGC","BIGC.AOS.reaeration.station.04","BIGC_S4_20170627","2017-06-27T17:54Z",1363,"2017-06-27T20:47:00Z",46.70,47.40,18.68,53.91,53.11,54.24,53.44
"96342f9e-e3e9-481f-9418-f5f81d281e24","d0a50b1c-a334-4d26-9089-0f8d05063665","D17","BIGC","BIGC.AOS.reaeration.station.04","BIGC_S4_20170627","2017-06-27T17:54Z",508,"2017-06-27T18:24:30Z",80.00,77.70,14.66,96.82,99.69,97.56,100.45
"9c87c049-dccc-43b9-9531-437bf9445859","d0a50b1c-a334-4d26-9089-0f8d05063665","D17","BIGC","BIGC.AOS.reaeration.station.04","BIGC_S4_20170627","2017-06-27T17:54Z",2311,"2017-06-27T23:25:00Z",55.00,56.10,26.01,55.04,53.96,54.97,53.89
"f24e0097-7c8d-4654-80fb-025cdddea7d6","d0a50b1c-a334-4d26-9089-0f8d05063665","D17","BIGC","BIGC.AOS.reaeration.station.04","BIGC_S4_20170627","2017-06-27T17:54Z",1873,"2017-06-27T22:12:00Z",51.90,53.10,25.59,52.51,51.32,52.47,51.28
"f1035b9a-1a80-473e-ab85-f1d6f9fc9735","d0a50b1c-a334-4d26-9089-0f8d05063665","D17","BIGC","BIGC.AOS.reaeration.station.04","BIGC_S4_20170627","2017-06-27T17:54Z",2082,"2017-06-27T22:46:50Z",53.80,55.00,25.99,53.98,52.80,53.91,52.74
"d0aabdcd-abd5-4d22-9ad6-0a6e40fad324","d0a50b1c-a334-4d26-9089-0f8d05063665","D17","BIGC","BIGC.AOS.reaeration.station.04","BIGC_S4_20170627","2017-06-27T17:54Z",1493,"2017-06-27T21:08:40Z",49.80,50.60,22.40,53.24,52.40,53.40,52.56
"7a99e364-f43c-4111-82f2-1d93a3c1581b","d0a50b1c-a334-4d26-9089-0f8d05063665","D17","BIGC","BIGC.AOS.reaeration.station.04","BIGC_S4_20170627","2017-06-27T17:54Z",1915,"2017-06-27T22:19:00Z",52.40,53.50,25.72,52.77,51.69,52.73,51.64
"2817532e-829c-4b65-844b-fd088d61aeba","d0a50b1c-a334-4d26-9089-0f8d05063665","D17","BIGC","BIGC.AOS.reaeration.station.04","BIGC_S4_20170627","2017-06-27T17:54Z",2302,"2017-06-27T23:23:30Z",55.00,56.10,26.01,55.04,53.96,54.97,53.89
"39c3a8a3-0e3d-4ea1-b844-c2c69499f21e","d0a50b1c-a334-4d26-9089-0f8d05063665","D17","BIGC","BIGC.AOS.reaeration.station.04","BIGC_S4_20170627","2017-06-27T17:54Z",1269,"2017-06-27T20:31:20Z",91.10,89.30,17.45,104.35,106.45,105.06,107.18
"2e626218-f439-42d5-9b2c-b27346c5a2f0","d0a50b1c-a334-4d26-9089-0f8d05063665","D17","BIGC","BIGC.AOS.reaeration.station.04","BIGC_S4_20170627","2017-06-27T17:54Z",360,"2017-06-27T17:59:50Z",79.40,77.00,14.34,96.69,99.70,97.43,100.47
"3d0281e8-868a-45b5-b1c8-9e65aa350266","d0a50b1c-a334-4d26-9089-0f8d05063665","D17","BIGC","BIGC.AOS.reaeration.station.04","BIGC_S4_20170627","2017-06-27T17:54Z",2445,"2017-06-27T23:47:20Z",54.70,56.10,26.02,55.03,53.65,54.96,53.59
"6f638ae6-4501-470d-a598-88dd8fd7551b","d0a50b1c-a334-4d26-9089-0f8d05063665","D17","BIGC","BIGC.AOS.reaeration.station.04","BIGC_S4_20170627","2017-06-27T17:54Z",2099,"2017-06-27T22:49:40Z",54.00,55.00,26.00,53.97,52.99,53.90,52.92
"2f57ff7d-5f7f-482f-b29b-22ffa81d0b90","d0a50b1c-a334-4d26-9089-0f8d05063665","D17","BIGC","BIGC.AOS.reaeration.station.04","BIGC_S4_20170627","2017-06-27T17:54Z",701,"2017-06-27T18:56:40Z",81.40,79.20,15.39,97.01,99.70,97.74,100.45
"d100b6fc-f126-49d3-866c-b696b6627792","d0a50b1c-a334-4d26-9089-0f8d05063665","D17","BIGC","BIGC.AOS.reaeration.station.04","BIGC_S4_20170627","2017-06-27T17:54Z",263,"2017-06-27T17:43:40Z",79.00,77.00,14.16,97.11,99.63,97.85,100.39
"1e01743e-8338-410e-b7f9-752c9a8a5c69","d0a50b1c-a334-4d26-9089-0f8d05063665","D17","BIGC","BIGC.AOS.reaeration.station.04","BIGC_S4_20170627","2017-06-27T17:54Z",1760,"2017-06-27T21:53:10Z",51.20,51.60,25.06,51.54,51.14,51.54,51.14
"c1ec44be-1009-4795-804a-33d41a6d3a8c","d0a50b1c-a334-4d26-9089-0f8d05063665","D17","BIGC","BIGC.AOS.reaeration.station.04","BIGC_S4_20170627","2017-06-27T17:54Z",1806,"2017-06-27T22:00:50Z",51.40,52.40,25.30,52.10,51.11,52.08,51.09
"eccd79a7-da86-4b45-b9db-c80bc26ef941","d0a50b1c-a334-4d26-9089-0f8d05063665","D17","BIGC","BIGC.AOS.reaeration.station.04","BIGC_S4_20170627","2017-06-27T17:54Z",305,"2017-06-27T17:50:40Z",79.20,77.00,14.23,96.94,99.71,97.69,100.48
"0a355c09-119b-447f-bce4-4a046851e52f","d0a50b1c-a334-4d26-9089-0f8d05063665","D17","BIGC","BIGC.AOS.reaeration.station.04","BIGC_S4_20170627","2017-06-27T17:54Z",469,"2017-06-27T18:18:00Z",79.80,77.30,14.57,96.53,99.65,97.27,100.42
"e3389475-fa2d-4fa0-a574-70afe971a439","d0a50b1c-a334-4d26-9089-0f8d05063665","D17","BIGC","BIGC.AOS.reaeration.station.04","BIGC_S4_20170627","2017-06-27T17:54Z",396,"2017-06-27T18:05:50Z",79.50,77.30,14.39,96.95,99.71,97.69,100.47
"b8df06ba-e1b1-4c9e-9c3e-b1f9b0c16f9e","d0a50b1c-a334-4d26-9089-0f8d05063665","D17","BIGC","BIGC.AOS.reaeration.station.04","BIGC_S4_20170627","2017-06-27T17:54Z",1744,"2017-06-27T21:50:30Z",51.10,52.40,24.96,52.44,51.14,52.44,51.14
"f968a10c-3260-4636-ab72-0e825af900ab","d0a50b1c-a334-4d26-9089-0f8d05063665","D17","BIGC","BIGC.AOS.reaeration.station.04","BIGC_S4_20170627","2017-06-27T17:54Z",1626,"2017-06-27T21:30:50Z",50.50,51.30,24.10,52.20,51.38,52.25,51.44
"8b7219ef-cfbe-4f99-8450-a4fdc58ac3e8","d0a50b1c-a334-4d26-9089-0f8d05063665","D17","BIGC","BIGC.AOS.reaeration.station.04","BIGC_S4_20170627","2017-06-27T17:54Z",2173,"2017-06-27T23:02:00Z",54.40,55.70,26.01,54.65,53.37,54.58,53.30
"06e6fc0e-543a-4e67-b6b2-e67dad247fe5","d0a50b1c-a334-4d26-9089-0f8d05063665","D17","BIGC","BIGC.AOS.reaeration.station.04","BIGC_S4_20170627","2017-06-27T17:54Z",2627,"2017-06-28T00:17:40Z",40.80,42.20,24.78,42.38,40.97,42.39,40.98
"1a549302-9a1f-4df8-82e9-3ee29a2393d3","d0a50b1c-a334-4d26-9089-0f8d05063665","D17","BIGC","BIGC.AOS.reaeration.station.04","BIGC_S4_20170627","2017-06-27T17:54Z",496,"2017-06-27T18:22:30Z",79.90,77.70,14.62,96.91,99.66,97.66,100.42
"a229c682-c82c-438b-acbc-5175d48105d3","d0a50b1c-a334-4d26-9089-0f8d05063665","D17","BIGC","BIGC.AOS.reaeration.station.04","BIGC_S4_20170627","2017-06-27T17:54Z",906,"2017-06-27T19:30:50Z",87.30,85.20,16.26,102.27,104.79,103.02,105.56
"656ddaf0-186d-467d-a1e3-873765a6cb3e","d0a50b1c-a334-4d26-9089-0f8d05063665","D17","BIGC","BIGC.AOS.reaeration.station.04","BIGC_S4_20170627","2017-06-27T17:54Z",416,"2017-06-27T18:09:10Z",79.50,77.30,14.43,96.85,99.61,97.60,100.37
"92328df1-c6ab-48a6-a5ba-3d40895857f3","d0a50b1c-a334-4d26-9089-0f8d05063665","D17","BIGC","BIGC.AOS.reaeration.station.04","BIGC_S4_20170627","2017-06-27T17:54Z",779,"2017-06-27T19:09:40Z",86.00,83.70,15.72,101.73,104.53,102.49,105.31
"db707df8-a6f9-4b85-8d61-e9784fda4ce3","d0a50b1c-a334-4d26-9089-0f8d05063665","D17","BIGC","BIGC.AOS.reaeration.station.04","BIGC_S4_20170627","2017-06-27T17:54Z",1930,"2017-06-27T22:21:30Z",52.60,53.50,25.76,52.73,51.85,52.68,51.80
"54958bfe-18ad-4d17-a96e-18b9e78d79ba","d0a50b1c-a334-4d26-9089-0f8d05063665","D17","BIGC","BIGC.AOS.reaeration.station.04","BIGC_S4_20170627","2017-06-27T17:54Z",2057,"2017-06-27T22:42:40Z",53.70,54.60,25.97,53.61,52.72,53.54,52.66
"deeb5ca3-36ef-49e1-a670-185b7d5d457f","d0a50b1c-a334-4d26-9089-0f8d05063665","D17","BIGC","BIGC.AOS.reaeration.station.04","BIGC_S4_20170627","2017-06-27T17:54Z",695,"2017-06-27T18:55:40Z",81.30,78.80,15.35,96.61,99.67,97.34,100.43
"0e174874-66df-4914-9434-6f359c3cf4de","d0a50b1c-a334-4d26-9089-0f8d05063665","D17","BIGC","BIGC.AOS.reaeration.station.04","BIGC_S4_20170627","2017-06-27T17:54Z",328,"2017-06-27T17:54:30Z",79.20,77.00,14.28,96.83,99.59,97.57,100.36
"846197ce-9066-4807-9614-f0ffece98a9a","d0a50b1c-a334-4d26-9089-0f8d05063665","D17","BIGC","BIGC.AOS.reaeration.station.04","BIGC_S4_20170627","2017-06-27T17:54Z",1240,"2017-06-27T20:26:30Z",90.90,88.90,17.35,104.11,106.45,104.83,107.19
"da510035-55b8-4a8d-8e2c-63d511b7c7d9","d0a50b1c-a334-4d26-9089-0f8d05063665","D17","BIGC","BIGC.AOS.reaeration.station.04","BIGC_S4_20170627","2017-06-27T17:54Z",1057,"2017-06-27T19:56:00Z",85.30,83.20,16.72,98.83,101.32,99.54,102.05
"4866f7ec-5c89-442b-b9d1-812ea02e2ee3","d0a50b1c-a334-4d26-9089-0f8d05063665","D17","BIGC","BIGC.AOS.reaeration.station.04","BIGC_S4_20170627","2017-06-27T17:54Z",1326,"2017-06-27T20:40:50Z",90.50,88.90,17.62,103.49,105.35,104.19,106.06
"cfaa3cf1-9c99-461c-b474-a4155ab8c7f5","d0a50b1c-a334-4d26-9089-0f8d05063665","D17","BIGC","BIGC.AOS.reaeration.station.04","BIGC_S4_20170627","2017-06-27T17:54Z",895,"2017-06-27T19:29:00Z",87.20,85.20,16.21,102.39,104.79,103.14,105.56
"9c118ad9-9269-4cd0-9b84-c39eed11265d","d0a50b1c-a334-4d26-9089-0f8d05063665","D17","BIGC","BIGC.AOS.reaeration.station.04","BIGC_S4_20170627","2017-06-27T17:54Z",1918,"2017-06-27T22:19:30Z",52.30,53.10,25.74,52.36,51.57,52.31,51.52
"c5675648-19ff-4f8a-9e9d-230602597bb0","d0a50b1c-a334-4d26-9089-0f8d05063665","D17","BIGC","BIGC.AOS.reaeration.station.04","BIGC_S4_20170627","2017-06-27T17:54Z",217,"2017-06-27T17:36:00Z",78.90,76.60,14.12,96.69,99.60,97.44,100.36
"e7d08612-309a-4bdf-b815-be8a5380855c","d0a50b1c-a334-4d26-9089-0f8d05063665","D17","BIGC","BIGC.AOS.reaeration.station.04","BIGC_S4_20170627","2017-06-27T17:54Z",2107,"2017-06-27T22:51:00Z",54.10,55.00,26.00,53.97,53.09,53.90,53.02
"54d179bb-c6cc-40a3-bef3-12c1b411bdb4","d0a50b1c-a334-4d26-9089-0f8d05063665","D17","BIGC","BIGC.AOS.reaeration.station.04","BIGC_S4_20170627","2017-06-27T17:54Z",99,"2017-06-27T17:16:20Z",78.50,76.60,13.95,97.09,99.50,97.84,100.26
"a23905f3-f0f6-49d5-ae4b-20d13449157e","d0a50b1c-a334-4d26-9089-0f8d05063665","D17","BIGC","BIGC.AOS.reaeration.station.04","BIGC_S4_20170627","2017-06-27T17:54Z",1308,"2017-06-27T20:37:50Z",91.40,90.00,17.57,104.88,106.52,105.60,107.24
"422d7ea9-efe2-467e-a6e0-eb1702cbb571","d0a50b1c-a334-4d26-9089-0f8d05063665","D17","BIGC","BIGC.AOS.reaeration.station.04","BIGC_S4_20170627","2017-06-27T17:54Z",1919,"2017-06-27T22:19:40Z",52.40,53.10,25.74,52.36,51.67,52.31,51.62
"34eba4af-a629-40da-aef9-46473cab0099","d0a50b1c-a334-4d26-9089-0f8d05063665","D17","BIGC","BIGC.AOS.reaeration.station.04","BIGC_S4_20170627","2017-06-27T17:54Z",244,"2017-06-27T17:40:30Z",79.00,76.60,14.14,96.65,99.68,97.39,100.44
"cdf49a6a-57ed-4558-b25f-4a68ecaee2aa","d0a50b1c-a334-4d26-9089-0f8d05063665","D17","BIGC","BIGC.AOS.reaeration.station.04","BIGC_S4_20170627","2017-06-27T17:54Z",201,"2017-06-27T17:33:20Z",78.80,76.60,14.08,96.79,99.57,97.53,100.33
"94a10ab0-0a74-46fd-9a68-7c08c373a0d1","d0a50b1c-a334-4d26-9089-0f8d05063665","D17","BIGC","BIGC.AOS.reaeration.station.04","BIGC_S4_20170627","2017-06-27T17:54Z",1014,"2017-06-27T19:48:50Z",87.10,85.20,16.60,101.48,103.74,102.21,104.49
"00933d2f-8eb0-4624-9304-896a9b189220","d0a50b1c-a334-4d26-9089-0f8d05063665","D17","BIGC","BIGC.AOS.reaeration.station.04","BIGC_S4_20170627","2017-06-27T17:54Z",2015,"2017-06-27T22:35:40Z",53.20,54.20,25.93,53.25,52.27,53.19,52.21
"83cf9c10-3511-4950-9bb8-877dcb52caa1","d0a50b1c-a334-4d26-9089-0f8d05063665","D17","BIGC","BIGC.AOS.reaeration.station.04","BIGC_S4_20170627","2017-06-27T17:54Z",1687,"2017-06-27T21:41:00Z",50.80,51.60,24.60,52.00,51.19,52.02,51.22
"173a0531-59e4-4b46-8adf-fe4a98a8ec80","d0a50b1c-a334-4d26-9089-0f8d05063665","D17","BIGC","BIGC.AOS.reaeration.station.04","BIGC_S4_20170627","2017-06-27T17:54Z",2441,"2017-06-27T23:46:40Z",54.80,56.10,26.02,55.03,53.75,54.96,53.68
"0bc82d6e-3f07-4890-9905-330ef57dbdb3","d0a50b1c-a334-4d26-9089-0f8d05063665","D17","BIGC","BIGC.AOS.reaeration.station.04","BIGC_S4_20170627","2017-06-27T17:54Z",222,"2017-06-27T17:36:50Z",78.90,76.60,14.12,96.69,99.60,97.44,100.36
"07b20a45-823c-461d-b3b2-54dc0d4b07e4","d0a50b1c-a334-4d26-9089-0f8d05063665","D17","BIGC","BIGC.AOS.reaeration.station.04","BIGC_S4_20170627","2017-06-27T17:54Z",1253,"2017-06-27T20:28:40Z",90.90,88.90,17.39,104.02,106.36,104.73,107.09
"bec22f39-2670-44a1-b9d5-755a87415556","d0a50b1c-a334-4d26-9089-0f8d05063665","D17","BIGC","BIGC.AOS.reaeration.station.04","BIGC_S4_20170627","2017-06-27T17:54Z",623,"2017-06-27T18:43:40Z",80.80,78.40,15.07,96.75,99.71,97.49,100.47
"671b8f46-711a-4de6-8263-2850972ae7fb","d0a50b1c-a334-4d26-9089-0f8d05063665","D17","BIGC","BIGC.AOS.reaeration.station.04","BIGC_S4_20170627","2017-06-27T17:54Z",1502,"2017-06-27T21:10:10Z",49.80,50.60,22.55,53.08,52.24,53.23,52.39
"1adb5791-429b-4554-9041-7ea418d291d9","d0a50b1c-a334-4d26-9089-0f8d05063665","D17","BIGC","BIGC.AOS.reaeration.station.04","BIGC_S4_20170627","2017-06-27T17:54Z",2487,"2017-06-27T23:54:20Z",54.60,56.10,26.02,55.03,53.56,54.96,53.49
"04e6774f-15a0-487a-b3be-35f4b849a612","d0a50b1c-a334-4d26-9089-0f8d05063665","D17","BIGC","BIGC.AOS.reaeration.station.04","BIGC_S4_20170627","2017-06-27T17:54Z",1819,"2017-06-27T22:03:00Z",51.50,52.40,25.37,52.03,51.14,52.01,51.12
"bcb0b07d-63a5-4b21-87f4-999c7574143e","d0a50b1c-a334-4d26-9089-0f8d05063665","D17","BIGC","BIGC.AOS.reaeration.station.04","BIGC_S4_20170627","2017-06-27T17:54Z",2443,"2017-06-27T23:47:00Z",54.70,56.10,26.02,55.03,53.65,54.96,53.59
"0791c4c6-11ec-4bbf-84c0-ea55cefcc483","d0a50b1c-a334-4d26-9089-0f8d05063665","D17","BIGC","BIGC.AOS.reaeration.station.04","BIGC_S4_20170627","2017-06-27T17:54Z",2347,"2017-06-27T23:31:00Z",55.00,56.50,26.01,55.43,53.96,55.36,53.89
"11c5b6f3-9885-493e-af57-83803fdc6995","d0a50b1c-a334-4d26-9089-0f8d05063665","D17","BIGC","BIGC.AOS.reaeration.station.04","BIGC_S4_20170627","2017-06-27T17:54Z",2187,"2017-06-27T23:04:20Z",54.50,55.70,26.01,54.65,53.47,54.58,53.40
"6b223978-237c-4f2e-b60f-0c3b7e043c33","d0a50b1c-a334-4d26-9089-0f8d05063665","D17","BIGC","BIGC.AOS.reaeration.station.04","BIGC_S4_20170627","2017-06-27T17:54Z",456,"2017-06-27T18:15:50Z",79.70,77.30,14.52,96.65,99.65,97.39,100.41
"2ac59c12-b8ef-46fd-afd0-bddb4fa9a2ed","d0a50b1c-a334-4d26-9089-0f8d05063665","D17","BIGC","BIGC.AOS.reaeration.station.04","BIGC_S4_20170627","2017-06-27T17:54Z",1102,"2017-06-27T20:03:30Z",87.10,85.10,16.88,100.72,103.09,101.44,103.82
"3fb16154-132c-4c08-9ffc-29fb1280081a","d0a50b1c-a334-4d26-9089-0f8d05063665","D17","BIGC","BIGC.AOS.reaeration.station.04","BIGC_S4_20170627","2017-06-27T17:54Z",375,"2017-06-27T18:02:20Z",79.40,77.00,14.35,96.66,99.68,97.41,100.44
"ec38eb04-1901-46b4-9994-adb06bb6fa1a","d0a50b1c-a334-4d26-9089-0f8d05063665","D17","BIGC","BIGC.AOS.reaeration.station.04","BIGC_S4_20170627","2017-06-27T17:54Z",1763,"2017-06-27T21:53:40Z",51.20,52.40,25.07,52.33,51.13,52.33,51.13
"50c15861-2612-49fe-a909-89f7f9c3d7d8","d0a50b1c-a334-4d26-9089-0f8d05063665","D17","BIGC","BIGC.AOS.reaeration.station.04","BIGC_S4_20170627","2017-06-27T17:54Z",1416,"2017-06-27T20:55:50Z",48.50,49.20,20.61,53.70,52.94,53.95,53.18
"3aca43b5-095d-4c64-a591-210034b85f1b","d0a50b1c-a334-4d26-9089-0f8d05063665","D17","BIGC","BIGC.AOS.reaeration.station.04","BIGC_S4_20170627","2017-06-27T17:54Z",2286,"2017-06-27T23:20:50Z",54.90,56.10,26.01,55.04,53.86,54.97,53.79
"1adb7e1e-6b57-4dff-bea1-196be495aa48","d0a50b1c-a334-4d26-9089-0f8d05063665","D17","BIGC","BIGC.AOS.reaeration.station.04","BIGC_S4_20170627","2017-06-27T17:54Z",1540,"2017-06-27T21:16:30Z",50.20,51.00,23.13,52.89,52.06,53.00,52.17
"85c33adc-ac7b-4c43-b83e-f7442c51bd9b","d0a50b1c-a334-4d26-9089-0f8d05063665","D17","BIGC","BIGC.AOS.reaeration.station.04","BIGC_S4_20170627","2017-06-27T17:54Z",2199,"2017-06-27T23:06:20Z",54.60,56.10,26.02,55.03,53.56,54.96,53.49
"93e61766-bfe4-45de-91b7-0c6cf80043f2","d0a50b1c-a334-4d26-9089-0f8d05063665","D17","BIGC","BIGC.AOS.reaeration.station.04","BIGC_S4_20170627","2017-06-27T17:54Z",839,"2017-06-27T19:19:40Z",86.80,85.20,15.98,102.93,104.87,103.70,105.65
"17d45d1a-c06c-4608-b7e7-6a6e7f3c9536","d0a50b1c-a334-4d26-9089-0f8d05063665","D17","BIGC","BIGC.AOS.reaeration.station.04","BIGC_S4_20170627","2017-06-27T17:54Z",1028,"2017-06-27T19:51:10Z",86.60,84.40,16.64,100.44,103.06,101.16,103.80
"f92a3531-22dc-4a55-ad72-09c38000044d","d0a50b1c-a334-4d26-9089-0f8d05063665","D17","BIGC","BIGC.AOS.reaeration.station.04","BIGC_S4_20170627","2017-06-27T17:54Z",890,"2017-06-27T19:28:10Z",87.20,85.20,16.20,102.41,104.82,103.17,105.59
"76e36d6e-8783-4f5c-ad97-d7d45cf52e4b","d0a50b1c-a334-4d26-9089-0f8d05063665","D17","BIGC","BIGC.AOS.reaeration.station.04","BIGC_S4_20170627","2017-06-27T17:54Z",1441,"2017-06-27T21:00:00Z",48.90,49.90,21.29,53.71,52.63,53.92,52.84
"2febf8f6-0d0e-4d7a-a16e-b1ed8587f258","d0a50b1c-a334-4d26-9089-0f8d05063665","D17","BIGC","BIGC.AOS.reaeration.station.04","BIGC_S4_20170627","2017-06-27T17:54Z",2581,"2017-06-28T00:10:00Z",53.10,54.60,26.05,53.53,52.06,53.46,51.99
"dfe64952-3b5d-43c8-a382-a9b260ca91ba","d0a50b1c-a334-4d26-9089-0f8d05063665","D17","BIGC","BIGC.AOS.reaeration.station.04","BIGC_S4_20170627","2017-06-27T17:54Z",2428,"2017-06-27T23:44:30Z",54.70,56.10,26.01,55.04,53.66,54.97,53.60
"b4d1ef4d-6deb-4b64-9605-023cad2b1b31","d0a50b1c-a334-4d26-9089-0f8d05063665","D17","BIGC","BIGC.AOS.reaeration.station.04","BIGC_S4_20170627","2017-06-27T17:54Z",1710,"2017-06-27T21:44:50Z",50.90,51.60,24.76,51.84,51.13,51.85,51.15
"f54718f7-30a2-445d-8cb0-280b42ba16a5","d0a50b1c-a334-4d26-9089-0f8d05063665","D17","BIGC","BIGC.AOS.reaeration.station.04","BIGC_S4_20170627","2017-06-27T17:54Z",1888,"2017-06-27T22:14:30Z",52.20,53.10,25.64,52.46,51.57,52.42,51.53
"82899495-9f4e-4054-a815-90aeb09c5b82","d0a50b1c-a334-4d26-9089-0f8d05063665","D17","BIGC","BIGC.AOS.reaeration.station.04","BIGC_S4_20170627","2017-06-27T17:54Z",832,"2017-06-27T19:18:30Z",86.70,84.80,15.96,102.50,104.79,103.26,105.57
"7403324c-3b44-4277-ad22-c4d83cae20b4","d0a50b1c-a334-4d26-9089-0f8d05063665","D17","BIGC","BIGC.AOS.reaeration.station.04","BIGC_S4_20170627","2017-06-27T17:54Z",1233,"2017-06-27T20:25:20Z",90.70,88.90,17.33,104.16,106.27,104.88,107.00
"77d816f8-4fda-44b5-af54-e83b93604f1e","d0a50b1c-a334-4d26-9089-0f8d05063665","D17","BIGC","BIGC.AOS.reaeration.station.04","BIGC_S4_20170627","2017-06-27T17:54Z",2137,"2017-06-27T22:56:00Z",54.20,55.00,26.00,53.97,53.18,53.90,53.12
"dc8b6bf1-46cc-4cf3-867b-93107b75ea0f","d0a50b1c-a334-4d26-9089-0f8d05063665","D17","BIGC","BIGC.AOS.reaeration.station.04","BIGC_S4_20170627","2017-06-27T17:54Z",2507,"2017-06-27T23:57:40Z",54.20,56.10,26.02,55.03,53.16,54.96,53.10
"21e97fb7-0d02-4016-870b-a29aa835bf90","d0a50b1c-a334-4d26-9089-0f8d05063665","D17","BIGC","BIGC.AOS.reaeration.station.04","BIGC_S4_20170627","2017-06-27T17:54Z",2351,"2017-06-27T23:31:40Z",54.80,56.10,26.01,55.04,53.76,54.97,53.69
"9df03cf4-dca4-4a7c-9c89-0d1b91fadb59","d0a50b1c-a334-4d26-9089-0f8d05063665","D17","BIGC","BIGC.AOS.reaeration.station.04","BIGC_S4_20170627","2017-06-27T17:54Z",706,"2017-06-27T18:57:30Z",81.60,79.50,15.41,97.33,99.90,98.06,100.65
"36e0f83a-90c3-4b89-a028-ab1508480129","d0a50b1c-a334-4d26-9089-0f8d05063665","D17","BIGC","BIGC.AOS.reaeration.station.04","BIGC_S4_20170627","2017-06-27T17:54Z",573,"2017-06-27T18:35:20Z",80.40,78.10,14.86,96.86,99.71,97.60,100.47
"13313bf5-3661-49f1-a3ef-ec45b347702a","d0a50b1c-a334-4d26-9089-0f8d05063665","D17","BIGC","BIGC.AOS.reaeration.station.04","BIGC_S4_20170627","2017-06-27T17:54Z",2297,"2017-06-27T23:22:40Z",54.90,56.10,26.01,55.04,53.86,54.97,53.79
"8ddcec67-0759-43fe-8bbe-e5b135711162","d0a50b1c-a334-4d26-9089-0f8d05063665","D17","BIGC","BIGC.AOS.reaeration.station.04","BIGC_S4_20170627","2017-06-27T17:54Z",116,"2017-06-27T17:19:10Z",78.60,76.20,13.97,96.54,99.58,97.28,100.34
"e304301e-ca19-4a09-ab76-ff5fc055c38a","d0a50b1c-a334-4d26-9089-0f8d05063665","D17","BIGC","BIGC.AOS.reaeration.station.04","BIGC_S4_20170627","2017-06-27T17:54Z",749,"2017-06-27T19:04:40Z",85.10,83.00,15.60,101.16,103.72,101.92,104.50
"21dd0205-ea58-46e4-91ea-1d35e7137acd","d0a50b1c-a334-4d26-9089-0f8d05063665","D17","BIGC","BIGC.AOS.reaeration.station.04","BIGC_S4_20170627","2017-06-27T17:54Z",642,"2017-06-27T18:46:50Z",81.00,78.80,15.14,97.08,99.79,97.82,100.55
"7b94f28f-8fa7-4a65-9a31-9a9410ffc549","d0a50b1c-a334-4d26-9089-0f8d05063665","D17","BIGC","BIGC.AOS.reaeration.station.04","BIGC_S4_20170627","2017-06-27T17:54Z",824,"2017-06-27T19:17:10Z",86.70,84.80,15.94,102.55,104.84,103.31,105.62
"2e053e70-f948-4be9-a327-e371fef06eb1","d0a50b1c-a334-4d26-9089-0f8d05063665","D17","BIGC","BIGC.AOS.reaeration.station.04","BIGC_S4_20170627","2017-06-27T17:54Z",571,"2017-06-27T18:35:00Z",80.40,78.10,14.86,96.86,99.71,97.60,100.47
"317e6f9a-2ed6-4a69-beb8-2b6e58ca31df","d0a50b1c-a334-4d26-9089-0f8d05063665","D17","BIGC","BIGC.AOS.reaeration.station.04","BIGC_S4_20170627","2017-06-27T17:54Z",269,"2017-06-27T17:44:40Z",79.00,76.60,14.18,96.55,99.58,97.30,100.34
"b8189360-7c59-439c-a488-d01f8ef196cf","d0a50b1c-a334-4d26-9089-0f8d05063665","D17","BIGC","BIGC.AOS.reaeration.station.04","BIGC_S4_20170627","2017-06-27T17:54Z",858,"2017-06-27T19:22:50Z",87.00,85.20,16.07,102.72,104.89,103.48,105.67
"daa2bc2d-bf47-4c94-baa9-9078e8713327","d0a50b1c-a334-4d26-9089-0f8d05063665","D17","BIGC","BIGC.AOS.reaeration.station.04","BIGC_S4_20170627","2017-06-27T17:54Z",452,"2017-06-27T18:15:10Z",79.70,77.30,14.52,96.65,99.65,97.39,100.41
"b2a50825-e093-4a5e-81f5-0671be33a42f","d0a50b1c-a334-4d26-9089-0f8d05063665","D17","BIGC","BIGC.AOS.reaeration.station.04","BIGC_S4_20170627","2017-06-27T17:54Z",2616,"2017-06-28T00:15:50Z",44.60,46.00,24.81,46.17,44.76,46.18,44.77
"f8f961fc-4302-4c6e-974f-8d0f2514c952","d0a50b1c-a334-4d26-9089-0f8d05063665","D17","BIGC","BIGC.AOS.reaeration.station.04","BIGC_S4_20170627","2017-06-27T17:54Z",1076,"2017-06-27T19:59:10Z",85.80,83.60,16.79,99.15,101.76,99.86,102.48
"b511ec3c-c77c-4433-899d-4ffe1a6a8c5a","d0a50b1c-a334-4d26-9089-0f8d05063665","D17","BIGC","BIGC.AOS.reaeration.station.04","BIGC_S4_20170627","2017-06-27T17:54Z",2000,"2017-06-27T22:33:10Z",53.10,54.20,25.90,53.28,52.20,53.22,52.14
"567df1fe-609d-4571-8395-bb896083b7e4","d0a50b1c-a334-4d26-9089-0f8d05063665","D17","BIGC","BIGC.AOS.reaeration.station.04","BIGC_S4_20170627","2017-06-27T17:54Z",1989,"2017-06-27T22:31:20Z",53.10,54.20,25.89,53.29,52.21,53.23,52.15
"17609884-5231-47f6-9c9b-5a291dc0e08c","d0a50b1c-a334-4d26-9089-0f8d05063665","D17","BIGC","BIGC.AOS.reaeration.station.04","BIGC_S4_20170627","2017-06-27T17:54Z",808,"2017-06-27T19:14:30Z",86.50,84.50,15.86,102.37,104.79,103.14,105.58
"c743d7d4-7655-4b1c-91a8-6c031bb2fe8f","d0a50b1c-a334-4d26-9089-0f8d05063665","D17","BIGC","BIGC.AOS.reaeration.station.04","BIGC_S4_20170627","2017-06-27T17:54Z",2621,"2017-06-28T00:16:40Z",42.90,44.50,24.83,44.64,43.04,44.65,43.05
"0ef88daf-fec1-4e20-b31e-44324c30099f","d0a50b1c-a334-4d26-9089-0f8d05063665","D17","BIGC","BIGC.AOS.reaeration.station.04","BIGC_S4_20170627","2017-06-27T17:54Z",1359,"2017-06-27T20:46:20Z",46.60,47.00,18.56,53.59,53.14,53.92,53.47
"d610147e-7cf7-46d0-818f-64dcc6300834","d0a50b1c-a334-4d26-9089-0f8d05063665","D17","BIGC","BIGC.AOS.reaeration.station.04","BIGC_S4_20170627","2017-06-27T17:54Z",1480,"2017-06-27T21:06:30Z",49.60,50.30,22.15,53.20,52.46,53.37,52.62
"973fd06e-d57f-42c0-bf4e-36b09996b5b5","d0a50b1c-a334-4d26-9089-0f8d05063665","D17","BIGC","BIGC.AOS.reaeration.station.04","BIGC_S4_20170627","2017-06-27T17:54Z",2062,"2017-06-27T22:43:30Z",53.60,54.60,25.97,53.61,52.63,53.54,52.56
"971d3255-a77a-45bb-b82b-4a3fabf54d6a","d0a50b1c-a334-4d26-9089-0f8d05063665","D17","BIGC","BIGC.AOS.reaeration.station.04","BIGC_S4_20170627","2017-06-27T17:54Z",1273,"2017-06-27T20:32:00Z",91.20,89.70,17.47,104.77,106.52,105.48,107.25
"b8ab755d-24e8-4481-a711-79fc04eeb1c2","d0a50b1c-a334-4d26-9089-0f8d05063665","D17","BIGC","BIGC.AOS.reaeration.station.04","BIGC_S4_20170627","2017-06-27T17:54Z",359,"2017-06-27T17:59:40Z",79.40,77.00,14.33,96.71,99.72,97.45,100.49
"410af514-1159-4bec-a6fd-8e1594e93473","d0a50b1c-a334-4d26-9089-0f8d05063665","D17","BIGC","BIGC.AOS.reaeration.station.04","BIGC_S4_20170627","2017-06-27T17:54Z",1364,"2017-06-27T20:47:10Z",46.80,47.00,18.71,53.42,53.19,53.74,53.52
"66a7b282-dfbb-4485-8b8e-423b904fc2ac","d0a50b1c-a334-4d26-9089-0f8d05063665","D17","BIGC","BIGC.AOS.reaeration.station.04","BIGC_S4_20170627","2017-06-27T17:54Z",1413,"2017-06-27T20:55:20Z",48.40,49.20,20.50,53.83,52.95,54.08,53.20
"82b46686-c8a6-4dcd-9775-14282054eada","d0a50b1c-a334-4d26-9089-0f8d05063665","D17","BIGC","BIGC.AOS.reaeration.station.04","BIGC_S4_20170627","2017-06-27T17:54Z",2284,"2017-06-27T23:20:30Z",54.90,56.10,26.01,55.04,53.86,54.97,53.79
"de0a2c87-9aa3-41f7-9820-0e67775ded26","d0a50b1c-a334-4d26-9089-0f8d05063665","D17","BIGC","BIGC.AOS.reaeration.station.04","BIGC_S4_20170627","2017-06-27T17:54Z",763,"2017-06-27T19:07:00Z",85.70,83.30,15.66,101.39,104.31,102.15,105.09
"687dcf2b-11d9-4577-9eea-effbb02a469f","d0a50b1c-a334-4d26-9089-0f8d05063665","D17","BIGC","BIGC.AOS.reaeration.station.04","BIGC_S4_20170627","2017-06-27T17:54Z",2465,"2017-06-27T23:50:40Z",54.60,56.10,26.02,55.03,53.56,54.96,53.49
"2b71f36f-53a7-4b79-8b40-e7b9f810ff86","d0a50b1c-a334-4d26-9089-0f8d05063665","D17","BIGC","BIGC.AOS.reaeration.station.04","BIGC_S4_20170627","2017-06-27T17:54Z",2382,"2017-06-27T23:36:50Z",54.80,56.10,26.01,55.04,53.76,54.97,53.69
"3800032b-dcce-4ab1-a8aa-32da31b4ed86","d0a50b1c-a334-4d26-9089-0f8d05063665","D17","BIGC","BIGC.AOS.reaeration.station.04","BIGC_S4_20170627","2017-06-27T17:54Z",1121,"2017-06-27T20:06:40Z",88.60,86.70,16.94,102.48,104.72,103.20,105.46
"db977724-70a0-4dd5-b958-3f657fa87095","d0a50b1c-a334-4d26-9089-0f8d05063665","D17","BIGC","BIGC.AOS.reaeration.station.04","BIGC_S4_20170627","2017-06-27T17:54Z",597,"2017-06-27T18:39:20Z",80.60,78.10,14.95,96.65,99.75,97.39,100.51
"2903be8c-2ea1-491d-afdf-b9156dfa1a02","d0a50b1c-a334-4d26-9089-0f8d05063665","D17","BIGC","BIGC.AOS.reaeration.station.04","BIGC_S4_20170627","2017-06-27T17:54Z",673,"2017-06-27T18:52:00Z",81.20,78.80,15.26,96.81,99.76,97.55,100.52
"42a6b74b-a85a-4600-b737-909a0b38b125","d0a50b1c-a334-4d26-9089-0f8d05063665","D17","BIGC","BIGC.AOS.reaeration.station.04","BIGC_S4_20170627","2017-06-27T17:54Z",401,"2017-06-27T18:06:40Z",79.50,77.30,14.41,96.90,99.66,97.64,100.42
"69118127-9e0c-4898-a2ab-f5c9a0174cdb","d0a50b1c-a334-4d26-9089-0f8d05063665","D17","BIGC","BIGC.AOS.reaeration.station.04","BIGC_S4_20170627","2017-06-27T17:54Z",458,"2017-06-27T18:16:10Z",79.70,77.30,14.53,96.62,99.62,97.36,100.39
"ec2eafd7-1610-4a70-a641-ddbbaa9cae52","d0a50b1c-a334-4d26-9089-0f8d05063665","D17","BIGC","BIGC.AOS.reaeration.station.04","BIGC_S4_20170627","2017-06-27T17:54Z",105,"2017-06-27T17:17:20Z",78.50,76.20,13.95,96.58,99.50,97.33,100.26
"759589c4-00fe-4682-9f81-7b5528e76558","d0a50b1c-a334-4d26-9089-0f8d05063665","D17","BIGC","BIGC.AOS.reaeration.station.04","BIGC_S4_20170627","2017-06-27T17:54Z",2139,"2017-06-27T22:56:20Z",54.20,55.30,26.00,54.26,53.18,54.20,53.12
"eb1f3d82-1eea-41b6-9acb-080d5aec177a","d0a50b1c-a334-4d26-9089-0f8d05063665","D17","BIGC","BIGC.AOS.reaeration.station.04","BIGC_S4_20170627","2017-06-27T17:54Z",1934,"2017-06-27T22:22:10Z",52.50,53.80,25.77,53.02,51.74,52.97,51.69
"aa7657d4-629f-4424-8784-ae3bf28f7e18","d0a50b1c-a334-4d26-9089-0f8d05063665","D17","BIGC","BIGC.AOS.reaeration.station.04","BIGC_S4_20170627","2017-06-27T17:54Z",2073,"2017-06-27T22:45:20Z",53.70,54.60,25.99,53.59,52.70,53.52,52.64
"6b0a18ae-1eff-47d6-ac09-ea32a8bdd704","d0a50b1c-a334-4d26-9089-0f8d05063665","D17","BIGC","BIGC.AOS.reaeration.station.04","BIGC_S4_20170627","2017-06-27T17:54Z",425,"2017-06-27T18:10:40Z",79.60,77.30,14.46,96.78,99.66,97.53,100.43
"206769e2-125b-49bb-83a4-dc697f42d54e","d0a50b1c-a334-4d26-9089-0f8d05063665","D17","BIGC","BIGC.AOS.reaeration.station.04","BIGC_S4_20170627","2017-06-27T17:54Z",239,"2017-06-27T17:39:40Z",78.90,76.60,14.12,96.69,99.60,97.44,100.36
"93d87aaa-0a9d-40ba-b4d9-24777d16ffba","d0a50b1c-a334-4d26-9089-0f8d05063665","D17","BIGC","BIGC.AOS.reaeration.station.04","BIGC_S4_20170627","2017-06-27T17:54Z",2552,"2017-06-28T00:05:10Z",53.50,55.00,26.02,53.95,52.48,53.88,52.41
"f41a2c4f-23c5-4d58-8fcb-488081215272","d0a50b1c-a334-4d26-9089-0f8d05063665","D17","BIGC","BIGC.AOS.reaeration.station.04","BIGC_S4_20170627","2017-06-27T17:54Z",446,"2017-06-27T18:14:10Z",79.70,77.30,14.51,96.67,99.67,97.41,100.43
"06e7d60e-4b72-45d6-977b-38a84b776ebd","d0a50b1c-a334-4d26-9089-0f8d05063665","D17","BIGC","BIGC.AOS.reaeration.station.04","BIGC_S4_20170627","2017-06-27T17:54Z",528,"2017-06-27T18:27:50Z",80.10,77.70,14.73,96.66,99.65,97.40,100.41
"1beaa957-4a7d-4b7a-b639-dd649e4650a5","d0a50b1c-a334-4d26-9089-0f8d05063665","D17","BIGC","BIGC.AOS.reaeration.station.04","BIGC_S4_20170627","2017-06-27T17:54Z",73,"2017-06-27T17:12:00Z",78.50,76.20,13.91,96.68,99.60,97.42,100.36
"7336f777-d9e0-4fcd-beb7-c82f62ced23b","d0a50b1c-a334-4d26-9089-0f8d05063665","D17","BIGC","BIGC.AOS.reaeration.station.04","BIGC_S4_20170627","2017-06-27T17:54Z",2471,"2017-06-27T23:51:40Z",54.50,56.10,26.02,55.03,53.46,54.96,53.39
"8d15a843-560a-4c8d-9691-7704afb5c4a0","d0a50b1c-a334-4d26-9089-0f8d05063665","D17","BIGC","BIGC.AOS.reaeration.station.04","BIGC_S4_20170627","2017-06-27T17:54Z",732,"2017-06-27T19:01:50Z",83.80,81.80,15.52,99.89,102.33,100.64,103.10
"df39f25d-2a6f-4324-a98d-91c64cb470e2","d0a50b1c-a334-4d26-9089-0f8d05063665","D17","BIGC","BIGC.AOS.reaeration.station.04","BIGC_S4_20170627","2017-06-27T17:54Z",1765,"2017-06-27T21:54:00Z",51.20,52.40,25.08,52.32,51.12,52.31,51.12
"d0284ee0-99aa-4164-9d06-41f79edf9fc6","d0a50b1c-a334-4d26-9089-0f8d05063665","D17","BIGC","BIGC.AOS.reaeration.station.04","BIGC_S4_20170627","2017-06-27T17:54Z",6,"2017-06-27T17:00:50Z",78.50,76.20,13.89,96.73,99.64,97.47,100.41
"17350409-2a3c-478c-90b0-27799bbb8dd7","d0a50b1c-a334-4d26-9089-0f8d05063665","D17","BIGC","BIGC.AOS.reaeration.station.04","BIGC_S4_20170627","2017-06-27T17:54Z",1966,"2017-06-27T22:27:30Z",52.80,53.80,25.84,52.95,51.97,52.90,51.91
"3535ec90-ed28-4f11-a797-66593c12a42e","d0a50b1c-a334-4d26-9089-0f8d05063665","D17","BIGC","BIGC.AOS.reaeration.station.04","BIGC_S4_20170627","2017-06-27T17:54Z",2539,"2017-06-28T00:03:00Z",53.80,55.30,26.02,54.24,52.77,54.17,52.70
"14d4cf14-3ea3-4e3e-8175-cf95a676c27d","d0a50b1c-a334-4d26-9089-0f8d05063665","D17","BIGC","BIGC.AOS.reaeration.station.04","BIGC_S4_20170627","2017-06-27T17:54Z",1526,"2017-06-27T21:14:10Z",50.00,51.00,22.93,53.10,52.06,53.23,52.18
"47c70c64-50e6-4ad4-a1a5-555714b1904c","d0a50b1c-a334-4d26-9089-0f8d05063665","D17","BIGC","BIGC.AOS.reaeration.station.04","BIGC_S4_20170627","2017-06-27T17:54Z",31,"2017-06-27T17:05:00Z",78.50,76.20,13.87,96.77,99.69,97.51,100.46
"50aa0391-2421-484e-bb0b-1caf3fdde3bb","d0a50b1c-a334-4d26-9089-0f8d05063665","D17","BIGC","BIGC.AOS.reaeration.station.04","BIGC_S4_20170627","2017-06-27T17:54Z",2135,"2017-06-27T22:55:40Z",54.10,55.00,26.00,53.97,53.09,53.90,53.02
"c75e0771-f831-4365-b1fb-a6543beab3b9","d0a50b1c-a334-4d26-9089-0f8d05063665","D17","BIGC","BIGC.AOS.reaeration.station.04","BIGC_S4_20170627","2017-06-27T17:54Z",1570,"2017-06-27T21:21:30Z",50.40,51.30,23.51,52.80,51.88,52.89,51.97
"b2464c15-ed1e-4bc4-91a4-5107140df435","d0a50b1c-a334-4d26-9089-0f8d05063665","D17","BIGC","BIGC.AOS.reaeration.station.04","BIGC_S4_20170627","2017-06-27T17:54Z",515,"2017-06-27T18:25:40Z",80.00,77.70,14.68,96.78,99.64,97.52,100.40
"75101de1-bc89-4ab5-bc16-bd9c5b5c3a80","d0a50b1c-a334-4d26-9089-0f8d05063665","D17","BIGC","BIGC.AOS.reaeration.station.04","BIGC_S4_20170627","2017-06-27T17:54Z",602,"2017-06-27T18:40:10Z",80.60,78.40,14.98,96.96,99.68,97.70,100.44
"65e7327f-70d4-402e-b45a-e2eead048b93","d0a50b1c-a334-4d26-9089-0f8d05063665","D17","BIGC","BIGC.AOS.reaeration.station.04","BIGC_S4_20170627","2017-06-27T17:54Z",298,"2017-06-27T17:49:30Z",79.20,77.00,14.23,96.94,99.71,97.69,100.48
"57a2806b-9f4c-472b-8c12-4def67c75fc3","d0a50b1c-a334-4d26-9089-0f8d05063665","D17","BIGC","BIGC.AOS.reaeration.station.04","BIGC_S4_20170627","2017-06-27T17:54Z",2152,"2017-06-27T22:58:30Z",54.30,55.70,26.01,54.65,53.27,54.58,53.21
"67efb1ab-4c81-4447-87ae-552d0875f593","d0a50b1c-a334-4d26-9089-0f8d05063665","D17","BIGC","BIGC.AOS.reaeration.station.04","BIGC_S4_20170627","2017-06-27T17:54Z",547,"2017-06-27T18:31:00Z",80.20,78.10,14.79,97.02,99.63,97.76,100.39
"d72730e3-5716-46b0-87b8-964265a8caf0","d0a50b1c-a334-4d26-9089-0f8d05063665","D17","BIGC","BIGC.AOS.reaeration.station.04","BIGC_S4_20170627","2017-06-27T17:54Z",2395,"2017-06-27T23:39:00Z",54.80,56.10,26.01,55.04,53.76,54.97,53.69
"0900e14e-e6df-43ea-8d44-3bcad4124922","d0a50b1c-a334-4d26-9089-0f8d05063665","D17","BIGC","BIGC.AOS.reaeration.station.04","BIGC_S4_20170627","2017-06-27T17:54Z",1946,"2017-06-27T22:24:10Z",52.60,53.80,25.81,52.98,51.80,52.93,51.75
"cad278bc-097a-4d1e-855c-a31046d35789","d0a50b1c-a334-4d26-9089-0f8d05063665","D17","BIGC","BIGC.AOS.reaeration.station.04","BIGC_S4_20170627","2017-06-27T17:54Z",520,"2017-06-27T18:26:30Z",80.10,77.70,14.70,96.73,99.72,97.47,100.48
"89732d66-bac6-417e-ac10-5132447f6dcf","d0a50b1c-a334-4d26-9089-0f8d05063665","D17","BIGC","BIGC.AOS.reaeration.station.04","BIGC_S4_20170627","2017-06-27T17:54Z",1053,"2017-06-27T19:55:20Z",85.40,83.20,16.71,98.85,101.47,99.56,102.19
"8456a82b-df16-448d-baf0-2a661a35dbd7","d0a50b1c-a334-4d26-9089-0f8d05063665","D17","BIGC","BIGC.AOS.reaeration.station.04","BIGC_S4_20170627","2017-06-27T17:54Z",568,"2017-06-27T18:34:30Z",80.30,78.10,14.85,96.88,99.61,97.62,100.37
"7c370e3d-e165-4df1-b882-0cb38b5ce7da","d0a50b1c-a334-4d26-9089-0f8d05063665","D17","BIGC","BIGC.AOS.reaeration.station.04","BIGC_S4_20170627","2017-06-27T17:54Z",1329,"2017-06-27T20:41:20Z",45.20,45.90,17.72,53.31,52.50,53.67,52.85
"bb4f362f-a425-4f35-9263-8334f7ca1a6d","d0a50b1c-a334-4d26-9089-0f8d05063665","D17","BIGC","BIGC.AOS.reaeration.station.04","BIGC_S4_20170627","2017-06-27T17:54Z",2508,"2017-06-27T23:57:50Z",54.10,55.70,26.02,54.64,53.07,54.57,53.00
"eaae83df-b678-4928-b296-240f83d25de3","d0a50b1c-a334-4d26-9089-0f8d05063665","D17","BIGC","BIGC.AOS.reaeration.station.04","BIGC_S4_20170627","2017-06-27T17:54Z",229,"2017-06-27T17:38:00Z",79.00,76.60,14.14,96.65,99.68,97.39,100.44
"36c215d7-e960-43fa-a766-23652c464609","d0a50b1c-a334-4d26-9089-0f8d05063665","D17","BIGC","BIGC.AOS.reaeration.station.04","BIGC_S4_20170627","2017-06-27T17:54Z",2119,"2017-06-27T22:53:00Z",54.10,55.30,26.00,54.26,53.09,54.20,53.02
"a607ce34-3295-469b-9161-a5dd46a009b2","d0a50b1c-a334-4d26-9089-0f8d05063665","D17","BIGC","BIGC.AOS.reaeration.station.04","BIGC_S4_20170627","2017-06-27T17:54Z",1503,"2017-06-27T21:10:20Z",49.80,50.60,22.58,53.05,52.21,53.20,52.36
"30d4481d-8ef3-4140-ad65-9da2aab5b569","d0a50b1c-a334-4d26-9089-0f8d05063665","D17","BIGC","BIGC.AOS.reaeration.station.04","BIGC_S4_20170627","2017-06-27T17:54Z",30,"2017-06-27T17:04:50Z",78.50,76.20,13.89,96.73,99.64,97.47,100.41
"f6ff8c8e-8900-40a9-889d-7f032320b56b","d0a50b1c-a334-4d26-9089-0f8d05063665","D17","BIGC","BIGC.AOS.reaeration.station.04","BIGC_S4_20170627","2017-06-27T17:54Z",1532,"2017-06-27T21:15:10Z",50.10,51.00,23.02,53.00,52.07,53.13,52.19
"5dcae9eb-709f-4f4b-8ab0-01e48b174c62","d0a50b1c-a334-4d26-9089-0f8d05063665","D17","BIGC","BIGC.AOS.reaeration.station.04","BIGC_S4_20170627","2017-06-27T17:54Z",266,"2017-06-27T17:44:10Z",79.00,76.60,14.17,96.58,99.60,97.32,100.37
"66b7edd4-f283-4670-aadb-47b340f34bec","d0a50b1c-a334-4d26-9089-0f8d05063665","D17","BIGC","BIGC.AOS.reaeration.station.04","BIGC_S4_20170627","2017-06-27T17:54Z",1431,"2017-06-27T20:58:20Z",48.70,49.60,21.04,53.66,52.68,53.89,52.91
"6d355dfe-9d70-4cc0-9a61-a220267b8388","d0a50b1c-a334-4d26-9089-0f8d05063665","D17","BIGC","BIGC.AOS.reaeration.station.04","BIGC_S4_20170627","2017-06-27T17:54Z",591,"2017-06-27T18:38:20Z",80.50,78.10,14.93,96.70,99.67,97.44,100.43
"6e069ee5-7ac2-46b2-bc96-f211869428c6","d0a50b1c-a334-4d26-9089-0f8d05063665","D17","BIGC","BIGC.AOS.reaeration.station.04","BIGC_S4_20170627","2017-06-27T17:54Z",1052,"2017-06-27T19:55:10Z",85.50,83.20,16.71,98.85,101.58,99.56,102.31
"7e17931a-fe2f-40ce-8830-ca57ca39b8f9","d0a50b1c-a334-4d26-9089-0f8d05063665","D17","BIGC","BIGC.AOS.reaeration.station.04","BIGC_S4_20170627","2017-06-27T17:54Z",1114,"2017-06-27T20:05:30Z",88.20,86.30,16.91,102.07,104.32,102.80,105.06
"a42c57f9-8f5a-4fa1-a778-80407339e2d9","d0a50b1c-a334-4d26-9089-0f8d05063665","D17","BIGC","BIGC.AOS.reaeration.station.04","BIGC_S4_20170627","2017-06-27T17:54Z",1132,"2017-06-27T20:08:30Z",89.20,87.40,16.99,103.19,105.31,103.92,106.06
"183954e8-84d3-4989-a811-c97d1802c991","d0a50b1c-a334-4d26-9089-0f8d05063665","D17","BIGC","BIGC.AOS.reaeration.station.04","BIGC_S4_20170627","2017-06-27T17:54Z",1892,"2017-06-27T22:15:10Z",52.20,53.10,25.65,52.45,51.56,52.41,51.52
"64678b56-c14a-43e0-a9a6-30afab3e532f","d0a50b1c-a334-4d26-9089-0f8d05063665","D17","BIGC","BIGC.AOS.reaeration.station.04","BIGC_S4_20170627","2017-06-27T17:54Z",1394,"2017-06-27T20:52:10Z",47.80,48.50,19.86,53.78,53.00,54.06,53.28
"39872c6c-1405-40fa-b0c2-7833b76dbb64","d0a50b1c-a334-4d26-9089-0f8d05063665","D17","BIGC","BIGC.AOS.reaeration.station.04","BIGC_S4_20170627","2017-06-27T17:54Z",2241,"2017-06-27T23:13:20Z",54.80,56.10,26.02,55.03,53.75,54.96,53.68
"5406785c-bdce-49d3-8273-09b29be63b7c","d0a50b1c-a334-4d26-9089-0f8d05063665","D17","BIGC","BIGC.AOS.reaeration.station.04","BIGC_S4_20170627","2017-06-27T17:54Z",2258,"2017-06-27T23:16:10Z",54.90,56.10,26.02,55.03,53.85,54.96,53.78
"a1992b52-4ab2-4b10-89f3-b7fc24b22092","d0a50b1c-a334-4d26-9089-0f8d05063665","D17","BIGC","BIGC.AOS.reaeration.station.04","BIGC_S4_20170627","2017-06-27T17:54Z",2158,"2017-06-27T22:59:30Z",54.30,55.70,26.01,54.65,53.27,54.58,53.21
"a22c703a-0a86-4b5b-885a-088ae0954c43","d0a50b1c-a334-4d26-9089-0f8d05063665","D17","BIGC","BIGC.AOS.reaeration.station.04","BIGC_S4_20170627","2017-06-27T17:54Z",2565,"2017-06-28T00:07:20Z",53.30,54.60,26.03,53.55,52.27,53.48,52.20
"b22c5702-8ac9-4fe2-a5af-a7136f637056","d0a50b1c-a334-4d26-9089-0f8d05063665","D17","BIGC","BIGC.AOS.reaeration.station.04","BIGC_S4_20170627","2017-06-27T17:54Z",1788,"2017-06-27T21:57:50Z",51.30,52.40,25.21,52.19,51.10,52.18,51.08
"d72f1e01-eab9-41c3-b694-350792acac33","d0a50b1c-a334-4d26-9089-0f8d05063665","D17","BIGC","BIGC.AOS.reaeration.station.04","BIGC_S4_20170627","2017-06-27T17:54Z",796,"2017-06-27T19:12:30Z",86.40,84.10,15.81,102.00,104.79,102.77,105.58
"4f7ea39d-08f0-40b2-9f8e-e733bd996d50","d0a50b1c-a334-4d26-9089-0f8d05063665","D17","BIGC","BIGC.AOS.reaeration.station.04","BIGC_S4_20170627","2017-06-27T17:54Z",2575,"2017-06-28T00:09:00Z",53.20,54.60,26.03,53.55,52.17,53.48,52.11
"a4e59b44-2397-4e72-9810-9cd61ac1f54a","d0a50b1c-a334-4d26-9089-0f8d05063665","D17","BIGC","BIGC.AOS.reaeration.station.04","BIGC_S4_20170627","2017-06-27T17:54Z",20,"2017-06-27T17:03:10Z",78.50,76.20,13.87,96.77,99.69,97.51,100.46
"b18a1f1c-b7a9-49d7-a665-764d8aea6e89","d0a50b1c-a334-4d26-9089-0f8d05063665","D17","BIGC","BIGC.AOS.reaeration.station.04","BIGC_S4_20170627","2017-06-27T17:54Z",2620,"2017-06-28T00:16:30Z",43.30,44.50,24.81,44.66,43.46,44.67,43.47
"e8ef638b-04e4-4859-a2b3-591eb40edf35","d0a50b1c-a334-4d26-9089-0f8d05063665","D17","BIGC","BIGC.AOS.reaeration.station.04","BIGC_S4_20170627","2017-06-27T17:54Z",2109,"2017-06-27T22:51:20Z",54.00,55.00,26.00,53.97,52.99,53.90,52.92
"005c7b2c-9c7c-4550-8366-e97120dff166","d0a50b1c-a334-4d26-9089-0f8d05063665","D17","BIGC","BIGC.AOS.reaeration.station.04","BIGC_S4_20170627","2017-06-27T17:54Z",1062,"2017-06-27T19:56:50Z",85.50,83.20,16.75,98.76,101.49,99.47,102.22
"8f158ff0-be56-49d9-b5b7-abf78d58de6f","d0a50b1c-a334-4d26-9089-0f8d05063665","D17","BIGC","BIGC.AOS.reaeration.station.04","BIGC_S4_20170627","2017-06-27T17:54Z",912,"2017-06-27T19:31:50Z",87.30,85.20,16.27,102.25,104.77,103.00,105.54
"9a2f3bc5-bbbe-4987-b194-1ff85d2cc821","d0a50b1c-a334-4d26-9089-0f8d05063665","D17","BIGC","BIGC.AOS.reaeration.station.04","BIGC_S4_20170627","2017-06-27T17:54Z",1113,"2017-06-27T20:05:20Z",88.10,85.90,16.91,101.60,104.20,102.32,104.94
"1cc62318-7610-4e57-abd4-e1f6bfbd163e","d0a50b1c-a334-4d26-9089-0f8d05063665","D17","BIGC","BIGC.AOS.reaeration.station.04","BIGC_S4_20170627","2017-06-27T17:54Z",1549,"2017-06-27T21:18:00Z",50.20,51.00,23.24,52.77,51.95,52.88,52.05
"9253cc07-90c8-405e-b4d7-176258ec2f22","d0a50b1c-a334-4d26-9089-0f8d05063665","D17","BIGC","BIGC.AOS.reaeration.station.04","BIGC_S4_20170627","2017-06-27T17:54Z",760,"2017-06-27T19:06:30Z",85.60,83.30,15.65,101.41,104.21,102.17,104.99
"653fb4a5-174f-4d61-b30b-9f903a1dfc97","d0a50b1c-a334-4d26-9089-0f8d05063665","D17","BIGC","BIGC.AOS.reaeration.station.04","BIGC_S4_20170627","2017-06-27T17:54Z",410,"2017-06-27T18:08:10Z",79.50,77.30,14.42,96.88,99.63,97.62,100.40
"812c8045-11dd-4c4e-ab2f-1301db53489e","d0a50b1c-a334-4d26-9089-0f8d05063665","D17","BIGC","BIGC.AOS.reaeration.station.04","BIGC_S4_20170627","2017-06-27T17:54Z",1088,"2017-06-27T20:01:10Z",86.10,84.00,16.84,99.51,102.00,100.22,102.72
"72c5f119-15b1-4b8b-9b40-9cf571a78a9f","d0a50b1c-a334-4d26-9089-0f8d05063665","D17","BIGC","BIGC.AOS.reaeration.station.04","BIGC_S4_20170627","2017-06-27T17:54Z",245,"2017-06-27T17:40:40Z",79.00,76.60,14.14,96.65,99.68,97.39,100.44
"af1ba818-42d7-4ed0-a1e8-ef62096ea8ff","d0a50b1c-a334-4d26-9089-0f8d05063665","D17","BIGC","BIGC.AOS.reaeration.station.04","BIGC_S4_20170627","2017-06-27T17:54Z",415,"2017-06-27T18:09:00Z",79.60,77.30,14.43,96.85,99.74,97.60,100.50
"214e9620-f660-4e00-8950-432e6b7edc0c","d0a50b1c-a334-4d26-9089-0f8d05063665","D17","BIGC","BIGC.AOS.reaeration.station.04","BIGC_S4_20170627","2017-06-27T17:54Z",1671,"2017-06-27T21:38:20Z",50.80,51.60,24.48,52.12,51.31,52.15,51.34
"fc20d65f-10c0-4956-8ca0-a8fd5c685e54","d0a50b1c-a334-4d26-9089-0f8d05063665","D17","BIGC","BIGC.AOS.reaeration.station.04","BIGC_S4_20170627","2017-06-27T17:54Z",1683,"2017-06-27T21:40:20Z",50.80,51.60,24.58,52.02,51.21,52.04,51.24
"2c192f84-a973-4fb9-8db5-5feff955f164","d0a50b1c-a334-4d26-9089-0f8d05063665","D17","BIGC","BIGC.AOS.reaeration.station.04","BIGC_S4_20170627","2017-06-27T17:54Z",744,"2017-06-27T19:03:50Z",84.80,82.60,15.57,100.75,103.43,101.50,104.21
"9ea4c70f-eb5e-4d21-9850-406dddb61eef","d0a50b1c-a334-4d26-9089-0f8d05063665","D17","BIGC","BIGC.AOS.reaeration.station.04","BIGC_S4_20170627","2017-06-27T17:54Z",2385,"2017-06-27T23:37:20Z",54.80,56.10,26.01,55.04,53.76,54.97,53.69
"59f91153-2f35-4336-aa7d-10b770bd09ec","d0a50b1c-a334-4d26-9089-0f8d05063665","D17","BIGC","BIGC.AOS.reaeration.station.04","BIGC_S4_20170627","2017-06-27T17:54Z",2047,"2017-06-27T22:41:00Z",53.60,54.60,25.96,53.62,52.63,53.55,52.57
"927f79a4-399e-47b2-8190-86f056b5568d","d0a50b1c-a334-4d26-9089-0f8d05063665","D17","BIGC","BIGC.AOS.reaeration.station.04","BIGC_S4_20170627","2017-06-27T17:54Z",1894,"2017-06-27T22:15:30Z",52.30,53.10,25.66,52.44,51.65,52.40,51.61
"6a168e5e-801c-4622-bd38-f926d536664d","d0a50b1c-a334-4d26-9089-0f8d05063665","D17","BIGC","BIGC.AOS.reaeration.station.04","BIGC_S4_20170627","2017-06-27T17:54Z",1223,"2017-06-27T20:23:40Z",90.70,88.90,17.30,104.23,106.34,104.95,107.08
"f02c1d20-1f25-4130-85c1-a57eba15d9d4","d0a50b1c-a334-4d26-9089-0f8d05063665","D17","BIGC","BIGC.AOS.reaeration.station.04","BIGC_S4_20170627","2017-06-27T17:54Z",911,"2017-06-27T19:31:40Z",87.30,85.60,16.27,102.73,104.77,103.48,105.54
"ecdeef9c-cbdc-4827-96f7-92da761e002d","d0a50b1c-a334-4d26-9089-0f8d05063665","D17","BIGC","BIGC.AOS.reaeration.station.04","BIGC_S4_20170627","2017-06-27T17:54Z",811,"2017-06-27T19:15:00Z",86.50,84.50,15.86,102.37,104.79,103.14,105.58
"63303667-1c3d-49e3-a53f-126b8b02209a","d0a50b1c-a334-4d26-9089-0f8d05063665","D17","BIGC","BIGC.AOS.reaeration.station.04","BIGC_S4_20170627","2017-06-27T17:54Z",905,"2017-06-27T19:30:40Z",87.20,85.20,16.25,102.30,104.70,103.05,105.47
"b7349219-d061-4662-89fa-f21c9ef62a07","d0a50b1c-a334-4d26-9089-0f8d05063665","D17","BIGC","BIGC.AOS.reaeration.station.04","BIGC_S4_20170627","2017-06-27T17:54Z",2515,"2017-06-27T23:59:00Z",54.20,56.10,26.02,55.03,53.16,54.96,53.10
"577ee0e7-73a2-48f3-bea8-6c7179e26345","d0a50b1c-a334-4d26-9089-0f8d05063665","D17","BIGC","BIGC.AOS.reaeration.station.04","BIGC_S4_20170627","2017-06-27T17:54Z",2315,"2017-06-27T23:25:40Z",54.80,56.10,26.01,55.04,53.76,54.97,53.69
"07ad75d1-dfdc-4f07-bf0a-6a4f24ce490d","d0a50b1c-a334-4d26-9089-0f8d05063665","D17","BIGC","BIGC.AOS.reaeration.station.04","BIGC_S4_20170627","2017-06-27T17:54Z",733,"2017-06-27T19:02:00Z",84.00,82.20,15.52,100.37,102.57,101.13,103.35
"31759a23-fba9-4222-b2be-acae3e34193d","d0a50b1c-a334-4d26-9089-0f8d05063665","D17","BIGC","BIGC.AOS.reaeration.station.04","BIGC_S4_20170627","2017-06-27T17:54Z",626,"2017-06-27T18:44:10Z",80.90,78.40,15.08,96.73,99.81,97.46,100.57
"ae1c356f-a361-4d0a-b158-ad7b288933aa","d0a50b1c-a334-4d26-9089-0f8d05063665","D17","BIGC","BIGC.AOS.reaeration.station.04","BIGC_S4_20170627","2017-06-27T17:54Z",2261,"2017-06-27T23:16:40Z",55.00,56.10,26.02,55.03,53.95,54.96,53.88
"ee343b3a-1c90-40a6-849d-cb90658790a9","d0a50b1c-a334-4d26-9089-0f8d05063665","D17","BIGC","BIGC.AOS.reaeration.station.04","BIGC_S4_20170627","2017-06-27T17:54Z",1669,"2017-06-27T21:38:00Z",50.70,51.60,24.48,52.12,51.21,52.15,51.24
"0f510170-4062-47c0-95b6-e98d0e42ede6","d0a50b1c-a334-4d26-9089-0f8d05063665","D17","BIGC","BIGC.AOS.reaeration.station.04","BIGC_S4_20170627","2017-06-27T17:54Z",603,"2017-06-27T18:40:20Z",80.60,78.10,14.98,96.58,99.68,97.32,100.44
"a33ebd67-3082-4fd4-b927-e7e652cbfb79","d0a50b1c-a334-4d26-9089-0f8d05063665","D17","BIGC","BIGC.AOS.reaeration.station.04","BIGC_S4_20170627","2017-06-27T17:54Z",1634,"2017-06-27T21:32:10Z",50.60,51.30,24.19,52.11,51.40,52.16,51.44
"9b2c2dca-e26c-4ed9-9176-498bb0eb1dc2","d0a50b1c-a334-4d26-9089-0f8d05063665","D17","BIGC","BIGC.AOS.reaeration.station.04","BIGC_S4_20170627","2017-06-27T17:54Z",143,"2017-06-27T17:23:40Z",78.70,76.60,13.99,97.00,99.66,97.74,100.42
"c15dd4e4-f369-4b90-a25a-fed758a1cb9d","d0a50b1c-a334-4d26-9089-0f8d05063665","D17","BIGC","BIGC.AOS.reaeration.station.04","BIGC_S4_20170627","2017-06-27T17:54Z",569,"2017-06-27T18:34:40Z",80.40,78.10,14.85,96.88,99.74,97.62,100.50
"b0aecbb4-f56d-4a9b-b5ef-498a8c928c29","d0a50b1c-a334-4d26-9089-0f8d05063665","D17","BIGC","BIGC.AOS.reaeration.station.04","BIGC_S4_20170627","2017-06-27T17:54Z",1935,"2017-06-27T22:22:20Z",52.60,53.50,25.78,52.71,51.83,52.66,51.78
"0060e9cf-25a7-4a8c-bb82-924c5510a252","d0a50b1c-a334-4d26-9089-0f8d05063665","D17","BIGC","BIGC.AOS.reaeration.station.04","BIGC_S4_20170627","2017-06-27T17:54Z",946,"2017-06-27T19:37:30Z",87.40,85.60,16.38,102.47,104.63,103.22,105.39
"365a9729-19d2-492d-af4b-99147776cba5","d0a50b1c-a334-4d26-9089-0f8d05063665","D17","BIGC","BIGC.AOS.reaeration.station.04","BIGC_S4_20170627","2017-06-27T17:54Z",178,"2017-06-27T17:29:30Z",78.70,76.60,14.04,96.88,99.54,97.62,100.30
"b4f77f0a-bf5c-466f-8157-688b1af7575a","d0a50b1c-a334-4d26-9089-0f8d05063665","D17","BIGC","BIGC.AOS.reaeration.station.04","BIGC_S4_20170627","2017-06-27T17:54Z",2136,"2017-06-27T22:55:50Z",54.10,55.00,26.00,53.97,53.09,53.90,53.02
"088e0ca1-4a33-46a6-bcb9-3681fb619776","d0a50b1c-a334-4d26-9089-0f8d05063665","D17","BIGC","BIGC.AOS.reaeration.station.04","BIGC_S4_20170627","2017-06-27T17:54Z",716,"2017-06-27T18:59:10Z",82.30,80.30,15.45,98.21,100.66,98.96,101.42
"5df2fff7-910d-4a45-ac57-58d76d600d36","d0a50b1c-a334-4d26-9089-0f8d05063665","D17","BIGC","BIGC.AOS.reaeration.station.04","BIGC_S4_20170627","2017-06-27T17:54Z",163,"2017-06-27T17:27:00Z",78.70,76.20,14.02,96.42,99.58,97.16,100.35
"861f957c-8d7c-4701-8302-49b68d2c674f","d0a50b1c-a334-4d26-9089-0f8d05063665","D17","BIGC","BIGC.AOS.reaeration.station.04","BIGC_S4_20170627","2017-06-27T17:54Z",2273,"2017-06-27T23:18:40Z",55.00,56.10,26.02,55.03,53.95,54.96,53.88
"ab5db067-1655-4963-8a12-e39aa9ad7ecc","d0a50b1c-a334-4d26-9089-0f8d05063665","D17","BIGC","BIGC.AOS.reaeration.station.04","BIGC_S4_20170627","2017-06-27T17:54Z",1153,"2017-06-27T20:12:00Z",89.80,87.80,17.04,103.54,105.90,104.27,106.65
"6cf4e51b-a346-46bf-9215-a7ee872b457a","d0a50b1c-a334-4d26-9089-0f8d05063665","D17","BIGC","BIGC.AOS.reaeration.station.04","BIGC_S4_20170627","2017-06-27T17:54Z",2636,"2017-06-28T00:19:00Z",38.00,39.20,24.77,39.37,38.17,39.38,38.18
"94aebd40-ef08-4a11-b346-7774ecba1c9b","d0a50b1c-a334-4d26-9089-0f8d05063665","D17","BIGC","BIGC.AOS.reaeration.station.04","BIGC_S4_20170627","2017-06-27T17:54Z",585,"2017-06-27T18:37:20Z",80.50,78.10,14.91,96.74,99.72,97.48,100.48
"041c167b-7eb6-4d8b-838d-02092425fed2","d0a50b1c-a334-4d26-9089-0f8d05063665","D17","BIGC","BIGC.AOS.reaeration.station.04","BIGC_S4_20170627","2017-06-27T17:54Z",1936,"2017-06-27T22:22:30Z",52.60,53.50,25.78,52.71,51.83,52.66,51.78
"6260a90e-dd76-41b6-b497-85998d94c9db","d0a50b1c-a334-4d26-9089-0f8d05063665","D17","BIGC","BIGC.AOS.reaeration.station.04","BIGC_S4_20170627","2017-06-27T17:54Z",291,"2017-06-27T17:48:20Z",79.20,77.00,14.22,96.96,99.74,97.71,100.50
"9ce00975-14d6-416c-86ea-1391c454d69d","d0a50b1c-a334-4d26-9089-0f8d05063665","D17","BIGC","BIGC.AOS.reaeration.station.04","BIGC_S4_20170627","2017-06-27T17:54Z",28,"2017-06-27T17:04:30Z",78.50,76.20,13.87,96.77,99.69,97.51,100.46
"d2b83d62-8897-4cd9-a4ea-4dd6294e59b1","d0a50b1c-a334-4d26-9089-0f8d05063665","D17","BIGC","BIGC.AOS.reaeration.station.04","BIGC_S4_20170627","2017-06-27T17:54Z",2072,"2017-06-27T22:45:10Z",53.80,55.00,25.99,53.98,52.80,53.91,52.74
"4e9798dc-ae12-445f-b4c9-5f765062727b","d0a50b1c-a334-4d26-9089-0f8d05063665","D17","BIGC","BIGC.AOS.reaeration.station.04","BIGC_S4_20170627","2017-06-27T17:54Z",284,"2017-06-27T17:47:10Z",79.10,77.00,14.18,97.06,99.71,97.80,100.47
"56a758c2-0aff-4f78-90ab-13e97b463333","d0a50b1c-a334-4d26-9089-0f8d05063665","D17","BIGC","BIGC.AOS.reaeration.station.04","BIGC_S4_20170627","2017-06-27T17:54Z",1119,"2017-06-27T20:06:20Z",88.60,86.70,16.94,102.48,104.72,103.20,105.46
"1cd86b0f-c444-4fc7-a637-80f4a0a31b0a","d0a50b1c-a334-4d26-9089-0f8d05063665","D17","BIGC","BIGC.AOS.reaeration.station.04","BIGC_S4_20170627","2017-06-27T17:54Z",2449,"2017-06-27T23:48:00Z",54.70,56.10,26.02,55.03,53.65,54.96,53.59
"c38afa55-aebd-4502-ba19-c13e21d3c25c","d0a50b1c-a334-4d26-9089-0f8d05063665","D17","BIGC","BIGC.AOS.reaeration.station.04","BIGC_S4_20170627","2017-06-27T17:54Z",169,"2017-06-27T17:28:00Z",78.70,76.60,14.03,96.90,99.56,97.65,100.32
"fc6bbe2e-44fd-4305-8255-50c6cb6f9139","d0a50b1c-a334-4d26-9089-0f8d05063665","D17","BIGC","BIGC.AOS.reaeration.station.04","BIGC_S4_20170627","2017-06-27T17:54Z",2576,"2017-06-28T00:09:10Z",53.20,54.60,26.05,53.53,52.15,53.46,52.09
"74582218-f29a-44b9-a508-8da76e11fd33","d0a50b1c-a334-4d26-9089-0f8d05063665","D17","BIGC","BIGC.AOS.reaeration.station.04","BIGC_S4_20170627","2017-06-27T17:54Z",541,"2017-06-27T18:30:00Z",80.10,78.10,14.76,97.09,99.58,97.83,100.34
"8159607b-bca6-48d3-aa4f-748a2d9681fb","d0a50b1c-a334-4d26-9089-0f8d05063665","D17","BIGC","BIGC.AOS.reaeration.station.04","BIGC_S4_20170627","2017-06-27T17:54Z",2132,"2017-06-27T22:55:10Z",54.10,55.30,26.00,54.26,53.09,54.20,53.02
"002bab8f-dfe2-4469-a573-39d6f6931bd2","d0a50b1c-a334-4d26-9089-0f8d05063665","D17","BIGC","BIGC.AOS.reaeration.station.04","BIGC_S4_20170627","2017-06-27T17:54Z",1044,"2017-06-27T19:53:50Z",85.80,83.30,16.70,98.99,101.96,99.70,102.70
"aa60d259-e23e-4214-b2af-f300c34338df","d0a50b1c-a334-4d26-9089-0f8d05063665","D17","BIGC","BIGC.AOS.reaeration.station.04","BIGC_S4_20170627","2017-06-27T17:54Z",1782,"2017-06-27T21:56:50Z",51.20,52.00,25.18,51.82,51.02,51.81,51.01
"24dc2eaa-62b6-45c7-b951-1c9141cdd196","d0a50b1c-a334-4d26-9089-0f8d05063665","D17","BIGC","BIGC.AOS.reaeration.station.04","BIGC_S4_20170627","2017-06-27T17:54Z",1585,"2017-06-27T21:24:00Z",50.20,51.30,23.66,52.65,51.52,52.73,51.60
"ff155939-2ff3-4df5-822a-97d161afe9e9","d0a50b1c-a334-4d26-9089-0f8d05063665","D17","BIGC","BIGC.AOS.reaeration.station.04","BIGC_S4_20170627","2017-06-27T17:54Z",1372,"2017-06-27T20:48:30Z",47.10,47.80,19.00,53.99,53.20,54.31,53.51
"cc90a31b-a650-4b48-9213-3bad5b09517b","d0a50b1c-a334-4d26-9089-0f8d05063665","D17","BIGC","BIGC.AOS.reaeration.station.04","BIGC_S4_20170627","2017-06-27T17:54Z",2038,"2017-06-27T22:39:30Z",53.40,54.60,25.95,53.63,52.45,53.56,52.39
"43b83ae1-5567-4e47-be96-45dc9c599688","d0a50b1c-a334-4d26-9089-0f8d05063665","D17","BIGC","BIGC.AOS.reaeration.station.04","BIGC_S4_20170627","2017-06-27T17:54Z",119,"2017-06-27T17:19:40Z",78.60,76.20,13.97,96.54,99.58,97.28,100.34
"33161ee6-da39-4a62-bfc7-a269bc4462f9","d0a50b1c-a334-4d26-9089-0f8d05063665","D17","BIGC","BIGC.AOS.reaeration.station.04","BIGC_S4_20170627","2017-06-27T17:54Z",735,"2017-06-27T19:02:20Z",84.30,82.20,15.53,100.35,102.91,101.11,103.69
"6f7d5d00-8760-4e3d-b646-cb92aad169c8","d0a50b1c-a334-4d26-9089-0f8d05063665","D17","BIGC","BIGC.AOS.reaeration.station.04","BIGC_S4_20170627","2017-06-27T17:54Z",503,"2017-06-27T18:23:40Z",80.00,77.70,14.65,96.84,99.71,97.59,100.48
"015f7e61-74b3-4307-b759-f9750773df24","d0a50b1c-a334-4d26-9089-0f8d05063665","D17","BIGC","BIGC.AOS.reaeration.station.04","BIGC_S4_20170627","2017-06-27T17:54Z",2633,"2017-06-28T00:18:40Z",38.10,39.20,24.75,39.39,38.28,39.40,38.29
"29261055-8829-4a64-80d5-f6897fc67db7","d0a50b1c-a334-4d26-9089-0f8d05063665","D17","BIGC","BIGC.AOS.reaeration.station.04","BIGC_S4_20170627","2017-06-27T17:54Z",152,"2017-06-27T17:25:10Z",78.70,76.60,14.00,96.97,99.63,97.72,100.40
"cc4dc05d-6339-4d5d-b5a5-f5f49a64bbcd","d0a50b1c-a334-4d26-9089-0f8d05063665","D17","BIGC","BIGC.AOS.reaeration.station.04","BIGC_S4_20170627","2017-06-27T17:54Z",2238,"2017-06-27T23:12:50Z",54.80,56.10,26.02,55.03,53.75,54.96,53.68
"887d2202-e168-428e-b5de-fc0c3e74d731","d0a50b1c-a334-4d26-9089-0f8d05063665","D17","BIGC","BIGC.AOS.reaeration.station.04","BIGC_S4_20170627","2017-06-27T17:54Z",1914,"2017-06-27T22:18:50Z",52.30,53.50,25.72,52.77,51.59,52.73,51.54
"d118aaec-7b4e-4ef3-a05e-28b7f44628ff","d0a50b1c-a334-4d26-9089-0f8d05063665","D17","BIGC","BIGC.AOS.reaeration.station.04","BIGC_S4_20170627","2017-06-27T17:54Z",251,"2017-06-27T17:41:40Z",79.00,76.60,14.15,96.62,99.65,97.37,100.42
"0bc9d0fe-bc8f-4a47-b84b-3aeabbddbd1f","d0a50b1c-a334-4d26-9089-0f8d05063665","D17","BIGC","BIGC.AOS.reaeration.station.04","BIGC_S4_20170627","2017-06-27T17:54Z",257,"2017-06-27T17:42:40Z",79.00,76.60,14.15,96.62,99.65,97.37,100.42
"52ca76d5-a2c8-4a7f-aed0-f8d1015433b9","d0a50b1c-a334-4d26-9089-0f8d05063665","D17","BIGC","BIGC.AOS.reaeration.station.04","BIGC_S4_20170627","2017-06-27T17:54Z",1740,"2017-06-27T21:49:50Z",51.00,52.00,24.94,52.06,51.06,52.06,51.06
"a8406f05-e049-4f05-ba74-963dc59fb054","d0a50b1c-a334-4d26-9089-0f8d05063665","D17","BIGC","BIGC.AOS.reaeration.station.04","BIGC_S4_20170627","2017-06-27T17:54Z",444,"2017-06-27T18:13:50Z",79.70,77.30,14.49,96.71,99.72,97.46,100.48
"a0a22153-817e-4e12-a1d5-a810c318ab05","d0a50b1c-a334-4d26-9089-0f8d05063665","D17","BIGC","BIGC.AOS.reaeration.station.04","BIGC_S4_20170627","2017-06-27T17:54Z",341,"2017-06-27T17:56:40Z",79.30,77.00,14.29,96.80,99.69,97.55,100.46
"522aad65-9e76-4c5f-8483-5b42e5d2524a","d0a50b1c-a334-4d26-9089-0f8d05063665","D17","BIGC","BIGC.AOS.reaeration.station.04","BIGC_S4_20170627","2017-06-27T17:54Z",2343,"2017-06-27T23:30:20Z",54.80,56.50,26.01,55.43,53.76,55.36,53.69
"81842444-4df6-4d96-b9b2-a7bb4049182b","d0a50b1c-a334-4d26-9089-0f8d05063665","D17","BIGC","BIGC.AOS.reaeration.station.04","BIGC_S4_20170627","2017-06-27T17:54Z",1483,"2017-06-27T21:07:00Z",49.60,50.60,22.21,53.45,52.39,53.62,52.56
"19435e87-c21c-4104-bf9b-86432875b2cc","d0a50b1c-a334-4d26-9089-0f8d05063665","D17","BIGC","BIGC.AOS.reaeration.station.04","BIGC_S4_20170627","2017-06-27T17:54Z",1177,"2017-06-27T20:16:00Z",90.30,88.50,17.14,104.13,106.25,104.86,106.99
"964416d2-ce37-4cc5-9df2-38b7be17ae20","d0a50b1c-a334-4d26-9089-0f8d05063665","D17","BIGC","BIGC.AOS.reaeration.station.04","BIGC_S4_20170627","2017-06-27T17:54Z",669,"2017-06-27T18:51:20Z",81.20,78.80,15.24,96.86,99.81,97.59,100.56
"bf1877cd-dc42-4337-bbc7-9b9d9c082550","d0a50b1c-a334-4d26-9089-0f8d05063665","D17","BIGC","BIGC.AOS.reaeration.station.04","BIGC_S4_20170627","2017-06-27T17:54Z",1179,"2017-06-27T20:16:20Z",90.30,88.20,17.15,103.76,106.23,104.48,106.97
"b110922a-30be-41ff-8aea-5779e53529fc","d0a50b1c-a334-4d26-9089-0f8d05063665","D17","BIGC","BIGC.AOS.reaeration.station.04","BIGC_S4_20170627","2017-06-27T17:54Z",459,"2017-06-27T18:16:20Z",79.70,77.30,14.53,96.62,99.62,97.36,100.39
"197d7abf-f231-444a-bd28-efb89b047856","d0a50b1c-a334-4d26-9089-0f8d05063665","D17","BIGC","BIGC.AOS.reaeration.station.04","BIGC_S4_20170627","2017-06-27T17:54Z",1694,"2017-06-27T21:42:10Z",50.90,52.00,24.65,52.35,51.24,52.37,51.26
"85e71f32-70bf-4da5-8f3a-a0435d0a1b08","d0a50b1c-a334-4d26-9089-0f8d05063665","D17","BIGC","BIGC.AOS.reaeration.station.04","BIGC_S4_20170627","2017-06-27T17:54Z",1473,"2017-06-27T21:05:20Z",49.40,50.30,22.00,53.36,52.40,53.54,52.58
"f057b2a1-f89d-4c6b-8efe-84626c7bcbd4","d0a50b1c-a334-4d26-9089-0f8d05063665","D17","BIGC","BIGC.AOS.reaeration.station.04","BIGC_S4_20170627","2017-06-27T17:54Z",2479,"2017-06-27T23:53:00Z",54.40,56.10,26.02,55.03,53.36,54.96,53.29
"40fbab83-4039-479f-b33a-393cf667fff7","d0a50b1c-a334-4d26-9089-0f8d05063665","D17","BIGC","BIGC.AOS.reaeration.station.04","BIGC_S4_20170627","2017-06-27T17:54Z",1831,"2017-06-27T22:05:00Z",51.60,52.70,25.41,52.29,51.20,52.26,51.17
"b2eeb411-bfa8-4a4e-b941-3e300d871ee2","d0a50b1c-a334-4d26-9089-0f8d05063665","D17","BIGC","BIGC.AOS.reaeration.station.04","BIGC_S4_20170627","2017-06-27T17:54Z",1136,"2017-06-27T20:09:10Z",89.20,87.40,17.00,103.16,105.29,103.89,106.03
"137b12b5-e359-4f3f-b5f3-16d9800e35d2","d0a50b1c-a334-4d26-9089-0f8d05063665","D17","BIGC","BIGC.AOS.reaeration.station.04","BIGC_S4_20170627","2017-06-27T17:54Z",850,"2017-06-27T19:21:30Z",86.90,84.80,16.04,102.31,104.84,103.07,105.62
"47e7fd47-09a3-48f1-bdec-8c6517648ad7","d0a50b1c-a334-4d26-9089-0f8d05063665","D17","BIGC","BIGC.AOS.reaeration.station.04","BIGC_S4_20170627","2017-06-27T17:54Z",2250,"2017-06-27T23:14:50Z",54.80,56.10,26.02,55.03,53.75,54.96,53.68
"ccd807d6-9acb-4076-a273-8a8505383901","d0a50b1c-a334-4d26-9089-0f8d05063665","D17","BIGC","BIGC.AOS.reaeration.station.04","BIGC_S4_20170627","2017-06-27T17:54Z",607,"2017-06-27T18:41:00Z",80.60,78.40,14.99,96.93,99.65,97.67,100.41
"298ff987-cc32-48df-bd19-d4fe37cffe56","d0a50b1c-a334-4d26-9089-0f8d05063665","D17","BIGC","BIGC.AOS.reaeration.station.04","BIGC_S4_20170627","2017-06-27T17:54Z",2425,"2017-06-27T23:44:00Z",54.70,56.10,26.01,55.04,53.66,54.97,53.60
"d2f37fcd-e5cf-4233-bf74-8cb2594f31af","d0a50b1c-a334-4d26-9089-0f8d05063665","D17","BIGC","BIGC.AOS.reaeration.station.04","BIGC_S4_20170627","2017-06-27T17:54Z",1793,"2017-06-27T21:58:40Z",51.30,52.00,25.24,51.76,51.07,51.75,51.05
"0d73ab89-b909-4858-9ec5-79b84253ff06","d0a50b1c-a334-4d26-9089-0f8d05063665","D17","BIGC","BIGC.AOS.reaeration.station.04","BIGC_S4_20170627","2017-06-27T17:54Z",1674,"2017-06-27T21:38:50Z",50.80,51.60,24.51,52.09,51.28,52.12,51.31
"c589c89c-460d-4beb-a3d7-4074bb2ad63d","d0a50b1c-a334-4d26-9089-0f8d05063665","D17","BIGC","BIGC.AOS.reaeration.station.04","BIGC_S4_20170627","2017-06-27T17:54Z",2128,"2017-06-27T22:54:30Z",54.20,55.00,26.00,53.97,53.18,53.90,53.12
"79ae3252-987a-444f-b42d-11ab2ec6f3f0","d0a50b1c-a334-4d26-9089-0f8d05063665","D17","BIGC","BIGC.AOS.reaeration.station.04","BIGC_S4_20170627","2017-06-27T17:54Z",2280,"2017-06-27T23:19:50Z",54.90,56.10,26.01,55.04,53.86,54.97,53.79
"93f0c2be-622a-4cca-bd4b-c82882370297","d0a50b1c-a334-4d26-9089-0f8d05063665","D17","BIGC","BIGC.AOS.reaeration.station.04","BIGC_S4_20170627","2017-06-27T17:54Z",1689,"2017-06-27T21:41:20Z",50.80,51.30,24.62,51.68,51.17,51.70,51.19
"8550aac4-3c52-4a95-9fe5-19aedd7f5d66","d0a50b1c-a334-4d26-9089-0f8d05063665","D17","BIGC","BIGC.AOS.reaeration.station.04","BIGC_S4_20170627","2017-06-27T17:54Z",2610,"2017-06-28T00:14:50Z",46.50,47.90,24.91,47.98,46.58,47.99,46.59
"8912dcec-6f97-42db-894e-e34ba718ae2a","d0a50b1c-a334-4d26-9089-0f8d05063665","D17","BIGC","BIGC.AOS.reaeration.station.04","BIGC_S4_20170627","2017-06-27T17:54Z",1496,"2017-06-27T21:09:10Z",49.80,50.60,22.45,53.19,52.35,53.34,52.50
"6f402570-6f17-4e6f-a713-6428d445c177","d0a50b1c-a334-4d26-9089-0f8d05063665","D17","BIGC","BIGC.AOS.reaeration.station.04","BIGC_S4_20170627","2017-06-27T17:54Z",1707,"2017-06-27T21:44:20Z",51.00,52.00,24.73,52.27,51.26,52.29,51.28
"9b200d98-dd96-47c5-8a87-3a5775dda776","d0a50b1c-a334-4d26-9089-0f8d05063665","D17","BIGC","BIGC.AOS.reaeration.station.04","BIGC_S4_20170627","2017-06-27T17:54Z",301,"2017-06-27T17:50:00Z",79.20,77.00,14.23,96.94,99.71,97.69,100.48
"49467502-f137-4f69-94b6-f8ca6604ad30","d0a50b1c-a334-4d26-9089-0f8d05063665","D17","BIGC","BIGC.AOS.reaeration.station.04","BIGC_S4_20170627","2017-06-27T17:54Z",1959,"2017-06-27T22:26:20Z",52.80,53.80,25.83,52.96,51.98,52.91,51.92
"e0e6a339-2642-4d54-bd3e-a8d498795f65","d0a50b1c-a334-4d26-9089-0f8d05063665","D17","BIGC","BIGC.AOS.reaeration.station.04","BIGC_S4_20170627","2017-06-27T17:54Z",599,"2017-06-27T18:39:40Z",80.50,78.10,14.96,96.63,99.60,97.37,100.36
"f9eea745-957e-42a2-995b-80604c1bc07a","d0a50b1c-a334-4d26-9089-0f8d05063665","D17","BIGC","BIGC.AOS.reaeration.station.04","BIGC_S4_20170627","2017-06-27T17:54Z",2637,"2017-06-28T00:19:10Z",37.60,38.80,24.79,38.96,37.75,38.97,37.76
"bd767522-e925-4730-b948-8e6bd45b2b70","d0a50b1c-a334-4d26-9089-0f8d05063665","D17","BIGC","BIGC.AOS.reaeration.station.04","BIGC_S4_20170627","2017-06-27T17:54Z",1583,"2017-06-27T21:23:40Z",50.20,51.30,23.64,52.67,51.54,52.75,51.62
"b7f270d2-50ab-4473-8aab-a2c0c966143f","d0a50b1c-a334-4d26-9089-0f8d05063665","D17","BIGC","BIGC.AOS.reaeration.station.04","BIGC_S4_20170627","2017-06-27T17:54Z",1983,"2017-06-27T22:30:20Z",53.00,53.80,25.88,52.91,52.12,52.85,52.07
"91c381dc-e6db-49b8-8639-b4390d6ab1c3","d0a50b1c-a334-4d26-9089-0f8d05063665","D17","BIGC","BIGC.AOS.reaeration.station.04","BIGC_S4_20170627","2017-06-27T17:54Z",1639,"2017-06-27T21:33:00Z",50.60,51.30,24.22,52.08,51.37,52.12,51.41
"306d8103-68ec-4c4c-98d7-a6246b875369","d0a50b1c-a334-4d26-9089-0f8d05063665","D17","BIGC","BIGC.AOS.reaeration.station.04","BIGC_S4_20170627","2017-06-27T17:54Z",969,"2017-06-27T19:41:20Z",87.60,85.90,16.45,102.67,104.70,103.41,105.46
"64de4242-a7b1-40d9-a572-edfdaed077d9","d0a50b1c-a334-4d26-9089-0f8d05063665","D17","BIGC","BIGC.AOS.reaeration.station.04","BIGC_S4_20170627","2017-06-27T17:54Z",1476,"2017-06-27T21:05:50Z",49.50,50.30,22.08,53.27,52.42,53.45,52.60
"67465edc-a1a6-4804-a6ea-f3664d0db0c8","d0a50b1c-a334-4d26-9089-0f8d05063665","D17","BIGC","BIGC.AOS.reaeration.station.04","BIGC_S4_20170627","2017-06-27T17:54Z",2218,"2017-06-27T23:09:30Z",54.70,56.10,26.02,55.03,53.65,54.96,53.59
"6a22e9d5-8b88-464e-8815-c06a5cc7136d","d0a50b1c-a334-4d26-9089-0f8d05063665","D17","BIGC","BIGC.AOS.reaeration.station.04","BIGC_S4_20170627","2017-06-27T17:54Z",1274,"2017-06-27T20:32:10Z",91.10,89.30,17.46,104.32,106.43,105.04,107.15
"cda25109-30ab-4551-b22f-26bd374a0242","d0a50b1c-a334-4d26-9089-0f8d05063665","D17","BIGC","BIGC.AOS.reaeration.station.04","BIGC_S4_20170627","2017-06-27T17:54Z",855,"2017-06-27T19:22:20Z",86.90,85.20,16.07,102.72,104.77,103.48,105.55
"e8ea21d2-b33b-4c44-b2c5-3720578e4f3f","d0a50b1c-a334-4d26-9089-0f8d05063665","D17","BIGC","BIGC.AOS.reaeration.station.04","BIGC_S4_20170627","2017-06-27T17:54Z",1802,"2017-06-27T22:00:10Z",51.40,52.40,25.28,52.12,51.13,52.10,51.11
"95c8522b-a1eb-415d-b48f-662f8542c0a0","d0a50b1c-a334-4d26-9089-0f8d05063665","D17","BIGC","BIGC.AOS.reaeration.station.04","BIGC_S4_20170627","2017-06-27T17:54Z",2339,"2017-06-27T23:29:40Z",54.90,56.10,26.01,55.04,53.86,54.97,53.79
"7663c1c5-822b-40ad-92cb-0a864a7c2eda","d0a50b1c-a334-4d26-9089-0f8d05063665","D17","BIGC","BIGC.AOS.reaeration.station.04","BIGC_S4_20170627","2017-06-27T17:54Z",1034,"2017-06-27T19:52:10Z",86.40,84.40,16.65,100.41,102.79,101.14,103.53
"b0996d1d-c544-4543-86ed-4e3dddc8441a","d0a50b1c-a334-4d26-9089-0f8d05063665","D17","BIGC","BIGC.AOS.reaeration.station.04","BIGC_S4_20170627","2017-06-27T17:54Z",1427,"2017-06-27T20:57:40Z",48.70,49.60,20.92,53.79,52.82,54.03,53.05
"5f59b90c-4217-433b-b1d1-3413d4d62e56","d0a50b1c-a334-4d26-9089-0f8d05063665","D17","BIGC","BIGC.AOS.reaeration.station.04","BIGC_S4_20170627","2017-06-27T17:54Z",1313,"2017-06-27T20:38:40Z",91.20,90.00,17.58,104.86,106.26,105.57,106.98
"5e6ae136-6538-448d-bb7f-393b53ec6b26","d0a50b1c-a334-4d26-9089-0f8d05063665","D17","BIGC","BIGC.AOS.reaeration.station.04","BIGC_S4_20170627","2017-06-27T17:54Z",647,"2017-06-27T18:47:40Z",81.00,78.80,15.14,97.08,99.79,97.82,100.55
"e8ba2a2e-931c-4178-b312-0241d7110f91","d0a50b1c-a334-4d26-9089-0f8d05063665","D17","BIGC","BIGC.AOS.reaeration.station.04","BIGC_S4_20170627","2017-06-27T17:54Z",1779,"2017-06-27T21:56:20Z",51.20,52.00,25.16,51.84,51.04,51.83,51.03
"77bb4bf6-05c9-449e-9e81-f409f042d3f2","d0a50b1c-a334-4d26-9089-0f8d05063665","D17","BIGC","BIGC.AOS.reaeration.station.04","BIGC_S4_20170627","2017-06-27T17:54Z",48,"2017-06-27T17:07:50Z",78.50,76.20,13.89,96.73,99.64,97.47,100.41
"1d06499b-d77d-45bb-a70d-940d38f58282","d0a50b1c-a334-4d26-9089-0f8d05063665","D17","BIGC","BIGC.AOS.reaeration.station.04","BIGC_S4_20170627","2017-06-27T17:54Z",355,"2017-06-27T17:59:00Z",79.30,77.00,14.31,96.76,99.65,97.50,100.41
"066cb12a-cde9-4dd5-bf54-42186e67bf4c","d0a50b1c-a334-4d26-9089-0f8d05063665","D17","BIGC","BIGC.AOS.reaeration.station.04","BIGC_S4_20170627","2017-06-27T17:54Z",799,"2017-06-27T19:13:00Z",86.40,84.10,15.82,101.98,104.77,102.74,105.55
"45d0bad2-75ac-4d01-8fce-dede6186f640","d0a50b1c-a334-4d26-9089-0f8d05063665","D17","BIGC","BIGC.AOS.reaeration.station.04","BIGC_S4_20170627","2017-06-27T17:54Z",1565,"2017-06-27T21:20:40Z",50.30,51.30,23.45,52.87,51.83,52.96,51.93
"61b103af-749a-4675-b916-6d3dc8689d51","d0a50b1c-a334-4d26-9089-0f8d05063665","D17","BIGC","BIGC.AOS.reaeration.station.04","BIGC_S4_20170627","2017-06-27T17:54Z",42,"2017-06-27T17:06:50Z",78.50,76.20,13.89,96.73,99.64,97.47,100.41
"79635fc7-e8cc-4f6f-a403-4159d0199772","d0a50b1c-a334-4d26-9089-0f8d05063665","D17","BIGC","BIGC.AOS.reaeration.station.04","BIGC_S4_20170627","2017-06-27T17:54Z",1995,"2017-06-27T22:32:20Z",53.10,53.80,25.90,52.89,52.20,52.83,52.14
"965d1b74-03c2-4f27-a408-91b588c28f3b","d0a50b1c-a334-4d26-9089-0f8d05063665","D17","BIGC","BIGC.AOS.reaeration.station.04","BIGC_S4_20170627","2017-06-27T17:54Z",1452,"2017-06-27T21:01:50Z",49.10,49.90,21.55,53.42,52.56,53.62,52.76
"3ea11115-e7ab-4f20-9683-caf65dbce5fc","d0a50b1c-a334-4d26-9089-0f8d05063665","D17","BIGC","BIGC.AOS.reaeration.station.04","BIGC_S4_20170627","2017-06-27T17:54Z",557,"2017-06-27T18:32:40Z",80.30,78.10,14.80,97.00,99.73,97.74,100.49
"c4468c27-8f9f-439c-9bd2-7a2d37ca9daf","d0a50b1c-a334-4d26-9089-0f8d05063665","D17","BIGC","BIGC.AOS.reaeration.station.04","BIGC_S4_20170627","2017-06-27T17:54Z",900,"2017-06-27T19:29:50Z",87.20,85.60,16.22,102.85,104.77,103.60,105.54
"19609489-184b-4f6e-851a-020957312088","d0a50b1c-a334-4d26-9089-0f8d05063665","D17","BIGC","BIGC.AOS.reaeration.station.04","BIGC_S4_20170627","2017-06-27T17:54Z",2490,"2017-06-27T23:54:50Z",54.60,56.10,26.02,55.03,53.56,54.96,53.49
"da9e3141-4940-40ee-94bd-ced2b0757af8","d0a50b1c-a334-4d26-9089-0f8d05063665","D17","BIGC","BIGC.AOS.reaeration.station.04","BIGC_S4_20170627","2017-06-27T17:54Z",1209,"2017-06-27T20:21:20Z",90.60,88.50,17.25,103.88,106.34,104.60,107.08
"43eb57e4-c4e7-4621-b2b0-c1298411d40e","d0a50b1c-a334-4d26-9089-0f8d05063665","D17","BIGC","BIGC.AOS.reaeration.station.04","BIGC_S4_20170627","2017-06-27T17:54Z",2466,"2017-06-27T23:50:50Z",54.60,56.10,26.02,55.03,53.56,54.96,53.49
"7a94b61e-3413-4477-a7b7-362b22bcec11","d0a50b1c-a334-4d26-9089-0f8d05063665","D17","BIGC","BIGC.AOS.reaeration.station.04","BIGC_S4_20170627","2017-06-27T17:54Z",1084,"2017-06-27T20:00:30Z",86.00,83.60,16.82,99.08,101.92,99.79,102.65
"c1e38a85-7375-43af-b91f-319e9fdd0dcb","d0a50b1c-a334-4d26-9089-0f8d05063665","D17","BIGC","BIGC.AOS.reaeration.station.04","BIGC_S4_20170627","2017-06-27T17:54Z",2034,"2017-06-27T22:38:50Z",53.30,54.60,25.95,53.63,52.35,53.56,52.29
"beb6ae7a-27f2-4bf0-8ded-4fd5d1ef845d","d0a50b1c-a334-4d26-9089-0f8d05063665","D17","BIGC","BIGC.AOS.reaeration.station.04","BIGC_S4_20170627","2017-06-27T17:54Z",2325,"2017-06-27T23:27:20Z",54.80,56.10,26.01,55.04,53.76,54.97,53.69
"390d79ec-33ae-4df3-8e77-4fb64ca6a370","d0a50b1c-a334-4d26-9089-0f8d05063665","D17","BIGC","BIGC.AOS.reaeration.station.04","BIGC_S4_20170627","2017-06-27T17:54Z",925,"2017-06-27T19:34:00Z",87.40,85.60,16.32,102.61,104.77,103.36,105.54
"f2da8278-bd8a-4ef4-a998-e737ec805f79","d0a50b1c-a334-4d26-9089-0f8d05063665","D17","BIGC","BIGC.AOS.reaeration.station.04","BIGC_S4_20170627","2017-06-27T17:54Z",1157,"2017-06-27T20:12:40Z",89.90,88.20,17.07,103.94,105.95,104.67,106.69
"7802a548-bfa8-429a-91df-c7c26ff2ad03","d0a50b1c-a334-4d26-9089-0f8d05063665","D17","BIGC","BIGC.AOS.reaeration.station.04","BIGC_S4_20170627","2017-06-27T17:54Z",1489,"2017-06-27T21:08:00Z",49.60,50.60,22.33,53.32,52.27,53.48,52.42
"05f71436-3199-4223-a825-4386677fc7fd","d0a50b1c-a334-4d26-9089-0f8d05063665","D17","BIGC","BIGC.AOS.reaeration.station.04","BIGC_S4_20170627","2017-06-27T17:54Z",1024,"2017-06-27T19:50:30Z",86.70,84.40,16.63,100.46,103.20,101.18,103.94
"367f5ada-5cf7-417c-9791-a4f9f4890244","d0a50b1c-a334-4d26-9089-0f8d05063665","D17","BIGC","BIGC.AOS.reaeration.station.04","BIGC_S4_20170627","2017-06-27T17:54Z",2417,"2017-06-27T23:42:40Z",54.80,56.50,26.01,55.43,53.76,55.36,53.69
"66c77a89-f248-41c0-84bb-9ce9fcc86ecc","d0a50b1c-a334-4d26-9089-0f8d05063665","D17","BIGC","BIGC.AOS.reaeration.station.04","BIGC_S4_20170627","2017-06-27T17:54Z",856,"2017-06-27T19:22:30Z",86.90,84.80,16.07,102.24,104.77,102.99,105.55
"962df9e1-2db8-4a34-be8e-83e82fb8200c","d0a50b1c-a334-4d26-9089-0f8d05063665","D17","BIGC","BIGC.AOS.reaeration.station.04","BIGC_S4_20170627","2017-06-27T17:54Z",1950,"2017-06-27T22:24:50Z",52.70,53.50,25.81,52.68,51.90,52.63,51.84
"147fc0e5-e841-4e2c-bb77-268d1e6248cd","d0a50b1c-a334-4d26-9089-0f8d05063665","D17","BIGC","BIGC.AOS.reaeration.station.04","BIGC_S4_20170627","2017-06-27T17:54Z",179,"2017-06-27T17:29:40Z",78.70,76.60,14.04,96.88,99.54,97.62,100.30
"4d2b3bd3-1e4b-4227-8c06-e235bf75d856","d0a50b1c-a334-4d26-9089-0f8d05063665","D17","BIGC","BIGC.AOS.reaeration.station.04","BIGC_S4_20170627","2017-06-27T17:54Z",1678,"2017-06-27T21:39:30Z",50.80,51.60,24.54,52.06,51.25,52.09,51.28
"8c629478-b1a0-4322-88f5-91cdac3b8186","d0a50b1c-a334-4d26-9089-0f8d05063665","D17","BIGC","BIGC.AOS.reaeration.station.04","BIGC_S4_20170627","2017-06-27T17:54Z",1698,"2017-06-27T21:42:50Z",50.90,51.60,24.68,51.92,51.21,51.94,51.23
"864674b0-b959-45e0-8a90-8b1a15ec45cf","d0a50b1c-a334-4d26-9089-0f8d05063665","D17","BIGC","BIGC.AOS.reaeration.station.04","BIGC_S4_20170627","2017-06-27T17:54Z",2269,"2017-06-27T23:18:00Z",54.80,56.10,26.02,55.03,53.75,54.96,53.68
"805414ca-d31b-4494-83ec-2b6f2581cfb0","d0a50b1c-a334-4d26-9089-0f8d05063665","D17","BIGC","BIGC.AOS.reaeration.station.04","BIGC_S4_20170627","2017-06-27T17:54Z",1586,"2017-06-27T21:24:10Z",50.30,50.90,23.67,52.23,51.61,52.31,51.69
"1766af90-5d7c-46c1-9feb-43478391934e","d0a50b1c-a334-4d26-9089-0f8d05063665","D17","BIGC","BIGC.AOS.reaeration.station.04","BIGC_S4_20170627","2017-06-27T17:54Z",1460,"2017-06-27T21:03:10Z",49.20,49.90,21.74,53.21,52.47,53.41,52.66
"71996b32-588c-4d06-9066-3f58b6fe0101","d0a50b1c-a334-4d26-9089-0f8d05063665","D17","BIGC","BIGC.AOS.reaeration.station.04","BIGC_S4_20170627","2017-06-27T17:54Z",2377,"2017-06-27T23:36:00Z",54.80,56.10,26.01,55.04,53.76,54.97,53.69
"27a487d8-1a8f-4fac-8637-54b54ed3d1f4","d0a50b1c-a334-4d26-9089-0f8d05063665","D17","BIGC","BIGC.AOS.reaeration.station.04","BIGC_S4_20170627","2017-06-27T17:54Z",1186,"2017-06-27T20:17:30Z",90.40,88.50,17.18,104.04,106.27,104.77,107.01
"d190b7b8-5f4d-434c-92c3-ff60cea1c605","d0a50b1c-a334-4d26-9089-0f8d05063665","D17","BIGC","BIGC.AOS.reaeration.station.04","BIGC_S4_20170627","2017-06-27T17:54Z",2519,"2017-06-27T23:59:40Z",54.10,55.30,26.02,54.24,53.07,54.17,53.00
"3296bb73-650b-4e57-9bf6-3d8b251d9b22","d0a50b1c-a334-4d26-9089-0f8d05063665","D17","BIGC","BIGC.AOS.reaeration.station.04","BIGC_S4_20170627","2017-06-27T17:54Z",1381,"2017-06-27T20:50:00Z",47.40,48.10,19.36,53.91,53.12,54.21,53.42
"aaf303cc-d596-4b69-8ba3-ec2abfe08145","d0a50b1c-a334-4d26-9089-0f8d05063665","D17","BIGC","BIGC.AOS.reaeration.station.04","BIGC_S4_20170627","2017-06-27T17:54Z",230,"2017-06-27T17:38:10Z",78.80,76.60,14.11,96.72,99.49,97.46,100.26
"af472dba-b4a1-4e82-bc09-e481b4576301","d0a50b1c-a334-4d26-9089-0f8d05063665","D17","BIGC","BIGC.AOS.reaeration.station.04","BIGC_S4_20170627","2017-06-27T17:54Z",2275,"2017-06-27T23:19:00Z",54.90,56.10,26.02,55.03,53.85,54.96,53.78
"a4a7412a-0098-4e2a-9dca-254f46131103","d0a50b1c-a334-4d26-9089-0f8d05063665","D17","BIGC","BIGC.AOS.reaeration.station.04","BIGC_S4_20170627","2017-06-27T17:54Z",37,"2017-06-27T17:06:00Z",78.50,76.20,13.87,96.77,99.69,97.51,100.46
"da9e8445-9d86-4b03-b66a-25a4814d84c4","d0a50b1c-a334-4d26-9089-0f8d05063665","D17","BIGC","BIGC.AOS.reaeration.station.04","BIGC_S4_20170627","2017-06-27T17:54Z",1353,"2017-06-27T20:45:20Z",46.40,47.10,18.39,53.91,53.10,54.25,53.44
"637f194f-8e51-43e2-ba71-b87f71e2c616","d0a50b1c-a334-4d26-9089-0f8d05063665","D17","BIGC","BIGC.AOS.reaeration.station.04","BIGC_S4_20170627","2017-06-27T17:54Z",2046,"2017-06-27T22:40:50Z",53.50,54.60,25.96,53.62,52.54,53.55,52.47
"a53ba210-2930-459d-97d6-3607caf9e664","d0a50b1c-a334-4d26-9089-0f8d05063665","D17","BIGC","BIGC.AOS.reaeration.station.04","BIGC_S4_20170627","2017-06-27T17:54Z",1211,"2017-06-27T20:21:40Z",90.60,88.50,17.25,103.88,106.34,104.60,107.08
"f8e192d7-77a4-4765-af10-dc655c5f241d","d0a50b1c-a334-4d26-9089-0f8d05063665","D17","BIGC","BIGC.AOS.reaeration.station.04","BIGC_S4_20170627","2017-06-27T17:54Z",336,"2017-06-27T17:55:50Z",79.30,77.00,14.29,96.80,99.69,97.55,100.46
"3576db3d-fde0-4205-8e78-f4148185fe57","d0a50b1c-a334-4d26-9089-0f8d05063665","D17","BIGC","BIGC.AOS.reaeration.station.04","BIGC_S4_20170627","2017-06-27T17:54Z",1620,"2017-06-27T21:29:50Z",50.50,51.30,24.04,52.26,51.44,52.32,51.50
"d449b28c-cb3d-4bd8-91cc-58fcc4642823","d0a50b1c-a334-4d26-9089-0f8d05063665","D17","BIGC","BIGC.AOS.reaeration.station.04","BIGC_S4_20170627","2017-06-27T17:54Z",399,"2017-06-27T18:06:20Z",79.50,77.30,14.41,96.90,99.66,97.64,100.42
"5ba46aee-4b43-47ed-b3c3-0e234a809076","d0a50b1c-a334-4d26-9089-0f8d05063665","D17","BIGC","BIGC.AOS.reaeration.station.04","BIGC_S4_20170627","2017-06-27T17:54Z",304,"2017-06-27T17:50:30Z",79.20,77.00,14.23,96.94,99.71,97.69,100.48
"155a8a08-4734-46d2-8bdf-b382cc20252b","d0a50b1c-a334-4d26-9089-0f8d05063665","D17","BIGC","BIGC.AOS.reaeration.station.04","BIGC_S4_20170627","2017-06-27T17:54Z",1317,"2017-06-27T20:39:20Z",91.10,89.60,17.59,104.37,106.12,105.08,106.84
"d72dad60-0f20-4fb3-b037-87b503033efc","d0a50b1c-a334-4d26-9089-0f8d05063665","D17","BIGC","BIGC.AOS.reaeration.station.04","BIGC_S4_20170627","2017-06-27T17:54Z",1283,"2017-06-27T20:33:40Z",91.10,89.70,17.50,104.70,106.33,105.41,107.06
"7ec0e6bb-048c-42ce-a895-5b32abd580aa","d0a50b1c-a334-4d26-9089-0f8d05063665","D17","BIGC","BIGC.AOS.reaeration.station.04","BIGC_S4_20170627","2017-06-27T17:54Z",2242,"2017-06-27T23:13:30Z",54.80,56.10,26.02,55.03,53.75,54.96,53.68
"fa60b2dc-2636-44cc-866e-f1b35759d886","d0a50b1c-a334-4d26-9089-0f8d05063665","D17","BIGC","BIGC.AOS.reaeration.station.04","BIGC_S4_20170627","2017-06-27T17:54Z",158,"2017-06-27T17:26:10Z",78.70,76.60,14.02,96.93,99.58,97.67,100.35
"03cce7b8-1458-496d-9962-56d3e0d0762d","d0a50b1c-a334-4d26-9089-0f8d05063665","D17","BIGC","BIGC.AOS.reaeration.station.04","BIGC_S4_20170627","2017-06-27T17:54Z",852,"2017-06-27T19:21:50Z",86.90,84.80,16.04,102.31,104.84,103.07,105.62
"28ceba39-722c-49f0-85f0-167884b044e8","d0a50b1c-a334-4d26-9089-0f8d05063665","D17","BIGC","BIGC.AOS.reaeration.station.04","BIGC_S4_20170627","2017-06-27T17:54Z",300,"2017-06-27T17:49:50Z",79.20,77.00,14.23,96.94,99.71,97.69,100.48
"bd03b351-c177-4dd9-962e-4b51275c0480","d0a50b1c-a334-4d26-9089-0f8d05063665","D17","BIGC","BIGC.AOS.reaeration.station.04","BIGC_S4_20170627","2017-06-27T17:54Z",2629,"2017-06-28T00:18:00Z",40.20,41.10,24.81,41.25,40.35,41.26,40.36
"8f46ed5e-40b2-4a90-80db-fa51e373cbe4","d0a50b1c-a334-4d26-9089-0f8d05063665","D17","BIGC","BIGC.AOS.reaeration.station.04","BIGC_S4_20170627","2017-06-27T17:54Z",2447,"2017-06-27T23:47:40Z",54.70,56.10,26.02,55.03,53.65,54.96,53.59
"d0f24020-37ed-49a9-a57a-29ed7c17bc79","d0a50b1c-a334-4d26-9089-0f8d05063665","D17","BIGC","BIGC.AOS.reaeration.station.04","BIGC_S4_20170627","2017-06-27T17:54Z",1559,"2017-06-27T21:19:40Z",50.30,51.30,23.38,52.94,51.91,53.04,52.00
"3bbbbb07-ed68-410d-ba98-b673265d9666","d0a50b1c-a334-4d26-9089-0f8d05063665","D17","BIGC","BIGC.AOS.reaeration.station.04","BIGC_S4_20170627","2017-06-27T17:54Z",2058,"2017-06-27T22:42:50Z",53.70,55.00,25.97,54.00,52.72,53.93,52.66
"67d04e5b-618f-4241-99f7-2ac69139917e","d0a50b1c-a334-4d26-9089-0f8d05063665","D17","BIGC","BIGC.AOS.reaeration.station.04","BIGC_S4_20170627","2017-06-27T17:54Z",1925,"2017-06-27T22:20:40Z",52.50,53.50,25.75,52.74,51.76,52.70,51.71
"849be469-d049-4df4-be61-c04e0b9d8167","d0a50b1c-a334-4d26-9089-0f8d05063665","D17","BIGC","BIGC.AOS.reaeration.station.04","BIGC_S4_20170627","2017-06-27T17:54Z",1785,"2017-06-27T21:57:20Z",51.20,52.00,25.20,51.80,51.01,51.79,50.99
"735fafc4-c2f2-4c00-b07a-2a325776b7c4","d0a50b1c-a334-4d26-9089-0f8d05063665","D17","BIGC","BIGC.AOS.reaeration.station.04","BIGC_S4_20170627","2017-06-27T17:54Z",173,"2017-06-27T17:28:40Z",78.70,76.60,14.03,96.90,99.56,97.65,100.32
"6020d968-1b79-4e47-b864-5a65b831a2e9","d0a50b1c-a334-4d26-9089-0f8d05063665","D17","BIGC","BIGC.AOS.reaeration.station.04","BIGC_S4_20170627","2017-06-27T17:54Z",1830,"2017-06-27T22:04:50Z",51.60,52.70,25.41,52.29,51.20,52.26,51.17
"484e5dd3-be4d-49d0-ac82-175438d958c4","d0a50b1c-a334-4d26-9089-0f8d05063665","D17","BIGC","BIGC.AOS.reaeration.station.04","BIGC_S4_20170627","2017-06-27T17:54Z",2322,"2017-06-27T23:26:50Z",55.00,56.10,26.01,55.04,53.96,54.97,53.89
"7aacf250-ebad-4980-ac94-55dc71b0686e","d0a50b1c-a334-4d26-9089-0f8d05063665","D17","BIGC","BIGC.AOS.reaeration.station.04","BIGC_S4_20170627","2017-06-27T17:54Z",570,"2017-06-27T18:34:50Z",80.40,78.10,14.85,96.88,99.74,97.62,100.50
"f5a6e477-979c-454f-80a5-6ad8d229973d","d0a50b1c-a334-4d26-9089-0f8d05063665","D17","BIGC","BIGC.AOS.reaeration.station.04","BIGC_S4_20170627","2017-06-27T17:54Z",880,"2017-06-27T19:26:30Z",87.00,85.20,16.15,102.53,104.70,103.29,105.47
"55bf5240-6992-4c30-b6e8-db8290e7c48d","d0a50b1c-a334-4d26-9089-0f8d05063665","D17","BIGC","BIGC.AOS.reaeration.station.04","BIGC_S4_20170627","2017-06-27T17:54Z",1374,"2017-06-27T20:48:50Z",47.20,48.20,19.07,54.36,53.23,54.68,53.54
"3d92c888-712a-4ef1-9759-da719f4a5a68","d0a50b1c-a334-4d26-9089-0f8d05063665","D17","BIGC","BIGC.AOS.reaeration.station.04","BIGC_S4_20170627","2017-06-27T17:54Z",1769,"2017-06-27T21:54:40Z",51.20,52.40,25.10,52.30,51.10,52.29,51.10
"e9237972-12b8-467f-ba40-e88307340d9e","d0a50b1c-a334-4d26-9089-0f8d05063665","D17","BIGC","BIGC.AOS.reaeration.station.04","BIGC_S4_20170627","2017-06-27T17:54Z",98,"2017-06-27T17:16:10Z",78.50,76.60,13.95,97.09,99.50,97.84,100.26
"ee8f7965-0f67-4241-a81a-bf28f12269ba","d0a50b1c-a334-4d26-9089-0f8d05063665","D17","BIGC","BIGC.AOS.reaeration.station.04","BIGC_S4_20170627","2017-06-27T17:54Z",2126,"2017-06-27T22:54:10Z",54.30,55.30,26.00,54.26,53.28,54.20,53.22
"d9f90af3-804e-4e04-a786-3f49811f53c7","d0a50b1c-a334-4d26-9089-0f8d05063665","D17","BIGC","BIGC.AOS.reaeration.station.04","BIGC_S4_20170627","2017-06-27T17:54Z",2542,"2017-06-28T00:03:30Z",53.80,55.30,26.02,54.24,52.77,54.17,52.70
"5a002869-d53b-4adb-b659-6afc04551b49","d0a50b1c-a334-4d26-9089-0f8d05063665","D17","BIGC","BIGC.AOS.reaeration.station.04","BIGC_S4_20170627","2017-06-27T17:54Z",1045,"2017-06-27T19:54:00Z",85.70,83.60,16.69,99.37,101.87,100.09,102.60
"efe03fd6-af35-4ffc-bb3e-17e490d85c57","d0a50b1c-a334-4d26-9089-0f8d05063665","D17","BIGC","BIGC.AOS.reaeration.station.04","BIGC_S4_20170627","2017-06-27T17:54Z",378,"2017-06-27T18:02:50Z",79.40,77.30,14.36,97.02,99.65,97.76,100.42
"752d25cd-bd3e-4578-983e-bfe4bafedbf3","d0a50b1c-a334-4d26-9089-0f8d05063665","D17","BIGC","BIGC.AOS.reaeration.station.04","BIGC_S4_20170627","2017-06-27T17:54Z",920,"2017-06-27T19:33:10Z",87.40,85.60,16.31,102.64,104.79,103.39,105.56
"d0086715-aae2-4b25-9b0c-18cac4ee6886","d0a50b1c-a334-4d26-9089-0f8d05063665","D17","BIGC","BIGC.AOS.reaeration.station.04","BIGC_S4_20170627","2017-06-27T17:54Z",2260,"2017-06-27T23:16:30Z",55.00,56.10,26.01,55.04,53.96,54.97,53.89
"b02ea497-a388-4472-93ce-f37cdd6c2158","d0a50b1c-a334-4d26-9089-0f8d05063665","D17","BIGC","BIGC.AOS.reaeration.station.04","BIGC_S4_20170627","2017-06-27T17:54Z",393,"2017-06-27T18:05:20Z",79.50,77.30,14.40,96.92,99.68,97.67,100.45
"aab03634-0d64-43a6-9aa9-536a5577ff33","d0a50b1c-a334-4d26-9089-0f8d05063665","D17","BIGC","BIGC.AOS.reaeration.station.04","BIGC_S4_20170627","2017-06-27T17:54Z",618,"2017-06-27T18:42:50Z",80.80,78.40,15.03,96.84,99.81,97.58,100.57
"1d09ee86-6e8b-41a4-94f0-4765c0b11e37","d0a50b1c-a334-4d26-9089-0f8d05063665","D17","BIGC","BIGC.AOS.reaeration.station.04","BIGC_S4_20170627","2017-06-27T17:54Z",928,"2017-06-27T19:34:30Z",87.40,85.60,16.33,102.59,104.75,103.34,105.51
"58195e2a-52dc-4295-b48e-755123ea1de2","d0a50b1c-a334-4d26-9089-0f8d05063665","D17","BIGC","BIGC.AOS.reaeration.station.04","BIGC_S4_20170627","2017-06-27T17:54Z",1530,"2017-06-27T21:14:50Z",50.00,51.00,22.99,53.04,52.00,53.16,52.12
"f28b22d4-c9b8-441a-af4c-62b87f0f25d7","d0a50b1c-a334-4d26-9089-0f8d05063665","D17","BIGC","BIGC.AOS.reaeration.station.04","BIGC_S4_20170627","2017-06-27T17:54Z",1303,"2017-06-27T20:37:00Z",91.30,89.30,17.55,104.12,106.45,104.82,107.17
"316a9b6b-4e20-4e96-854f-e468109b8f06","d0a50b1c-a334-4d26-9089-0f8d05063665","D17","BIGC","BIGC.AOS.reaeration.station.04","BIGC_S4_20170627","2017-06-27T17:54Z",404,"2017-06-27T18:07:10Z",79.50,77.30,14.41,96.90,99.66,97.64,100.42
"efbdee33-c324-4cf7-a39e-5bc4856f505b","d0a50b1c-a334-4d26-9089-0f8d05063665","D17","BIGC","BIGC.AOS.reaeration.station.04","BIGC_S4_20170627","2017-06-27T17:54Z",672,"2017-06-27T18:51:50Z",81.20,78.80,15.26,96.81,99.76,97.55,100.52
"7d21af84-59ea-43f1-9b73-26a5650730e1","d0a50b1c-a334-4d26-9089-0f8d05063665","D17","BIGC","BIGC.AOS.reaeration.station.04","BIGC_S4_20170627","2017-06-27T17:54Z",2602,"2017-06-28T00:13:30Z",48.70,50.10,25.20,49.91,48.51,49.90,48.50
"7ba2d731-9988-4d8f-a503-d0e157ff58f0","d0a50b1c-a334-4d26-9089-0f8d05063665","D17","BIGC","BIGC.AOS.reaeration.station.04","BIGC_S4_20170627","2017-06-27T17:54Z",115,"2017-06-27T17:19:00Z",78.60,76.20,13.96,96.56,99.60,97.30,100.37
"c7fd2d37-cda7-434b-9a57-cdbc590aea12","d0a50b1c-a334-4d26-9089-0f8d05063665","D17","BIGC","BIGC.AOS.reaeration.station.04","BIGC_S4_20170627","2017-06-27T17:54Z",1697,"2017-06-27T21:42:40Z",50.90,51.60,24.68,51.92,51.21,51.94,51.23
"3a8150dc-39a1-4017-aab7-745f2a1857c8","d0a50b1c-a334-4d26-9089-0f8d05063665","D17","BIGC","BIGC.AOS.reaeration.station.04","BIGC_S4_20170627","2017-06-27T17:54Z",1174,"2017-06-27T20:15:30Z",90.20,88.50,17.14,104.13,106.13,104.86,106.88
"69e12714-2ad9-46e2-874e-90003d5768e5","d0a50b1c-a334-4d26-9089-0f8d05063665","D17","BIGC","BIGC.AOS.reaeration.station.04","BIGC_S4_20170627","2017-06-27T17:54Z",2052,"2017-06-27T22:41:50Z",53.70,54.60,25.97,53.61,52.72,53.54,52.66
"16751786-6cc3-4384-89ca-9ec998c75f43","d0a50b1c-a334-4d26-9089-0f8d05063665","D17","BIGC","BIGC.AOS.reaeration.station.04","BIGC_S4_20170627","2017-06-27T17:54Z",366,"2017-06-27T18:00:50Z",79.40,77.00,14.35,96.66,99.68,97.41,100.44
"4ca27529-d3ec-4c38-99cd-73a36b3679bc","d0a50b1c-a334-4d26-9089-0f8d05063665","D17","BIGC","BIGC.AOS.reaeration.station.04","BIGC_S4_20170627","2017-06-27T17:54Z",604,"2017-06-27T18:40:30Z",80.60,78.40,14.98,96.96,99.68,97.70,100.44
"a61b22fa-eb4a-4c33-a489-1d7f2aee89a1","d0a50b1c-a334-4d26-9089-0f8d05063665","D17","BIGC","BIGC.AOS.reaeration.station.04","BIGC_S4_20170627","2017-06-27T17:54Z",1658,"2017-06-27T21:36:10Z",50.70,51.30,24.38,51.91,51.31,51.95,51.35
"acb44192-caca-46ec-a60e-84ce96f6fd57","d0a50b1c-a334-4d26-9089-0f8d05063665","D17","BIGC","BIGC.AOS.reaeration.station.04","BIGC_S4_20170627","2017-06-27T17:54Z",254,"2017-06-27T17:42:10Z",79.00,76.60,14.14,96.65,99.68,97.39,100.44
"d371551c-9ce4-4032-9fe5-8172411a9b4b","d0a50b1c-a334-4d26-9089-0f8d05063665","D17","BIGC","BIGC.AOS.reaeration.station.04","BIGC_S4_20170627","2017-06-27T17:54Z",2202,"2017-06-27T23:06:50Z",54.60,56.10,26.02,55.03,53.56,54.96,53.49
"18d465c8-a0e1-45fd-b750-2dde16209af5","d0a50b1c-a334-4d26-9089-0f8d05063665","D17","BIGC","BIGC.AOS.reaeration.station.04","BIGC_S4_20170627","2017-06-27T17:54Z",2569,"2017-06-28T00:08:00Z",53.30,54.90,26.03,53.84,52.27,53.77,52.20
"c47cf0c4-89c7-409b-9fc2-3fe167aa8e9c","d0a50b1c-a334-4d26-9089-0f8d05063665","D17","BIGC","BIGC.AOS.reaeration.station.04","BIGC_S4_20170627","2017-06-27T17:54Z",1412,"2017-06-27T20:55:10Z",48.30,49.20,20.48,53.85,52.86,54.11,53.12
"7d7cb69a-9247-436e-992b-963907124ff3","d0a50b1c-a334-4d26-9089-0f8d05063665","D17","BIGC","BIGC.AOS.reaeration.station.04","BIGC_S4_20170627","2017-06-27T17:54Z",233,"2017-06-27T17:38:40Z",78.90,76.60,14.12,96.69,99.60,97.44,100.36
"bf836cf5-147c-4895-a51f-410e53407240","d0a50b1c-a334-4d26-9089-0f8d05063665","D17","BIGC","BIGC.AOS.reaeration.station.04","BIGC_S4_20170627","2017-06-27T17:54Z",1822,"2017-06-27T22:03:30Z",51.40,52.40,25.37,52.03,51.04,52.01,51.02
"22a78038-68ea-4d8c-a607-cf4abe18b0cc","d0a50b1c-a334-4d26-9089-0f8d05063665","D17","BIGC","BIGC.AOS.reaeration.station.04","BIGC_S4_20170627","2017-06-27T17:54Z",372,"2017-06-27T18:01:50Z",79.40,77.00,14.35,96.66,99.68,97.41,100.44
"3f2fb196-e856-44e0-bd97-2b1d02527640","d0a50b1c-a334-4d26-9089-0f8d05063665","D17","BIGC","BIGC.AOS.reaeration.station.04","BIGC_S4_20170627","2017-06-27T17:54Z",1999,"2017-06-27T22:33:00Z",53.10,54.20,25.90,53.28,52.20,53.22,52.14
"bcf19694-de37-4b88-b513-062843b74c85","d0a50b1c-a334-4d26-9089-0f8d05063665","D17","BIGC","BIGC.AOS.reaeration.station.04","BIGC_S4_20170627","2017-06-27T17:54Z",303,"2017-06-27T17:50:20Z",79.20,77.00,14.24,96.92,99.69,97.66,100.45
"cbc8f01c-4cc9-42c4-ab13-6f84e960f700","d0a50b1c-a334-4d26-9089-0f8d05063665","D17","BIGC","BIGC.AOS.reaeration.station.04","BIGC_S4_20170627","2017-06-27T17:54Z",242,"2017-06-27T17:40:10Z",79.00,76.60,14.12,96.69,99.72,97.44,100.49
"594fba76-e635-4f05-8149-1bdb48d6c06f","d0a50b1c-a334-4d26-9089-0f8d05063665","D17","BIGC","BIGC.AOS.reaeration.station.04","BIGC_S4_20170627","2017-06-27T17:54Z",2259,"2017-06-27T23:16:20Z",54.90,56.10,26.02,55.03,53.85,54.96,53.78
"9af4ee44-db8d-4290-beb9-81f7f49b64a8","d0a50b1c-a334-4d26-9089-0f8d05063665","D17","BIGC","BIGC.AOS.reaeration.station.04","BIGC_S4_20170627","2017-06-27T17:54Z",448,"2017-06-27T18:14:30Z",79.70,77.30,14.51,96.67,99.67,97.41,100.43
"5e4facba-0327-4dbb-8a3f-a570fc516ef9","d0a50b1c-a334-4d26-9089-0f8d05063665","D17","BIGC","BIGC.AOS.reaeration.station.04","BIGC_S4_20170627","2017-06-27T17:54Z",2514,"2017-06-27T23:58:50Z",54.20,55.30,26.02,54.24,53.16,54.17,53.10
"9d0652f9-b10a-4379-917c-373cc6f77d39","d0a50b1c-a334-4d26-9089-0f8d05063665","D17","BIGC","BIGC.AOS.reaeration.station.04","BIGC_S4_20170627","2017-06-27T17:54Z",2430,"2017-06-27T23:44:50Z",54.80,56.10,26.01,55.04,53.76,54.97,53.69
"b789eae3-75f3-4d4f-ac98-7993687d20fd","d0a50b1c-a334-4d26-9089-0f8d05063665","D17","BIGC","BIGC.AOS.reaeration.station.04","BIGC_S4_20170627","2017-06-27T17:54Z",582,"2017-06-27T18:36:50Z",80.50,78.10,14.89,96.79,99.76,97.53,100.53
"b7b75acf-3567-4cc8-bb2c-cf75c9ec751d","d0a50b1c-a334-4d26-9089-0f8d05063665","D17","BIGC","BIGC.AOS.reaeration.station.04","BIGC_S4_20170627","2017-06-27T17:54Z",1399,"2017-06-27T20:53:00Z",48.00,48.90,20.05,54.01,53.01,54.28,53.28
"04c9a8b6-f146-47a8-920d-8958c18da65a","d0a50b1c-a334-4d26-9089-0f8d05063665","D17","BIGC","BIGC.AOS.reaeration.station.04","BIGC_S4_20170627","2017-06-27T17:54Z",1708,"2017-06-27T21:44:30Z",51.00,51.60,24.75,51.85,51.24,51.86,51.26
"f2974937-242b-4c32-849d-a0d6d3b8db18","d0a50b1c-a334-4d26-9089-0f8d05063665","D17","BIGC","BIGC.AOS.reaeration.station.04","BIGC_S4_20170627","2017-06-27T17:54Z",2142,"2017-06-27T22:56:50Z",54.20,55.30,26.00,54.26,53.18,54.20,53.12
"2019174b-47d5-43b0-95ad-92cd15908382","d0a50b1c-a334-4d26-9089-0f8d05063665","D17","BIGC","BIGC.AOS.reaeration.station.04","BIGC_S4_20170627","2017-06-27T17:54Z",1375,"2017-06-27T20:49:00Z",47.20,47.80,19.12,53.85,53.17,54.16,53.48
"541b5653-4525-487a-998f-1914c60a9834","d0a50b1c-a334-4d26-9089-0f8d05063665","D17","BIGC","BIGC.AOS.reaeration.station.04","BIGC_S4_20170627","2017-06-27T17:54Z",2011,"2017-06-27T22:35:00Z",53.20,54.20,25.92,53.26,52.28,53.20,52.22
"99fbd44d-5957-4ede-b390-ef564d6ee7c9","d0a50b1c-a334-4d26-9089-0f8d05063665","D17","BIGC","BIGC.AOS.reaeration.station.04","BIGC_S4_20170627","2017-06-27T17:54Z",246,"2017-06-27T17:40:50Z",79.00,76.60,14.15,96.62,99.65,97.37,100.42
"b56ca8cc-d711-474a-ba95-047e32f92529","d0a50b1c-a334-4d26-9089-0f8d05063665","D17","BIGC","BIGC.AOS.reaeration.station.04","BIGC_S4_20170627","2017-06-27T17:54Z",2207,"2017-06-27T23:07:40Z",54.70,56.10,26.02,55.03,53.65,54.96,53.59
"ef86c6c1-eb0b-4d52-b8ed-a70700b9b848","d0a50b1c-a334-4d26-9089-0f8d05063665","D17","BIGC","BIGC.AOS.reaeration.station.04","BIGC_S4_20170627","2017-06-27T17:54Z",770,"2017-06-27T19:08:10Z",85.90,83.70,15.70,101.78,104.45,102.54,105.24
"d4c82ddd-e6b7-4770-8bb5-1c4e31dcbb02","d0a50b1c-a334-4d26-9089-0f8d05063665","D17","BIGC","BIGC.AOS.reaeration.station.04","BIGC_S4_20170627","2017-06-27T17:54Z",2149,"2017-06-27T22:58:00Z",54.30,55.30,26.00,54.26,53.28,54.20,53.22
"8e2f2cef-8626-427f-9ba9-6eb19db4eca1","d0a50b1c-a334-4d26-9089-0f8d05063665","D17","BIGC","BIGC.AOS.reaeration.station.04","BIGC_S4_20170627","2017-06-27T17:54Z",1985,"2017-06-27T22:30:40Z",52.90,53.80,25.89,52.90,52.02,52.84,51.96
"439364f8-d883-4052-9cf3-b5d5e2579e60","d0a50b1c-a334-4d26-9089-0f8d05063665","D17","BIGC","BIGC.AOS.reaeration.station.04","BIGC_S4_20170627","2017-06-27T17:54Z",2353,"2017-06-27T23:32:00Z",55.00,56.10,26.01,55.04,53.96,54.97,53.89
"db274b8d-8049-4631-9be6-de69af82763d","d0a50b1c-a334-4d26-9089-0f8d05063665","D17","BIGC","BIGC.AOS.reaeration.station.04","BIGC_S4_20170627","2017-06-27T17:54Z",1864,"2017-06-27T22:10:30Z",51.90,52.70,25.56,52.14,51.35,52.11,51.32
"e49212da-507c-4ca2-9537-0c5c753af266","d0a50b1c-a334-4d26-9089-0f8d05063665","D17","BIGC","BIGC.AOS.reaeration.station.04","BIGC_S4_20170627","2017-06-27T17:54Z",106,"2017-06-27T17:17:30Z",78.50,76.20,13.96,96.56,99.48,97.30,100.24
"a27ee7a0-78c0-4233-ba48-55af28716ab4","d0a50b1c-a334-4d26-9089-0f8d05063665","D17","BIGC","BIGC.AOS.reaeration.station.04","BIGC_S4_20170627","2017-06-27T17:54Z",422,"2017-06-27T18:10:10Z",79.60,77.30,14.46,96.78,99.66,97.53,100.43
"a45c069c-452c-4638-afd9-fd21bd001d54","d0a50b1c-a334-4d26-9089-0f8d05063665","D17","BIGC","BIGC.AOS.reaeration.station.04","BIGC_S4_20170627","2017-06-27T17:54Z",1404,"2017-06-27T20:53:50Z",48.20,49.20,20.22,54.14,53.04,54.41,53.31
"734a0f8e-61f4-4d74-9000-e8e186ca4178","d0a50b1c-a334-4d26-9089-0f8d05063665","D17","BIGC","BIGC.AOS.reaeration.station.04","BIGC_S4_20170627","2017-06-27T17:54Z",203,"2017-06-27T17:33:40Z",78.80,76.60,14.10,96.74,99.52,97.48,100.28
"e1a8c655-e92a-4699-8821-462229c418c5","d0a50b1c-a334-4d26-9089-0f8d05063665","D17","BIGC","BIGC.AOS.reaeration.station.04","BIGC_S4_20170627","2017-06-27T17:54Z",184,"2017-06-27T17:30:30Z",78.70,76.60,14.05,96.86,99.51,97.60,100.28
"cd1da20c-6cde-449f-8890-f0caf30e5257","d0a50b1c-a334-4d26-9089-0f8d05063665","D17","BIGC","BIGC.AOS.reaeration.station.04","BIGC_S4_20170627","2017-06-27T17:54Z",2472,"2017-06-27T23:51:50Z",54.60,56.10,26.02,55.03,53.56,54.96,53.49
"db61cc1d-1711-4401-9f52-c0fe6aad325f","d0a50b1c-a334-4d26-9089-0f8d05063665","D17","BIGC","BIGC.AOS.reaeration.station.04","BIGC_S4_20170627","2017-06-27T17:54Z",482,"2017-06-27T18:20:10Z",79.90,77.70,14.59,96.98,99.73,97.73,100.49
"a0031956-e6fc-4e91-a963-faa3fc4f465a","d0a50b1c-a334-4d26-9089-0f8d05063665","D17","BIGC","BIGC.AOS.reaeration.station.04","BIGC_S4_20170627","2017-06-27T17:54Z",213,"2017-06-27T17:35:20Z",78.90,76.60,14.12,96.69,99.60,97.44,100.36
"66eed750-ecce-4882-b43e-ce83f8adc9b7","d0a50b1c-a334-4d26-9089-0f8d05063665","D17","BIGC","BIGC.AOS.reaeration.station.04","BIGC_S4_20170627","2017-06-27T17:54Z",514,"2017-06-27T18:25:30Z",80.00,77.70,14.67,96.80,99.66,97.54,100.43
"c3d1ca82-f12f-45d4-8401-e159d73ac0c8","d0a50b1c-a334-4d26-9089-0f8d05063665","D17","BIGC","BIGC.AOS.reaeration.station.04","BIGC_S4_20170627","2017-06-27T17:54Z",1063,"2017-06-27T19:57:00Z",85.50,83.20,16.75,98.76,101.49,99.47,102.22
"eb8bb24d-d0d6-4533-ab09-5518fb649ad6","d0a50b1c-a334-4d26-9089-0f8d05063665","D17","BIGC","BIGC.AOS.reaeration.station.04","BIGC_S4_20170627","2017-06-27T17:54Z",1812,"2017-06-27T22:01:50Z",51.40,52.40,25.33,52.07,51.08,52.05,51.06
"a70d6de0-83dd-4030-bd90-4875602370a5","d0a50b1c-a334-4d26-9089-0f8d05063665","D17","BIGC","BIGC.AOS.reaeration.station.04","BIGC_S4_20170627","2017-06-27T17:54Z",938,"2017-06-27T19:36:10Z",87.40,85.60,16.35,102.54,104.70,103.29,105.46
"cd279bae-4cf4-4813-800e-5330b2ba1eee","d0a50b1c-a334-4d26-9089-0f8d05063665","D17","BIGC","BIGC.AOS.reaeration.station.04","BIGC_S4_20170627","2017-06-27T17:54Z",2469,"2017-06-27T23:51:20Z",54.60,56.10,26.02,55.03,53.56,54.96,53.49
"cf3be38b-0b96-42ca-8345-d131ee4157b8","d0a50b1c-a334-4d26-9089-0f8d05063665","D17","BIGC","BIGC.AOS.reaeration.station.04","BIGC_S4_20170627","2017-06-27T17:54Z",713,"2017-06-27T18:58:40Z",82.10,79.90,15.44,97.75,100.44,98.49,101.20
"30306ff6-4cad-4fc5-afac-f43ad5514597","d0a50b1c-a334-4d26-9089-0f8d05063665","D17","BIGC","BIGC.AOS.reaeration.station.04","BIGC_S4_20170627","2017-06-27T17:54Z",1840,"2017-06-27T22:06:30Z",51.70,52.70,25.45,52.25,51.26,52.22,51.23
"9c7d3912-7d69-4aa5-9a05-20090b2c6ef7","d0a50b1c-a334-4d26-9089-0f8d05063665","D17","BIGC","BIGC.AOS.reaeration.station.04","BIGC_S4_20170627","2017-06-27T17:54Z",660,"2017-06-27T18:49:50Z",81.10,78.80,15.21,96.92,99.75,97.66,100.51
"c5afd829-0128-4d8f-86a6-9b2da53b52dd","d0a50b1c-a334-4d26-9089-0f8d05063665","D17","BIGC","BIGC.AOS.reaeration.station.04","BIGC_S4_20170627","2017-06-27T17:54Z",2645,"2017-06-28T00:20:20Z",36.00,37.00,24.91,37.06,36.06,37.07,36.07
"06dfac90-7408-4e0b-b97f-4f825491680a","d0a50b1c-a334-4d26-9089-0f8d05063665","D17","BIGC","BIGC.AOS.reaeration.station.04","BIGC_S4_20170627","2017-06-27T17:54Z",981,"2017-06-27T19:43:20Z",87.60,85.60,16.50,102.19,104.58,102.93,105.34
"bcb2e0be-6b16-472d-805d-e5545d1ba3a4","d0a50b1c-a334-4d26-9089-0f8d05063665","D17","BIGC","BIGC.AOS.reaeration.station.04","BIGC_S4_20170627","2017-06-27T17:54Z",995,"2017-06-27T19:45:40Z",87.70,85.90,16.54,102.46,104.60,103.20,105.36
"8ad2725d-d8c2-4e45-a5bd-ab4e18bb70bb","d0a50b1c-a334-4d26-9089-0f8d05063665","D17","BIGC","BIGC.AOS.reaeration.station.04","BIGC_S4_20170627","2017-06-27T17:54Z",322,"2017-06-27T17:53:30Z",79.20,77.00,14.27,96.85,99.62,97.59,100.38
"d5ec914e-ffc6-4f20-9816-fdcf5b65fb71","d0a50b1c-a334-4d26-9089-0f8d05063665","D17","BIGC","BIGC.AOS.reaeration.station.04","BIGC_S4_20170627","2017-06-27T17:54Z",154,"2017-06-27T17:25:30Z",78.70,76.20,14.00,96.47,99.63,97.21,100.40
"071e563d-dbd2-4e1f-a512-7fc46d9f300e","d0a50b1c-a334-4d26-9089-0f8d05063665","D17","BIGC","BIGC.AOS.reaeration.station.04","BIGC_S4_20170627","2017-06-27T17:54Z",1903,"2017-06-27T22:17:00Z",52.30,53.50,25.69,52.80,51.62,52.76,51.58
"71b73ee7-d6a4-4340-99c1-9449b6a18431","d0a50b1c-a334-4d26-9089-0f8d05063665","D17","BIGC","BIGC.AOS.reaeration.station.04","BIGC_S4_20170627","2017-06-27T17:54Z",2439,"2017-06-27T23:46:20Z",54.80,56.10,26.02,55.03,53.75,54.96,53.68
"738e9a82-7ce8-4017-87c2-c5dd720f0686","d0a50b1c-a334-4d26-9089-0f8d05063665","D17","BIGC","BIGC.AOS.reaeration.station.04","BIGC_S4_20170627","2017-06-27T17:54Z",1754,"2017-06-27T21:52:10Z",51.10,51.60,25.01,51.59,51.09,51.59,51.09
"953fdd90-4a4c-49a8-a61a-ab784082c9cb","d0a50b1c-a334-4d26-9089-0f8d05063665","D17","BIGC","BIGC.AOS.reaeration.station.04","BIGC_S4_20170627","2017-06-27T17:54Z",791,"2017-06-27T19:11:40Z",86.30,84.10,15.78,102.08,104.75,102.84,105.53
"64d64cf0-870d-44d6-aa1a-1a0a3ec67f8c","d0a50b1c-a334-4d26-9089-0f8d05063665","D17","BIGC","BIGC.AOS.reaeration.station.04","BIGC_S4_20170627","2017-06-27T17:54Z",1589,"2017-06-27T21:24:40Z",50.30,51.30,23.71,52.60,51.57,52.68,51.65
"b912c6df-5910-43cb-bb29-43c7227a568a","d0a50b1c-a334-4d26-9089-0f8d05063665","D17","BIGC","BIGC.AOS.reaeration.station.04","BIGC_S4_20170627","2017-06-27T17:54Z",926,"2017-06-27T19:34:10Z",87.40,85.60,16.32,102.61,104.77,103.36,105.54
"1f867fc7-0f73-4ec7-8da4-0863544cf9bb","d0a50b1c-a334-4d26-9089-0f8d05063665","D17","BIGC","BIGC.AOS.reaeration.station.04","BIGC_S4_20170627","2017-06-27T17:54Z",1118,"2017-06-27T20:06:10Z",88.50,86.30,16.94,102.00,104.60,102.73,105.34
"f4ee8547-980e-4cdf-8ea4-a7d247762fd6","d0a50b1c-a334-4d26-9089-0f8d05063665","D17","BIGC","BIGC.AOS.reaeration.station.04","BIGC_S4_20170627","2017-06-27T17:54Z",755,"2017-06-27T19:05:40Z",85.40,83.30,15.63,101.46,104.02,102.22,104.80
"50d3b28d-01e2-400d-bf6d-372b7157c29d","d0a50b1c-a334-4d26-9089-0f8d05063665","D17","BIGC","BIGC.AOS.reaeration.station.04","BIGC_S4_20170627","2017-06-27T17:54Z",357,"2017-06-27T17:59:20Z",79.30,77.00,14.31,96.76,99.65,97.50,100.41
"8a589d08-dd8e-49ef-90b6-9b9c146fcadf","d0a50b1c-a334-4d26-9089-0f8d05063665","D17","BIGC","BIGC.AOS.reaeration.station.04","BIGC_S4_20170627","2017-06-27T17:54Z",22,"2017-06-27T17:03:30Z",78.40,76.20,13.87,96.77,99.57,97.51,100.33
"3a4ce9be-edb3-41ea-835a-90c2e10e6ced","d0a50b1c-a334-4d26-9089-0f8d05063665","D17","BIGC","BIGC.AOS.reaeration.station.04","BIGC_S4_20170627","2017-06-27T17:54Z",2208,"2017-06-27T23:07:50Z",54.60,56.10,26.02,55.03,53.56,54.96,53.49
"e07654ba-d787-4af5-b6fe-aaa2e2718911","d0a50b1c-a334-4d26-9089-0f8d05063665","D17","BIGC","BIGC.AOS.reaeration.station.04","BIGC_S4_20170627","2017-06-27T17:54Z",1314,"2017-06-27T20:38:50Z",91.20,89.60,17.58,104.40,106.26,105.10,106.98
"b447fa43-f5d7-40d4-9691-7a68082ae075","d0a50b1c-a334-4d26-9089-0f8d05063665","D17","BIGC","BIGC.AOS.reaeration.station.04","BIGC_S4_20170627","2017-06-27T17:54Z",2562,"2017-06-28T00:06:50Z",53.30,54.90,26.03,53.84,52.27,53.77,52.20
"545c2bf8-6b08-4b3e-9a0e-4d7926373e0d","d0a50b1c-a334-4d26-9089-0f8d05063665","D17","BIGC","BIGC.AOS.reaeration.station.04","BIGC_S4_20170627","2017-06-27T17:54Z",2176,"2017-06-27T23:02:30Z",54.50,55.70,26.01,54.65,53.47,54.58,53.40
"e7283ce4-5b6f-40d3-ba90-f9f043dbf0c2","d0a50b1c-a334-4d26-9089-0f8d05063665","D17","BIGC","BIGC.AOS.reaeration.station.04","BIGC_S4_20170627","2017-06-27T17:54Z",2233,"2017-06-27T23:12:00Z",54.80,56.10,26.02,55.03,53.75,54.96,53.68
"22bb2826-fcb8-4f85-b065-5a6769b3cd8c","d0a50b1c-a334-4d26-9089-0f8d05063665","D17","BIGC","BIGC.AOS.reaeration.station.04","BIGC_S4_20170627","2017-06-27T17:54Z",2144,"2017-06-27T22:57:10Z",54.20,55.70,26.00,54.66,53.18,54.59,53.12
"0ff1d0c4-28ba-4a21-9487-8bf7e792c1ef","d0a50b1c-a334-4d26-9089-0f8d05063665","D17","BIGC","BIGC.AOS.reaeration.station.04","BIGC_S4_20170627","2017-06-27T17:54Z",1130,"2017-06-27T20:08:10Z",89.10,87.40,16.97,103.23,105.24,103.96,105.99
"e2cc52ce-abcc-4cb1-bf23-f02bbc529748","d0a50b1c-a334-4d26-9089-0f8d05063665","D17","BIGC","BIGC.AOS.reaeration.station.04","BIGC_S4_20170627","2017-06-27T17:54Z",845,"2017-06-27T19:20:40Z",86.90,84.80,16.01,102.38,104.91,103.14,105.69
"b8e2c048-8f13-4d68-9cd8-ee4a22a189c6","d0a50b1c-a334-4d26-9089-0f8d05063665","D17","BIGC","BIGC.AOS.reaeration.station.04","BIGC_S4_20170627","2017-06-27T17:54Z",2131,"2017-06-27T22:55:00Z",54.20,55.70,26.00,54.66,53.18,54.59,53.12
"d4ac96cd-a55b-4007-8857-9aed2c2808cf","d0a50b1c-a334-4d26-9089-0f8d05063665","D17","BIGC","BIGC.AOS.reaeration.station.04","BIGC_S4_20170627","2017-06-27T17:54Z",2059,"2017-06-27T22:43:00Z",53.60,54.60,25.97,53.61,52.63,53.54,52.56
"6ee65e55-9793-43a5-b4cb-4eaa999e7fa1","d0a50b1c-a334-4d26-9089-0f8d05063665","D17","BIGC","BIGC.AOS.reaeration.station.04","BIGC_S4_20170627","2017-06-27T17:54Z",2537,"2017-06-28T00:02:40Z",53.90,55.30,26.02,54.24,52.87,54.17,52.80
"db85f772-6755-4eaa-a74e-53fcc0d3bacb","d0a50b1c-a334-4d26-9089-0f8d05063665","D17","BIGC","BIGC.AOS.reaeration.station.04","BIGC_S4_20170627","2017-06-27T17:54Z",1093,"2017-06-27T20:02:00Z",86.40,84.40,16.85,99.96,102.33,100.67,103.06
"bceed271-da7b-4753-9713-39e842a14e4a","d0a50b1c-a334-4d26-9089-0f8d05063665","D17","BIGC","BIGC.AOS.reaeration.station.04","BIGC_S4_20170627","2017-06-27T17:54Z",725,"2017-06-27T19:00:40Z",83.20,81.10,15.48,99.12,101.69,99.87,102.46
"c424dfb6-03d2-437d-8237-b0888c03b63d","d0a50b1c-a334-4d26-9089-0f8d05063665","D17","BIGC","BIGC.AOS.reaeration.station.04","BIGC_S4_20170627","2017-06-27T17:54Z",208,"2017-06-27T17:34:30Z",79.00,76.60,14.11,96.72,99.75,97.46,100.51
"72614529-8325-4cba-ade8-b3e8dc251c33","d0a50b1c-a334-4d26-9089-0f8d05063665","D17","BIGC","BIGC.AOS.reaeration.station.04","BIGC_S4_20170627","2017-06-27T17:54Z",2143,"2017-06-27T22:57:00Z",54.20,55.00,26.00,53.97,53.18,53.90,53.12
"fd1358c7-bb58-42cc-ae52-aa3ed7995c02","d0a50b1c-a334-4d26-9089-0f8d05063665","D17","BIGC","BIGC.AOS.reaeration.station.04","BIGC_S4_20170627","2017-06-27T17:54Z",1696,"2017-06-27T21:42:30Z",50.90,51.60,24.66,51.94,51.23,51.96,51.25
"dac26d5d-a30b-42a0-a960-aaa6c4be3a66","d0a50b1c-a334-4d26-9089-0f8d05063665","D17","BIGC","BIGC.AOS.reaeration.station.04","BIGC_S4_20170627","2017-06-27T17:54Z",565,"2017-06-27T18:34:00Z",80.30,78.10,14.83,96.93,99.66,97.67,100.42
"f3c8f545-ecdd-491d-b00b-fb31003595ab","d0a50b1c-a334-4d26-9089-0f8d05063665","D17","BIGC","BIGC.AOS.reaeration.station.04","BIGC_S4_20170627","2017-06-27T17:54Z",1917,"2017-06-27T22:19:20Z",52.40,53.50,25.72,52.77,51.69,52.73,51.64
"2380b5ac-5058-4e56-86c1-6ff679d1dfb3","d0a50b1c-a334-4d26-9089-0f8d05063665","D17","BIGC","BIGC.AOS.reaeration.station.04","BIGC_S4_20170627","2017-06-27T17:54Z",2468,"2017-06-27T23:51:10Z",54.50,56.10,26.02,55.03,53.46,54.96,53.39
"2c4fd649-b546-422a-a1be-6b4938701473","d0a50b1c-a334-4d26-9089-0f8d05063665","D17","BIGC","BIGC.AOS.reaeration.station.04","BIGC_S4_20170627","2017-06-27T17:54Z",994,"2017-06-27T19:45:30Z",87.60,85.60,16.53,102.12,104.51,102.86,105.26
"a1fd7e3e-0096-43e2-af62-f030e6870996","d0a50b1c-a334-4d26-9089-0f8d05063665","D17","BIGC","BIGC.AOS.reaeration.station.04","BIGC_S4_20170627","2017-06-27T17:54Z",1221,"2017-06-27T20:23:20Z",90.70,88.90,17.28,104.28,106.39,105.00,107.12
"e93810f8-6585-43dc-9c58-f730907c7678","d0a50b1c-a334-4d26-9089-0f8d05063665","D17","BIGC","BIGC.AOS.reaeration.station.04","BIGC_S4_20170627","2017-06-27T17:54Z",2613,"2017-06-28T00:15:20Z",45.60,47.10,24.85,47.24,45.73,47.24,45.74
"6ce69317-dd45-43ce-8634-bf9d3374a7fc","d0a50b1c-a334-4d26-9089-0f8d05063665","D17","BIGC","BIGC.AOS.reaeration.station.04","BIGC_S4_20170627","2017-06-27T17:54Z",516,"2017-06-27T18:25:50Z",80.10,77.70,14.68,96.78,99.76,97.52,100.53
"6753a1c9-8b42-4e25-9258-9f3517cee01e","d0a50b1c-a334-4d26-9089-0f8d05063665","D17","BIGC","BIGC.AOS.reaeration.station.04","BIGC_S4_20170627","2017-06-27T17:54Z",2067,"2017-06-27T22:44:20Z",53.80,54.60,25.99,53.59,52.80,53.52,52.74
"65ceaea1-ff35-4930-a1fe-a6a44fdcf0b0","d0a50b1c-a334-4d26-9089-0f8d05063665","D17","BIGC","BIGC.AOS.reaeration.station.04","BIGC_S4_20170627","2017-06-27T17:54Z",720,"2017-06-27T18:59:50Z",82.80,80.70,15.47,98.66,101.23,99.40,101.99
"788d7734-85f3-4e31-b7a1-1b755ee4be4e","d0a50b1c-a334-4d26-9089-0f8d05063665","D17","BIGC","BIGC.AOS.reaeration.station.04","BIGC_S4_20170627","2017-06-27T17:54Z",1023,"2017-06-27T19:50:20Z",86.70,84.80,16.63,100.94,103.20,101.66,103.94
"14a51102-dabc-40cf-975c-883360bbcafe","d0a50b1c-a334-4d26-9089-0f8d05063665","D17","BIGC","BIGC.AOS.reaeration.station.04","BIGC_S4_20170627","2017-06-27T17:54Z",1956,"2017-06-27T22:25:50Z",52.80,53.80,25.83,52.96,51.98,52.91,51.92
"1f77b26f-a13d-4fd6-8a6a-5cdedaa2b0f9","d0a50b1c-a334-4d26-9089-0f8d05063665","D17","BIGC","BIGC.AOS.reaeration.station.04","BIGC_S4_20170627","2017-06-27T17:54Z",978,"2017-06-27T19:42:50Z",87.70,85.60,16.48,102.24,104.75,102.98,105.51
"b0f0a732-e59e-40f1-ae2f-29178831daaf","d0a50b1c-a334-4d26-9089-0f8d05063665","D17","BIGC","BIGC.AOS.reaeration.station.04","BIGC_S4_20170627","2017-06-27T17:54Z",1784,"2017-06-27T21:57:10Z",51.30,52.40,25.19,52.21,51.11,52.20,51.10
"881365d1-a52d-4209-b3a9-c0171dfae1a4","d0a50b1c-a334-4d26-9089-0f8d05063665","D17","BIGC","BIGC.AOS.reaeration.station.04","BIGC_S4_20170627","2017-06-27T17:54Z",923,"2017-06-27T19:33:40Z",87.40,85.60,16.31,102.64,104.79,103.39,105.56
"366af082-dd53-4e5b-951d-ddf16ee1679b","d0a50b1c-a334-4d26-9089-0f8d05063665","D17","BIGC","BIGC.AOS.reaeration.station.04","BIGC_S4_20170627","2017-06-27T17:54Z",2444,"2017-06-27T23:47:10Z",54.60,56.10,26.01,55.04,53.57,54.97,53.50
"1d8ad265-9afd-48f2-bb3d-f9ff8cbc8a7f","d0a50b1c-a334-4d26-9089-0f8d05063665","D17","BIGC","BIGC.AOS.reaeration.station.04","BIGC_S4_20170627","2017-06-27T17:54Z",1095,"2017-06-27T20:02:20Z",86.40,84.40,16.85,99.96,102.33,100.67,103.06
"ecd92dbc-4957-417b-8c13-25212b838898","d0a50b1c-a334-4d26-9089-0f8d05063665","D17","BIGC","BIGC.AOS.reaeration.station.04","BIGC_S4_20170627","2017-06-27T17:54Z",1795,"2017-06-27T21:59:00Z",51.30,52.40,25.25,52.15,51.06,52.13,51.04
"75efa0a0-0f76-4b2d-aa73-ea89225218f4","d0a50b1c-a334-4d26-9089-0f8d05063665","D17","BIGC","BIGC.AOS.reaeration.station.04","BIGC_S4_20170627","2017-06-27T17:54Z",2414,"2017-06-27T23:42:10Z",54.80,56.10,26.01,55.04,53.76,54.97,53.69
"2356a771-b120-4f99-b77a-bac2c0a7d2f7","d0a50b1c-a334-4d26-9089-0f8d05063665","D17","BIGC","BIGC.AOS.reaeration.station.04","BIGC_S4_20170627","2017-06-27T17:54Z",32,"2017-06-27T17:05:10Z",78.40,76.20,13.87,96.77,99.57,97.51,100.33
"3fe57028-bacf-4602-b487-0a86dedcffa9","d0a50b1c-a334-4d26-9089-0f8d05063665","D17","BIGC","BIGC.AOS.reaeration.station.04","BIGC_S4_20170627","2017-06-27T17:54Z",2045,"2017-06-27T22:40:40Z",53.60,54.60,25.96,53.62,52.63,53.55,52.57
"365bb546-71b6-43cc-946d-7fa9fdd52eaa","d0a50b1c-a334-4d26-9089-0f8d05063665","D17","BIGC","BIGC.AOS.reaeration.station.04","BIGC_S4_20170627","2017-06-27T17:54Z",1706,"2017-06-27T21:44:10Z",50.90,51.60,24.73,51.87,51.16,51.88,51.18
"f54b1aa7-f7f6-4a25-bff5-b433790dcbf7","d0a50b1c-a334-4d26-9089-0f8d05063665","D17","BIGC","BIGC.AOS.reaeration.station.04","BIGC_S4_20170627","2017-06-27T17:54Z",388,"2017-06-27T18:04:30Z",79.50,77.30,14.37,96.99,99.75,97.74,100.52
"542fb70e-d63c-4587-86b7-acefbbb49f24","d0a50b1c-a334-4d26-9089-0f8d05063665","D17","BIGC","BIGC.AOS.reaeration.station.04","BIGC_S4_20170627","2017-06-27T17:54Z",1485,"2017-06-27T21:07:20Z",49.60,50.60,22.24,53.42,52.36,53.58,52.52
"9d071d4f-5397-4073-b2d2-ca23453cee89","d0a50b1c-a334-4d26-9089-0f8d05063665","D17","BIGC","BIGC.AOS.reaeration.station.04","BIGC_S4_20170627","2017-06-27T17:54Z",156,"2017-06-27T17:25:50Z",78.70,76.60,14.00,96.97,99.63,97.72,100.40
"9344ca51-0265-4e7f-a686-5d0e681fc2c7","d0a50b1c-a334-4d26-9089-0f8d05063665","D17","BIGC","BIGC.AOS.reaeration.station.04","BIGC_S4_20170627","2017-06-27T17:54Z",1108,"2017-06-27T20:04:30Z",87.50,85.50,16.91,101.13,103.49,101.84,104.23
"e01d9afa-b542-49c3-bf77-5ca3cb8b22a2","d0a50b1c-a334-4d26-9089-0f8d05063665","D17","BIGC","BIGC.AOS.reaeration.station.04","BIGC_S4_20170627","2017-06-27T17:54Z",1139,"2017-06-27T20:09:40Z",89.40,87.40,17.01,103.14,105.50,103.87,106.24
"2b555dc8-c2ba-4633-8e2c-2f36451c32dd","d0a50b1c-a334-4d26-9089-0f8d05063665","D17","BIGC","BIGC.AOS.reaeration.station.04","BIGC_S4_20170627","2017-06-27T17:54Z",1904,"2017-06-27T22:17:10Z",52.30,53.50,25.69,52.80,51.62,52.76,51.58
"9f2786cb-b0c6-402e-a682-86e74dd3c315","d0a50b1c-a334-4d26-9089-0f8d05063665","D17","BIGC","BIGC.AOS.reaeration.station.04","BIGC_S4_20170627","2017-06-27T17:54Z",572,"2017-06-27T18:35:10Z",80.40,77.70,14.86,96.36,99.71,97.10,100.47
"4ede9bbb-4dcf-40cc-9e22-efc98c6aad99","d0a50b1c-a334-4d26-9089-0f8d05063665","D17","BIGC","BIGC.AOS.reaeration.station.04","BIGC_S4_20170627","2017-06-27T17:54Z",769,"2017-06-27T19:08:00Z",85.80,83.70,15.69,101.80,104.36,102.57,105.14
"8f776137-151e-4674-add8-9293a5cf1358","d0a50b1c-a334-4d26-9089-0f8d05063665","D17","BIGC","BIGC.AOS.reaeration.station.04","BIGC_S4_20170627","2017-06-27T17:54Z",1426,"2017-06-27T20:57:30Z",48.60,49.60,20.90,53.81,52.73,54.05,52.96
"1f17a9d2-06de-4a03-b97a-359528565e5c","d0a50b1c-a334-4d26-9089-0f8d05063665","D17","BIGC","BIGC.AOS.reaeration.station.04","BIGC_S4_20170627","2017-06-27T17:54Z",1582,"2017-06-27T21:23:30Z",50.20,50.90,23.63,52.27,51.55,52.35,51.63
"369d4477-6b5c-4c11-ab41-cfd99d1c8a42","d0a50b1c-a334-4d26-9089-0f8d05063665","D17","BIGC","BIGC.AOS.reaeration.station.04","BIGC_S4_20170627","2017-06-27T17:54Z",513,"2017-06-27T18:25:20Z",80.00,77.70,14.68,96.78,99.64,97.52,100.40
"91b1ab63-6c35-4b03-81dd-9397d07162df","d0a50b1c-a334-4d26-9089-0f8d05063665","D17","BIGC","BIGC.AOS.reaeration.station.04","BIGC_S4_20170627","2017-06-27T17:54Z",2491,"2017-06-27T23:55:00Z",54.60,56.10,26.02,55.03,53.56,54.96,53.49
"318b09eb-ddb3-44ba-82ef-0dc3131f4b6c","d0a50b1c-a334-4d26-9089-0f8d05063665","D17","BIGC","BIGC.AOS.reaeration.station.04","BIGC_S4_20170627","2017-06-27T17:54Z",2541,"2017-06-28T00:03:20Z",53.80,55.00,26.02,53.95,52.77,53.88,52.70
"d83dfe06-01d6-490e-9220-22cf720315fb","d0a50b1c-a334-4d26-9089-0f8d05063665","D17","BIGC","BIGC.AOS.reaeration.station.04","BIGC_S4_20170627","2017-06-27T17:54Z",1759,"2017-06-27T21:53:00Z",51.10,51.60,25.04,51.56,51.06,51.56,51.06
"3d436259-9e2e-432e-95f1-b826a321ca6e","d0a50b1c-a334-4d26-9089-0f8d05063665","D17","BIGC","BIGC.AOS.reaeration.station.04","BIGC_S4_20170627","2017-06-27T17:54Z",466,"2017-06-27T18:17:30Z",79.70,77.30,14.54,96.60,99.60,97.34,100.36
"01aa171e-3ffe-4930-895b-ceba8125147b","d0a50b1c-a334-4d26-9089-0f8d05063665","D17","BIGC","BIGC.AOS.reaeration.station.04","BIGC_S4_20170627","2017-06-27T17:54Z",1484,"2017-06-27T21:07:10Z",49.70,50.60,22.22,53.44,52.49,53.60,52.65
"71918bf1-97c9-4ada-9e3d-d4f310f4b458","d0a50b1c-a334-4d26-9089-0f8d05063665","D17","BIGC","BIGC.AOS.reaeration.station.04","BIGC_S4_20170627","2017-06-27T17:54Z",2071,"2017-06-27T22:45:00Z",53.70,54.60,25.99,53.59,52.70,53.52,52.64
"2c7df80d-3cc1-4891-986a-dd075a24c7d2","d0a50b1c-a334-4d26-9089-0f8d05063665","D17","BIGC","BIGC.AOS.reaeration.station.04","BIGC_S4_20170627","2017-06-27T17:54Z",1025,"2017-06-27T19:50:40Z",86.70,84.80,16.63,100.94,103.20,101.66,103.94
"f07d5b1c-42e1-4b31-8903-e3cb1e4d365e","d0a50b1c-a334-4d26-9089-0f8d05063665","D17","BIGC","BIGC.AOS.reaeration.station.04","BIGC_S4_20170627","2017-06-27T17:54Z",1032,"2017-06-27T19:51:50Z",86.50,84.40,16.64,100.44,102.94,101.16,103.68
"2fdd3006-a46c-4dab-af08-d14717859f1a","d0a50b1c-a334-4d26-9089-0f8d05063665","D17","BIGC","BIGC.AOS.reaeration.station.04","BIGC_S4_20170627","2017-06-27T17:54Z",1977,"2017-06-27T22:29:20Z",53.10,53.80,25.87,52.92,52.23,52.86,52.18
"521ece3d-125d-4387-a09b-de4aba892279","d0a50b1c-a334-4d26-9089-0f8d05063665","D17","BIGC","BIGC.AOS.reaeration.station.04","BIGC_S4_20170627","2017-06-27T17:54Z",2342,"2017-06-27T23:30:10Z",54.90,56.10,26.01,55.04,53.86,54.97,53.79
"a889cf77-c7a2-4f03-a88f-4e44c2de509c","d0a50b1c-a334-4d26-9089-0f8d05063665","D17","BIGC","BIGC.AOS.reaeration.station.04","BIGC_S4_20170627","2017-06-27T17:54Z",2115,"2017-06-27T22:52:20Z",54.10,55.30,26.00,54.26,53.09,54.20,53.02
"2b9ef2ea-40de-40b7-879c-f002041c250e","d0a50b1c-a334-4d26-9089-0f8d05063665","D17","BIGC","BIGC.AOS.reaeration.station.04","BIGC_S4_20170627","2017-06-27T17:54Z",1351,"2017-06-27T20:45:00Z",46.40,47.10,18.34,53.96,53.16,54.31,53.50
"0ca532ca-0793-4d22-9be1-48fdeb878bf1","d0a50b1c-a334-4d26-9089-0f8d05063665","D17","BIGC","BIGC.AOS.reaeration.station.04","BIGC_S4_20170627","2017-06-27T17:54Z",117,"2017-06-27T17:19:20Z",78.60,76.20,13.97,96.54,99.58,97.28,100.34
"6bcafc5d-e1e6-4746-98a4-06b3bd11bd5c","d0a50b1c-a334-4d26-9089-0f8d05063665","D17","BIGC","BIGC.AOS.reaeration.station.04","BIGC_S4_20170627","2017-06-27T17:54Z",2509,"2017-06-27T23:58:00Z",54.20,55.70,26.02,54.64,53.16,54.57,53.10
"9137ccd3-d379-4522-a8f4-d6896b12b98b","d0a50b1c-a334-4d26-9089-0f8d05063665","D17","BIGC","BIGC.AOS.reaeration.station.04","BIGC_S4_20170627","2017-06-27T17:54Z",518,"2017-06-27T18:26:10Z",80.00,77.70,14.70,96.73,99.59,97.47,100.36
"7fe8d005-7099-40da-b834-aaafb21cc834","d0a50b1c-a334-4d26-9089-0f8d05063665","D17","BIGC","BIGC.AOS.reaeration.station.04","BIGC_S4_20170627","2017-06-27T17:54Z",2622,"2017-06-28T00:16:50Z",42.60,44.10,24.83,44.24,42.74,44.25,42.75
"3daf7adf-31df-4ebe-b948-46a83d681e3e","d0a50b1c-a334-4d26-9089-0f8d05063665","D17","BIGC","BIGC.AOS.reaeration.station.04","BIGC_S4_20170627","2017-06-27T17:54Z",554,"2017-06-27T18:32:10Z",80.30,78.10,14.80,97.00,99.73,97.74,100.49
"ab107d83-0a53-4ecc-be5e-25e94bcdc9ee","d0a50b1c-a334-4d26-9089-0f8d05063665","D17","BIGC","BIGC.AOS.reaeration.station.04","BIGC_S4_20170627","2017-06-27T17:54Z",1143,"2017-06-27T20:10:20Z",89.50,87.80,17.02,103.59,105.59,104.32,106.34
"182f5d96-e22e-42db-ba2b-d8bfccdc3d08","d0a50b1c-a334-4d26-9089-0f8d05063665","D17","BIGC","BIGC.AOS.reaeration.station.04","BIGC_S4_20170627","2017-06-27T17:54Z",457,"2017-06-27T18:16:00Z",79.70,77.30,14.53,96.62,99.62,97.36,100.39
"bb164b04-e2cf-4eda-ac04-f05deea6ab57","d0a50b1c-a334-4d26-9089-0f8d05063665","D17","BIGC","BIGC.AOS.reaeration.station.04","BIGC_S4_20170627","2017-06-27T17:54Z",1887,"2017-06-27T22:14:20Z",52.10,53.10,25.64,52.46,51.47,52.42,51.43
"2a3d2cec-fe8d-4dee-996c-795fa60b2ad3","d0a50b1c-a334-4d26-9089-0f8d05063665","D17","BIGC","BIGC.AOS.reaeration.station.04","BIGC_S4_20170627","2017-06-27T17:54Z",866,"2017-06-27T19:24:10Z",87.00,85.20,16.10,102.65,104.82,103.41,105.59
"0e6fac6a-e88b-4380-8985-99b0a00e40fb","d0a50b1c-a334-4d26-9089-0f8d05063665","D17","BIGC","BIGC.AOS.reaeration.station.04","BIGC_S4_20170627","2017-06-27T17:54Z",1533,"2017-06-27T21:15:20Z",50.10,51.00,23.03,52.99,52.06,53.11,52.18
"07df7bc5-bab7-47f6-981f-5c712f1a24d8","d0a50b1c-a334-4d26-9089-0f8d05063665","D17","BIGC","BIGC.AOS.reaeration.station.04","BIGC_S4_20170627","2017-06-27T17:54Z",655,"2017-06-27T18:49:00Z",81.10,78.80,15.17,97.01,99.85,97.75,100.61
"56476184-8871-4c3a-ae30-f010371b5d92","d0a50b1c-a334-4d26-9089-0f8d05063665","D17","BIGC","BIGC.AOS.reaeration.station.04","BIGC_S4_20170627","2017-06-27T17:54Z",1242,"2017-06-27T20:26:50Z",90.80,88.90,17.35,104.11,106.34,104.83,107.07
"b987e55f-3bb6-4519-8063-67ff5dc72848","d0a50b1c-a334-4d26-9089-0f8d05063665","D17","BIGC","BIGC.AOS.reaeration.station.04","BIGC_S4_20170627","2017-06-27T17:54Z",2253,"2017-06-27T23:15:20Z",54.90,56.10,26.02,55.03,53.85,54.96,53.78
"624575a4-9bfc-4c72-8495-74d500814250","d0a50b1c-a334-4d26-9089-0f8d05063665","D17","BIGC","BIGC.AOS.reaeration.station.04","BIGC_S4_20170627","2017-06-27T17:54Z",2036,"2017-06-27T22:39:10Z",53.30,54.60,25.95,53.63,52.35,53.56,52.29
"5eacba1b-f244-4c33-9678-4077d2d03268","d0a50b1c-a334-4d26-9089-0f8d05063665","D17","BIGC","BIGC.AOS.reaeration.station.04","BIGC_S4_20170627","2017-06-27T17:54Z",1965,"2017-06-27T22:27:20Z",52.70,53.80,25.84,52.95,51.87,52.90,51.81
"5856696c-ddc1-407a-9c9a-8bdb94164063","d0a50b1c-a334-4d26-9089-0f8d05063665","D17","BIGC","BIGC.AOS.reaeration.station.04","BIGC_S4_20170627","2017-06-27T17:54Z",1799,"2017-06-27T21:59:40Z",51.40,52.40,25.27,52.13,51.14,52.11,51.12
"838e9309-8a96-46c2-aa3a-11e5e8dbb915","d0a50b1c-a334-4d26-9089-0f8d05063665","D17","BIGC","BIGC.AOS.reaeration.station.04","BIGC_S4_20170627","2017-06-27T17:54Z",1666,"2017-06-27T21:37:30Z",50.70,51.30,24.45,51.84,51.24,51.88,51.27
"816603ed-0033-434a-9a56-575e3480a103","d0a50b1c-a334-4d26-9089-0f8d05063665","D17","BIGC","BIGC.AOS.reaeration.station.04","BIGC_S4_20170627","2017-06-27T17:54Z",370,"2017-06-27T18:01:30Z",79.40,77.00,14.35,96.66,99.68,97.41,100.44
"e9180764-9fd4-4e73-9210-0df09250a71a","d0a50b1c-a334-4d26-9089-0f8d05063665","D17","BIGC","BIGC.AOS.reaeration.station.04","BIGC_S4_20170627","2017-06-27T17:54Z",2592,"2017-06-28T00:11:50Z",50.50,51.60,25.30,51.31,50.21,51.29,50.19
"c01c9d55-7c28-436a-b995-7a5d1c50f447","d0a50b1c-a334-4d26-9089-0f8d05063665","D17","BIGC","BIGC.AOS.reaeration.station.04","BIGC_S4_20170627","2017-06-27T17:54Z",1382,"2017-06-27T20:50:10Z",47.40,48.10,19.39,53.87,53.09,54.18,53.39
"00f17f2a-ad3e-4f1e-bc61-5a662e3ca55e","d0a50b1c-a334-4d26-9089-0f8d05063665","D17","BIGC","BIGC.AOS.reaeration.station.04","BIGC_S4_20170627","2017-06-27T17:54Z",761,"2017-06-27T19:06:40Z",85.60,83.30,15.65,101.41,104.21,102.17,104.99
"cf03748c-0d6c-4702-896f-5c2a2f12b15c","d0a50b1c-a334-4d26-9089-0f8d05063665","D17","BIGC","BIGC.AOS.reaeration.station.04","BIGC_S4_20170627","2017-06-27T17:54Z",670,"2017-06-27T18:51:30Z",81.20,78.80,15.24,96.86,99.81,97.59,100.56
"98c8c27d-a61c-4540-ac32-3c1b5abc9422","d0a50b1c-a334-4d26-9089-0f8d05063665","D17","BIGC","BIGC.AOS.reaeration.station.04","BIGC_S4_20170627","2017-06-27T17:54Z",77,"2017-06-27T17:12:40Z",78.50,76.20,13.91,96.68,99.60,97.42,100.36
"782ddd8a-4a27-4770-8eb3-720ad05c7c2a","d0a50b1c-a334-4d26-9089-0f8d05063665","D17","BIGC","BIGC.AOS.reaeration.station.04","BIGC_S4_20170627","2017-06-27T17:54Z",2448,"2017-06-27T23:47:50Z",54.60,56.10,26.02,55.03,53.56,54.96,53.49
"447ca7fb-7e75-4759-abfb-01eb750988b4","d0a50b1c-a334-4d26-9089-0f8d05063665","D17","BIGC","BIGC.AOS.reaeration.station.04","BIGC_S4_20170627","2017-06-27T17:54Z",271,"2017-06-27T17:45:00Z",79.00,76.60,14.18,96.55,99.58,97.30,100.34
"58692345-4cb1-45d7-a179-6d0fca0f32bb","d0a50b1c-a334-4d26-9089-0f8d05063665","D17","BIGC","BIGC.AOS.reaeration.station.04","BIGC_S4_20170627","2017-06-27T17:54Z",2405,"2017-06-27T23:40:40Z",54.80,56.10,26.01,55.04,53.76,54.97,53.69
"ca7baa4d-63a2-4044-8eea-8b94e42cf0ca","d0a50b1c-a334-4d26-9089-0f8d05063665","D17","BIGC","BIGC.AOS.reaeration.station.04","BIGC_S4_20170627","2017-06-27T17:54Z",1514,"2017-06-27T21:12:10Z",49.90,51.00,22.76,53.28,52.13,53.42,52.26
"25fbea85-8c47-4a10-a2e7-5c451f9399d7","d0a50b1c-a334-4d26-9089-0f8d05063665","D17","BIGC","BIGC.AOS.reaeration.station.04","BIGC_S4_20170627","2017-06-27T17:54Z",345,"2017-06-27T17:57:20Z",79.30,77.00,14.29,96.80,99.69,97.55,100.46
"d675c83f-dce8-4443-b45c-f665bbc56d15","d0a50b1c-a334-4d26-9089-0f8d05063665","D17","BIGC","BIGC.AOS.reaeration.station.04","BIGC_S4_20170627","2017-06-27T17:54Z",1469,"2017-06-27T21:04:40Z",49.40,50.30,21.92,53.44,52.49,53.63,52.67
"282f35dc-7b3d-4787-994d-286269aca626","d0a50b1c-a334-4d26-9089-0f8d05063665","D17","BIGC","BIGC.AOS.reaeration.station.04","BIGC_S4_20170627","2017-06-27T17:54Z",1443,"2017-06-27T21:00:20Z",49.00,49.60,21.34,53.33,52.68,53.54,52.89
"2c93d355-4cb7-4c4b-90d0-4c7ebd31479d","d0a50b1c-a334-4d26-9089-0f8d05063665","D17","BIGC","BIGC.AOS.reaeration.station.04","BIGC_S4_20170627","2017-06-27T17:54Z",861,"2017-06-27T19:23:20Z",86.90,84.80,16.08,102.21,104.75,102.97,105.52
"185e5f6c-7052-480f-8af9-5d55414929d2","d0a50b1c-a334-4d26-9089-0f8d05063665","D17","BIGC","BIGC.AOS.reaeration.station.04","BIGC_S4_20170627","2017-06-27T17:54Z",2502,"2017-06-27T23:56:50Z",54.40,56.10,26.02,55.03,53.36,54.96,53.29
"629967f0-538e-448c-b62a-e85544afc1a8","d0a50b1c-a334-4d26-9089-0f8d05063665","D17","BIGC","BIGC.AOS.reaeration.station.04","BIGC_S4_20170627","2017-06-27T17:54Z",39,"2017-06-27T17:06:20Z",78.40,76.20,13.89,96.73,99.52,97.47,100.28
"f75ea68f-4867-4e22-ac88-bfe6c3b382a9","d0a50b1c-a334-4d26-9089-0f8d05063665","D17","BIGC","BIGC.AOS.reaeration.station.04","BIGC_S4_20170627","2017-06-27T17:54Z",2566,"2017-06-28T00:07:30Z",53.30,54.60,26.03,53.55,52.27,53.48,52.20
"b821523f-1bcf-413e-a63c-3f298d54ba08","d0a50b1c-a334-4d26-9089-0f8d05063665","D17","BIGC","BIGC.AOS.reaeration.station.04","BIGC_S4_20170627","2017-06-27T17:54Z",1072,"2017-06-27T19:58:30Z",85.70,83.60,16.78,99.17,101.66,99.88,102.39
"744cdff9-91a7-44a8-a484-000359497f37","d0a50b1c-a334-4d26-9089-0f8d05063665","D17","BIGC","BIGC.AOS.reaeration.station.04","BIGC_S4_20170627","2017-06-27T17:54Z",1829,"2017-06-27T22:04:40Z",51.50,52.40,25.40,52.00,51.11,51.98,51.08
"d8b156a6-0993-4b58-8279-01d27e3f3d9b","d0a50b1c-a334-4d26-9089-0f8d05063665","D17","BIGC","BIGC.AOS.reaeration.station.04","BIGC_S4_20170627","2017-06-27T17:54Z",1470,"2017-06-27T21:04:50Z",49.30,50.30,21.95,53.41,52.35,53.59,52.53
"0ef5dd8b-5373-49d8-b7ba-aed587182a70","d0a50b1c-a334-4d26-9089-0f8d05063665","D17","BIGC","BIGC.AOS.reaeration.station.04","BIGC_S4_20170627","2017-06-27T17:54Z",1805,"2017-06-27T22:00:40Z",51.40,52.40,25.30,52.10,51.11,52.08,51.09
"ffc2a66f-8044-45f6-8054-e3a8f12b8863","d0a50b1c-a334-4d26-9089-0f8d05063665","D17","BIGC","BIGC.AOS.reaeration.station.04","BIGC_S4_20170627","2017-06-27T17:54Z",2486,"2017-06-27T23:54:10Z",54.50,56.10,26.02,55.03,53.46,54.96,53.39
"c0c1e736-c783-4334-a6c9-3f3876412046","d0a50b1c-a334-4d26-9089-0f8d05063665","D17","BIGC","BIGC.AOS.reaeration.station.04","BIGC_S4_20170627","2017-06-27T17:54Z",1164,"2017-06-27T20:13:50Z",90.10,88.20,17.10,103.87,106.11,104.60,106.86
"8a549a8e-0511-4d82-b50c-31558c24d2e2","d0a50b1c-a334-4d26-9089-0f8d05063665","D17","BIGC","BIGC.AOS.reaeration.station.04","BIGC_S4_20170627","2017-06-27T17:54Z",962,"2017-06-27T19:40:10Z",87.60,85.60,16.42,102.38,104.77,103.12,105.53
"a9cde5ac-7b61-4533-8412-0b2d4a643c54","d0a50b1c-a334-4d26-9089-0f8d05063665","D17","BIGC","BIGC.AOS.reaeration.station.04","BIGC_S4_20170627","2017-06-27T17:54Z",692,"2017-06-27T18:55:10Z",81.30,78.80,15.35,96.61,99.67,97.34,100.43
"c9ec9392-5a6d-463a-bece-856eb52608be","d0a50b1c-a334-4d26-9089-0f8d05063665","D17","BIGC","BIGC.AOS.reaeration.station.04","BIGC_S4_20170627","2017-06-27T17:54Z",1688,"2017-06-27T21:41:10Z",50.80,52.00,24.60,52.40,51.19,52.43,51.22
"04cc7bcb-8141-4b33-a20c-1d13f52f49b4","d0a50b1c-a334-4d26-9089-0f8d05063665","D17","BIGC","BIGC.AOS.reaeration.station.04","BIGC_S4_20170627","2017-06-27T17:54Z",1987,"2017-06-27T22:31:00Z",53.10,54.20,25.88,53.30,52.22,53.25,52.16
"31a6ee86-f939-462d-9a83-34c4404951cc","d0a50b1c-a334-4d26-9089-0f8d05063665","D17","BIGC","BIGC.AOS.reaeration.station.04","BIGC_S4_20170627","2017-06-27T17:54Z",1895,"2017-06-27T22:15:40Z",52.30,53.10,25.66,52.44,51.65,52.40,51.61
"2f844a93-f693-4aaa-a2b5-efc430e766cb","d0a50b1c-a334-4d26-9089-0f8d05063665","D17","BIGC","BIGC.AOS.reaeration.station.04","BIGC_S4_20170627","2017-06-27T17:54Z",364,"2017-06-27T18:00:30Z",79.40,77.00,14.33,96.71,99.72,97.45,100.49
"6dd21d99-5d03-4170-900d-3584d4c7c895","d0a50b1c-a334-4d26-9089-0f8d05063665","D17","BIGC","BIGC.AOS.reaeration.station.04","BIGC_S4_20170627","2017-06-27T17:54Z",2290,"2017-06-27T23:21:30Z",54.90,56.10,26.01,55.04,53.86,54.97,53.79
"e7890d8f-3139-4d4d-8274-01cf3dba6a51","d0a50b1c-a334-4d26-9089-0f8d05063665","D17","BIGC","BIGC.AOS.reaeration.station.04","BIGC_S4_20170627","2017-06-27T17:54Z",1973,"2017-06-27T22:28:40Z",52.90,53.80,25.86,52.93,52.05,52.87,51.99
"9df848f3-256b-4f3e-b5fd-1a0470df1702","d0a50b1c-a334-4d26-9089-0f8d05063665","D17","BIGC","BIGC.AOS.reaeration.station.04","BIGC_S4_20170627","2017-06-27T17:54Z",1716,"2017-06-27T21:45:50Z",51.00,51.60,24.79,51.81,51.21,51.82,51.22
"07d4dfe3-fdb7-45d5-9d8b-daff77edc90d","d0a50b1c-a334-4d26-9089-0f8d05063665","D17","BIGC","BIGC.AOS.reaeration.station.04","BIGC_S4_20170627","2017-06-27T17:54Z",2278,"2017-06-27T23:19:30Z",54.90,56.10,26.01,55.04,53.86,54.97,53.79
"75cf5e95-b8c3-49c1-8c9e-c5e74559ab11","d0a50b1c-a334-4d26-9089-0f8d05063665","D17","BIGC","BIGC.AOS.reaeration.station.04","BIGC_S4_20170627","2017-06-27T17:54Z",1796,"2017-06-27T21:59:10Z",51.40,52.40,25.25,52.15,51.16,52.13,51.14
"183cc66e-451a-4f6c-a092-66da294bd559","d0a50b1c-a334-4d26-9089-0f8d05063665","D17","BIGC","BIGC.AOS.reaeration.station.04","BIGC_S4_20170627","2017-06-27T17:54Z",1178,"2017-06-27T20:16:10Z",90.30,88.50,17.14,104.13,106.25,104.86,106.99
"d6276f14-36da-4640-9f36-307a8ff09f10","d0a50b1c-a334-4d26-9089-0f8d05063665","D17","BIGC","BIGC.AOS.reaeration.station.04","BIGC_S4_20170627","2017-06-27T17:54Z",162,"2017-06-27T17:26:50Z",78.70,76.60,14.02,96.93,99.58,97.67,100.35
"b70ef5ac-b1dc-4925-a35a-1796724785fa","d0a50b1c-a334-4d26-9089-0f8d05063665","D17","BIGC","BIGC.AOS.reaeration.station.04","BIGC_S4_20170627","2017-06-27T17:54Z",2406,"2017-06-27T23:40:50Z",54.70,56.10,26.01,55.04,53.66,54.97,53.60
"512047e1-a89a-41fd-9066-e539679d6a3f","d0a50b1c-a334-4d26-9089-0f8d05063665","D17","BIGC","BIGC.AOS.reaeration.station.04","BIGC_S4_20170627","2017-06-27T17:54Z",2383,"2017-06-27T23:37:00Z",54.80,56.10,26.01,55.04,53.76,54.97,53.69
"f434ee43-3b0d-4009-b3aa-fc42eacf2c54","d0a50b1c-a334-4d26-9089-0f8d05063665","D17","BIGC","BIGC.AOS.reaeration.station.04","BIGC_S4_20170627","2017-06-27T17:54Z",1943,"2017-06-27T22:23:40Z",52.60,53.50,25.80,52.69,51.81,52.64,51.76
"9bd1a804-4b13-4529-8edf-176f1ee1ea36","d0a50b1c-a334-4d26-9089-0f8d05063665","D17","BIGC","BIGC.AOS.reaeration.station.04","BIGC_S4_20170627","2017-06-27T17:54Z",1692,"2017-06-27T21:41:50Z",50.80,51.60,24.64,51.96,51.15,51.98,51.17
"0450d6bc-08c2-4bbe-a5f9-431388e0767a","d0a50b1c-a334-4d26-9089-0f8d05063665","D17","BIGC","BIGC.AOS.reaeration.station.04","BIGC_S4_20170627","2017-06-27T17:54Z",55,"2017-06-27T17:09:00Z",78.50,75.90,13.90,96.32,99.62,97.06,100.38
"50462df3-528c-4e5b-8abf-82cfdec38f2d","d0a50b1c-a334-4d26-9089-0f8d05063665","D17","BIGC","BIGC.AOS.reaeration.station.04","BIGC_S4_20170627","2017-06-27T17:54Z",1497,"2017-06-27T21:09:20Z",49.80,50.60,22.47,53.17,52.33,53.32,52.48
"59aaa6b2-8212-4c04-8311-a76d9adf3731","d0a50b1c-a334-4d26-9089-0f8d05063665","D17","BIGC","BIGC.AOS.reaeration.station.04","BIGC_S4_20170627","2017-06-27T17:54Z",1333,"2017-06-27T20:42:00Z",46.00,46.30,17.86,53.61,53.26,53.97,53.62
"e31dd0f9-8fe5-48d4-beea-094a66015a61","d0a50b1c-a334-4d26-9089-0f8d05063665","D17","BIGC","BIGC.AOS.reaeration.station.04","BIGC_S4_20170627","2017-06-27T17:54Z",2485,"2017-06-27T23:54:00Z",54.30,55.70,26.02,54.64,53.26,54.57,53.19
"eec4882c-3e71-4e8b-a077-d1879dd63e23","d0a50b1c-a334-4d26-9089-0f8d05063665","D17","BIGC","BIGC.AOS.reaeration.station.04","BIGC_S4_20170627","2017-06-27T17:54Z",1718,"2017-06-27T21:46:10Z",51.00,51.60,24.81,51.79,51.19,51.80,51.20
"080c1718-ffc4-4d8a-ba6f-7a5e320e7642","d0a50b1c-a334-4d26-9089-0f8d05063665","D17","BIGC","BIGC.AOS.reaeration.station.04","BIGC_S4_20170627","2017-06-27T17:54Z",2210,"2017-06-27T23:08:10Z",54.70,56.10,26.02,55.03,53.65,54.96,53.59
"a9237fed-e201-448a-abf7-3984168859cb","d0a50b1c-a334-4d26-9089-0f8d05063665","D17","BIGC","BIGC.AOS.reaeration.station.04","BIGC_S4_20170627","2017-06-27T17:54Z",2583,"2017-06-28T00:10:20Z",53.10,54.60,26.05,53.53,52.06,53.46,51.99
"3c059479-b675-4cfe-9a56-91c60dcedd0b","d0a50b1c-a334-4d26-9089-0f8d05063665","D17","BIGC","BIGC.AOS.reaeration.station.04","BIGC_S4_20170627","2017-06-27T17:54Z",195,"2017-06-27T17:32:20Z",78.80,76.60,14.06,96.83,99.61,97.58,100.38
"08de2a69-6f49-426f-8dde-661f6bd8226c","d0a50b1c-a334-4d26-9089-0f8d05063665","D17","BIGC","BIGC.AOS.reaeration.station.04","BIGC_S4_20170627","2017-06-27T17:54Z",2497,"2017-06-27T23:56:00Z",54.30,56.10,26.02,55.03,53.26,54.96,53.19
"2132efb1-c195-4253-8752-546b7c905753","d0a50b1c-a334-4d26-9089-0f8d05063665","D17","BIGC","BIGC.AOS.reaeration.station.04","BIGC_S4_20170627","2017-06-27T17:54Z",2556,"2017-06-28T00:05:50Z",53.50,54.60,26.02,53.56,52.48,53.49,52.41
"7d07818d-ec5d-4033-98bc-fb862655556e","d0a50b1c-a334-4d26-9089-0f8d05063665","D17","BIGC","BIGC.AOS.reaeration.station.04","BIGC_S4_20170627","2017-06-27T17:54Z",1841,"2017-06-27T22:06:40Z",51.60,52.70,25.46,52.24,51.15,52.21,51.12
"7fa586cc-f3dd-48d6-92fc-45d39b2cbe1e","d0a50b1c-a334-4d26-9089-0f8d05063665","D17","BIGC","BIGC.AOS.reaeration.station.04","BIGC_S4_20170627","2017-06-27T17:54Z",963,"2017-06-27T19:40:20Z",87.60,85.90,16.42,102.74,104.77,103.48,105.53
"1a6e8eb6-71d4-4052-94b4-5a8de9d026a2","d0a50b1c-a334-4d26-9089-0f8d05063665","D17","BIGC","BIGC.AOS.reaeration.station.04","BIGC_S4_20170627","2017-06-27T17:54Z",2462,"2017-06-27T23:50:10Z",54.60,56.10,26.02,55.03,53.56,54.96,53.49
"33fcaf03-4925-48f7-b9a1-f0bc819b03c6","d0a50b1c-a334-4d26-9089-0f8d05063665","D17","BIGC","BIGC.AOS.reaeration.station.04","BIGC_S4_20170627","2017-06-27T17:54Z",2249,"2017-06-27T23:14:40Z",54.90,56.10,26.02,55.03,53.85,54.96,53.78
"020c6102-44fb-4b86-aae5-fb585ec037d5","d0a50b1c-a334-4d26-9089-0f8d05063665","D17","BIGC","BIGC.AOS.reaeration.station.04","BIGC_S4_20170627","2017-06-27T17:54Z",1377,"2017-06-27T20:49:20Z",47.30,48.10,19.19,54.10,53.20,54.42,53.51
"c4de9d3b-2ac8-4168-857e-eeabed814476","d0a50b1c-a334-4d26-9089-0f8d05063665","D17","BIGC","BIGC.AOS.reaeration.station.04","BIGC_S4_20170627","2017-06-27T17:54Z",809,"2017-06-27T19:14:40Z",86.60,84.10,15.86,101.89,104.92,102.65,105.70
"bee4bd5f-d94f-42e7-a25c-84808c2e7f4d","d0a50b1c-a334-4d26-9089-0f8d05063665","D17","BIGC","BIGC.AOS.reaeration.station.04","BIGC_S4_20170627","2017-06-27T17:54Z",1948,"2017-06-27T22:24:30Z",52.70,53.50,25.81,52.68,51.90,52.63,51.84
"fff8a898-abbe-4b78-b1f7-0b5eeafe4683","d0a50b1c-a334-4d26-9089-0f8d05063665","D17","BIGC","BIGC.AOS.reaeration.station.04","BIGC_S4_20170627","2017-06-27T17:54Z",575,"2017-06-27T18:35:40Z",80.40,78.10,14.88,96.81,99.66,97.55,100.43
"96be2c9a-b77c-4782-a76e-6376925d24f1","d0a50b1c-a334-4d26-9089-0f8d05063665","D17","BIGC","BIGC.AOS.reaeration.station.04","BIGC_S4_20170627","2017-06-27T17:54Z",1609,"2017-06-27T21:28:00Z",50.40,51.30,23.94,52.36,51.44,52.43,51.51
"476b6182-b04f-4d73-afc2-94153fd67a19","d0a50b1c-a334-4d26-9089-0f8d05063665","D17","BIGC","BIGC.AOS.reaeration.station.04","BIGC_S4_20170627","2017-06-27T17:54Z",549,"2017-06-27T18:31:20Z",80.20,78.10,14.78,97.04,99.65,97.79,100.42
"05f5fdfd-3690-401e-9ff8-8921a2ffe77c","d0a50b1c-a334-4d26-9089-0f8d05063665","D17","BIGC","BIGC.AOS.reaeration.station.04","BIGC_S4_20170627","2017-06-27T17:54Z",1071,"2017-06-27T19:58:20Z",85.70,83.60,16.77,99.19,101.68,99.90,102.41
"e58f686b-e487-404f-9c1f-c0f51a2c0158","d0a50b1c-a334-4d26-9089-0f8d05063665","D17","BIGC","BIGC.AOS.reaeration.station.04","BIGC_S4_20170627","2017-06-27T17:54Z",2169,"2017-06-27T23:01:20Z",54.40,55.70,26.01,54.65,53.37,54.58,53.30
"222d39fa-c45f-4e04-bda5-3fbcf68b4663","d0a50b1c-a334-4d26-9089-0f8d05063665","D17","BIGC","BIGC.AOS.reaeration.station.04","BIGC_S4_20170627","2017-06-27T17:54Z",181,"2017-06-27T17:30:00Z",78.70,76.60,14.05,96.86,99.51,97.60,100.28
"67d36ab7-d5b2-4169-8058-2ffbafd668ec","d0a50b1c-a334-4d26-9089-0f8d05063665","D17","BIGC","BIGC.AOS.reaeration.station.04","BIGC_S4_20170627","2017-06-27T17:54Z",736,"2017-06-27T19:02:30Z",84.30,82.20,15.53,100.35,102.91,101.11,103.69
"b6cf64fd-9bb0-4488-ac24-ea67c3b264ac","d0a50b1c-a334-4d26-9089-0f8d05063665","D17","BIGC","BIGC.AOS.reaeration.station.04","BIGC_S4_20170627","2017-06-27T17:54Z",1001,"2017-06-27T19:46:40Z",87.60,85.90,16.56,102.41,104.44,103.15,105.19
"a6c12bec-24a0-4db3-907c-0d37a91d2d9f","d0a50b1c-a334-4d26-9089-0f8d05063665","D17","BIGC","BIGC.AOS.reaeration.station.04","BIGC_S4_20170627","2017-06-27T17:54Z",2063,"2017-06-27T22:43:40Z",53.60,54.60,25.97,53.61,52.63,53.54,52.56
"23e16f0b-13c0-4caf-bd9d-c84c877a8d3b","d0a50b1c-a334-4d26-9089-0f8d05063665","D17","BIGC","BIGC.AOS.reaeration.station.04","BIGC_S4_20170627","2017-06-27T17:54Z",1187,"2017-06-27T20:17:40Z",90.40,88.50,17.18,104.04,106.27,104.77,107.01
"af1376cf-038e-4975-8d7c-b49b1ae00663","d0a50b1c-a334-4d26-9089-0f8d05063665","D17","BIGC","BIGC.AOS.reaeration.station.04","BIGC_S4_20170627","2017-06-27T17:54Z",1681,"2017-06-27T21:40:00Z",50.80,51.60,24.56,52.04,51.23,52.06,51.26
"6b134c4a-f44e-4d5c-8564-913e0196c9e2","d0a50b1c-a334-4d26-9089-0f8d05063665","D17","BIGC","BIGC.AOS.reaeration.station.04","BIGC_S4_20170627","2017-06-27T17:54Z",88,"2017-06-27T17:14:30Z",78.50,76.60,13.93,97.14,99.55,97.88,100.31
"eb638d98-4b66-4048-b985-3beee83e26f9","d0a50b1c-a334-4d26-9089-0f8d05063665","D17","BIGC","BIGC.AOS.reaeration.station.04","BIGC_S4_20170627","2017-06-27T17:54Z",2643,"2017-06-28T00:20:00Z",36.90,38.10,24.82,38.23,37.03,38.24,37.04
"ae1764a9-8fc7-4d17-85d2-c06d748b1ddb","d0a50b1c-a334-4d26-9089-0f8d05063665","D17","BIGC","BIGC.AOS.reaeration.station.04","BIGC_S4_20170627","2017-06-27T17:54Z",719,"2017-06-27T18:59:40Z",82.70,80.70,15.47,98.66,101.10,99.40,101.87
"c576fc98-7c23-4f2d-a4cb-c007e8d37a99","d0a50b1c-a334-4d26-9089-0f8d05063665","D17","BIGC","BIGC.AOS.reaeration.station.04","BIGC_S4_20170627","2017-06-27T17:54Z",2451,"2017-06-27T23:48:20Z",54.60,56.10,26.02,55.03,53.56,54.96,53.49
"5f984b95-1328-4ff4-9c35-fa05974cb29c","d0a50b1c-a334-4d26-9089-0f8d05063665","D17","BIGC","BIGC.AOS.reaeration.station.04","BIGC_S4_20170627","2017-06-27T17:54Z",1055,"2017-06-27T19:55:40Z",85.30,83.20,16.72,98.83,101.32,99.54,102.05
"59c21b59-8945-4c1d-881e-fb42260e262a","d0a50b1c-a334-4d26-9089-0f8d05063665","D17","BIGC","BIGC.AOS.reaeration.station.04","BIGC_S4_20170627","2017-06-27T17:54Z",1402,"2017-06-27T20:53:30Z",48.10,48.90,20.14,53.90,53.02,54.18,53.29
"ab7ef2b6-00f2-4114-9f9e-fb7d193a46d9","d0a50b1c-a334-4d26-9089-0f8d05063665","D17","BIGC","BIGC.AOS.reaeration.station.04","BIGC_S4_20170627","2017-06-27T17:54Z",1330,"2017-06-27T20:41:30Z",45.30,45.90,17.77,53.25,52.56,53.61,52.91
"a8dec627-51af-481d-841f-e92b9f1149a6","d0a50b1c-a334-4d26-9089-0f8d05063665","D17","BIGC","BIGC.AOS.reaeration.station.04","BIGC_S4_20170627","2017-06-27T17:54Z",1661,"2017-06-27T21:36:40Z",50.70,51.30,24.41,51.88,51.28,51.92,51.31
"a86a4779-824e-43eb-8875-01bafb2b24a0","d0a50b1c-a334-4d26-9089-0f8d05063665","D17","BIGC","BIGC.AOS.reaeration.station.04","BIGC_S4_20170627","2017-06-27T17:54Z",2555,"2017-06-28T00:05:40Z",53.50,55.00,26.02,53.95,52.48,53.88,52.41
"a7ae8835-0def-43c9-8aaf-d7a7148ebd8b","d0a50b1c-a334-4d26-9089-0f8d05063665","D17","BIGC","BIGC.AOS.reaeration.station.04","BIGC_S4_20170627","2017-06-27T17:54Z",1882,"2017-06-27T22:13:30Z",52.10,53.10,25.62,52.48,51.49,52.44,51.45
"fb0cde1e-d5b0-4dc5-b645-7c7a8188e6e4","d0a50b1c-a334-4d26-9089-0f8d05063665","D17","BIGC","BIGC.AOS.reaeration.station.04","BIGC_S4_20170627","2017-06-27T17:54Z",2274,"2017-06-27T23:18:50Z",54.90,56.10,26.02,55.03,53.85,54.96,53.78
"49d6e1d4-cf3a-4e40-9b0c-b32b296dfb2e","d0a50b1c-a334-4d26-9089-0f8d05063665","D17","BIGC","BIGC.AOS.reaeration.station.04","BIGC_S4_20170627","2017-06-27T17:54Z",175,"2017-06-27T17:29:00Z",78.70,76.60,14.03,96.90,99.56,97.65,100.32
"6b224283-2fb0-4098-ba19-f1710a56c717","d0a50b1c-a334-4d26-9089-0f8d05063665","D17","BIGC","BIGC.AOS.reaeration.station.04","BIGC_S4_20170627","2017-06-27T17:54Z",363,"2017-06-27T18:00:20Z",79.40,77.00,14.34,96.69,99.70,97.43,100.47
"be687513-7b15-4a89-875f-ee4bf156dfeb","d0a50b1c-a334-4d26-9089-0f8d05063665","D17","BIGC","BIGC.AOS.reaeration.station.04","BIGC_S4_20170627","2017-06-27T17:54Z",1801,"2017-06-27T22:00:00Z",51.30,52.40,25.28,52.12,51.03,52.10,51.01
"b2f26d4f-8e4d-4b31-82cb-06a0605b44a2","d0a50b1c-a334-4d26-9089-0f8d05063665","D17","BIGC","BIGC.AOS.reaeration.station.04","BIGC_S4_20170627","2017-06-27T17:54Z",407,"2017-06-27T18:07:40Z",79.50,77.30,14.42,96.88,99.63,97.62,100.40
"0fe35cfa-44c9-4b16-8aa4-2aa2451b3d76","d0a50b1c-a334-4d26-9089-0f8d05063665","D17","BIGC","BIGC.AOS.reaeration.station.04","BIGC_S4_20170627","2017-06-27T17:54Z",2518,"2017-06-27T23:59:30Z",54.10,55.70,26.02,54.64,53.07,54.57,53.00
"91f03ced-76e6-44cd-982e-1300599777f2","d0a50b1c-a334-4d26-9089-0f8d05063665","D17","BIGC","BIGC.AOS.reaeration.station.04","BIGC_S4_20170627","2017-06-27T17:54Z",2634,"2017-06-28T00:18:43Z",,,,,,,
"82d7bbb7-4aa8-4c7e-9b0c-f5cfb2f9fca5","d0a50b1c-a334-4d26-9089-0f8d05063665","D17","BIGC","BIGC.AOS.reaeration.station.04","BIGC_S4_20170627","2017-06-27T17:54Z",223,"2017-06-27T17:37:00Z",78.90,76.60,14.14,96.65,99.55,97.39,100.31
"3f90c5c8-6f81-47f0-a7bf-5564a6b77243","d0a50b1c-a334-4d26-9089-0f8d05063665","D17","BIGC","BIGC.AOS.reaeration.station.04","BIGC_S4_20170627","2017-06-27T17:54Z",1226,"2017-06-27T20:24:10Z",90.70,88.90,17.31,104.21,106.32,104.93,107.05
"8bffd297-ddc7-4a9d-8720-719fae9e9f49","d0a50b1c-a334-4d26-9089-0f8d05063665","D17","BIGC","BIGC.AOS.reaeration.station.04","BIGC_S4_20170627","2017-06-27T17:54Z",1243,"2017-06-27T20:27:00Z",90.90,88.90,17.37,104.07,106.41,104.78,107.14
"43694312-4300-4d98-a371-9d0494b1faf6","d0a50b1c-a334-4d26-9089-0f8d05063665","D17","BIGC","BIGC.AOS.reaeration.station.04","BIGC_S4_20170627","2017-06-27T17:54Z",1618,"2017-06-27T21:29:30Z",50.50,51.30,24.03,52.27,51.45,52.33,51.51
"140b47c8-1b38-4786-9f4c-7a2758284752","d0a50b1c-a334-4d26-9089-0f8d05063665","D17","BIGC","BIGC.AOS.reaeration.station.04","BIGC_S4_20170627","2017-06-27T17:54Z",945,"2017-06-27T19:37:20Z",87.50,85.60,16.38,102.47,104.75,103.22,105.51
"954a8e44-d0e9-41b6-9965-9f9a95f7d1b4","d0a50b1c-a334-4d26-9089-0f8d05063665","D17","BIGC","BIGC.AOS.reaeration.station.04","BIGC_S4_20170627","2017-06-27T17:54Z",1621,"2017-06-27T21:30:00Z",50.50,51.30,24.06,52.24,51.42,52.30,51.48
"7a748ad9-a5cd-4536-a2ea-66cb5b43e36c","d0a50b1c-a334-4d26-9089-0f8d05063665","D17","BIGC","BIGC.AOS.reaeration.station.04","BIGC_S4_20170627","2017-06-27T17:54Z",1478,"2017-06-27T21:06:10Z",49.50,50.30,22.11,53.24,52.39,53.41,52.56
"8b2116b5-9940-41a3-b550-853178b3d61f","d0a50b1c-a334-4d26-9089-0f8d05063665","D17","BIGC","BIGC.AOS.reaeration.station.04","BIGC_S4_20170627","2017-06-27T17:54Z",1054,"2017-06-27T19:55:30Z",85.40,83.20,16.72,98.83,101.44,99.54,102.17
"06c07449-59bd-4ede-abee-7ffdb2bdac61","d0a50b1c-a334-4d26-9089-0f8d05063665","D17","BIGC","BIGC.AOS.reaeration.station.04","BIGC_S4_20170627","2017-06-27T17:54Z",148,"2017-06-27T17:24:30Z",78.70,76.20,14.00,96.47,99.63,97.21,100.40
"6f0abb9d-468e-47ae-9f9d-213fce11c372","d0a50b1c-a334-4d26-9089-0f8d05063665","D17","BIGC","BIGC.AOS.reaeration.station.04","BIGC_S4_20170627","2017-06-27T17:54Z",1425,"2017-06-27T20:57:20Z",48.60,49.60,20.86,53.86,52.77,54.10,53.01
"75c98157-5d6d-4d52-a3e4-bc5e2d3b7590","d0a50b1c-a334-4d26-9089-0f8d05063665","D17","BIGC","BIGC.AOS.reaeration.station.04","BIGC_S4_20170627","2017-06-27T17:54Z",2301,"2017-06-27T23:23:20Z",55.00,56.10,26.01,55.04,53.96,54.97,53.89
"79f6d930-d4e1-41a4-a5d2-b5033fdbcac4","d0a50b1c-a334-4d26-9089-0f8d05063665","D17","BIGC","BIGC.AOS.reaeration.station.04","BIGC_S4_20170627","2017-06-27T17:54Z",1821,"2017-06-27T22:03:20Z",51.50,52.40,25.37,52.03,51.14,52.01,51.12
"20c75532-8296-41bc-9ea4-c63d7e4c74ca","d0a50b1c-a334-4d26-9089-0f8d05063665","D17","BIGC","BIGC.AOS.reaeration.station.04","BIGC_S4_20170627","2017-06-27T17:54Z",2223,"2017-06-27T23:10:20Z",54.80,56.10,26.02,55.03,53.75,54.96,53.68
"1186e77c-982b-4c94-9f4c-4591cb042061","d0a50b1c-a334-4d26-9089-0f8d05063665","D17","BIGC","BIGC.AOS.reaeration.station.04","BIGC_S4_20170627","2017-06-27T17:54Z",1345,"2017-06-27T20:44:00Z",46.30,47.10,18.23,54.09,53.18,54.44,53.52
"0e48639d-811d-4b5a-a426-bcf0091617b7","d0a50b1c-a334-4d26-9089-0f8d05063665","D17","BIGC","BIGC.AOS.reaeration.station.04","BIGC_S4_20170627","2017-06-27T17:54Z",1657,"2017-06-27T21:36:00Z",50.70,51.30,24.38,51.91,51.31,51.95,51.35
"0f41a203-7f27-45ff-b8f5-7f1ebb358bb0","d0a50b1c-a334-4d26-9089-0f8d05063665","D17","BIGC","BIGC.AOS.reaeration.station.04","BIGC_S4_20170627","2017-06-27T17:54Z",1111,"2017-06-27T20:05:00Z",87.90,85.90,16.91,101.60,103.96,102.32,104.70
"86281672-5ae4-485b-a629-b680cf9911ea","d0a50b1c-a334-4d26-9089-0f8d05063665","D17","BIGC","BIGC.AOS.reaeration.station.04","BIGC_S4_20170627","2017-06-27T17:54Z",1612,"2017-06-27T21:28:30Z",50.40,51.30,23.96,52.34,51.42,52.40,51.48
"a4097161-eb04-4c88-bfd1-1ef45a3f0b7b","d0a50b1c-a334-4d26-9089-0f8d05063665","D17","BIGC","BIGC.AOS.reaeration.station.04","BIGC_S4_20170627","2017-06-27T17:54Z",1623,"2017-06-27T21:30:20Z",50.60,51.30,24.08,52.22,51.51,52.27,51.56
"74088a23-28ef-48aa-b108-73238f621aa4","d0a50b1c-a334-4d26-9089-0f8d05063665","D17","BIGC","BIGC.AOS.reaeration.station.04","BIGC_S4_20170627","2017-06-27T17:54Z",1468,"2017-06-27T21:04:30Z",49.30,50.30,21.91,53.45,52.39,53.64,52.57
"93c4ceaf-218b-4cfb-95ec-925f70ab9552","d0a50b1c-a334-4d26-9089-0f8d05063665","D17","BIGC","BIGC.AOS.reaeration.station.04","BIGC_S4_20170627","2017-06-27T17:54Z",947,"2017-06-27T19:37:40Z",87.50,85.60,16.38,102.47,104.75,103.22,105.51
"2c102260-349f-43b2-a102-8c174c5b8568","d0a50b1c-a334-4d26-9089-0f8d05063665","D17","BIGC","BIGC.AOS.reaeration.station.04","BIGC_S4_20170627","2017-06-27T17:54Z",2498,"2017-06-27T23:56:10Z",54.30,55.70,26.02,54.64,53.26,54.57,53.19
"9cc61ca0-1f3c-4cef-a90a-351fe8f30df8","d0a50b1c-a334-4d26-9089-0f8d05063665","D17","BIGC","BIGC.AOS.reaeration.station.04","BIGC_S4_20170627","2017-06-27T17:54Z",529,"2017-06-27T18:28:00Z",80.10,77.70,14.72,96.68,99.67,97.42,100.43
"2a07b179-0ef6-4b0d-ab28-6ac3645bcefb","d0a50b1c-a334-4d26-9089-0f8d05063665","D17","BIGC","BIGC.AOS.reaeration.station.04","BIGC_S4_20170627","2017-06-27T17:54Z",1561,"2017-06-27T21:20:00Z",50.40,51.30,23.40,52.92,51.99,53.02,52.09
"36d2a9d1-377a-4643-aa25-13b0463f5ee2","d0a50b1c-a334-4d26-9089-0f8d05063665","D17","BIGC","BIGC.AOS.reaeration.station.04","BIGC_S4_20170627","2017-06-27T17:54Z",558,"2017-06-27T18:32:50Z",80.30,78.10,14.80,97.00,99.73,97.74,100.49
"1b155cf2-7e6f-41cd-a1f1-3ee9f7d86b9a","d0a50b1c-a334-4d26-9089-0f8d05063665","D17","BIGC","BIGC.AOS.reaeration.station.04","BIGC_S4_20170627","2017-06-27T17:54Z",1154,"2017-06-27T20:12:10Z",89.80,87.80,17.06,103.50,105.85,104.22,106.60
"a76630e5-2cc1-4fac-b066-a5eb9bce2143","d0a50b1c-a334-4d26-9089-0f8d05063665","D17","BIGC","BIGC.AOS.reaeration.station.04","BIGC_S4_20170627","2017-06-27T17:54Z",2288,"2017-06-27T23:21:10Z",54.90,56.10,26.01,55.04,53.86,54.97,53.79
"1662a12b-9b4e-4eb8-b579-904188e112c2","d0a50b1c-a334-4d26-9089-0f8d05063665","D17","BIGC","BIGC.AOS.reaeration.station.04","BIGC_S4_20170627","2017-06-27T17:54Z",1944,"2017-06-27T22:23:50Z",52.60,53.80,25.80,52.99,51.81,52.94,51.76
"8a0c93e4-d82e-47ce-8ba0-5cb736ca2ac8","d0a50b1c-a334-4d26-9089-0f8d05063665","D17","BIGC","BIGC.AOS.reaeration.station.04","BIGC_S4_20170627","2017-06-27T17:54Z",325,"2017-06-27T17:54:00Z",79.20,77.00,14.28,96.83,99.59,97.57,100.36
"a94e9acd-4d8e-411b-afd0-e89737daa181","d0a50b1c-a334-4d26-9089-0f8d05063665","D17","BIGC","BIGC.AOS.reaeration.station.04","BIGC_S4_20170627","2017-06-27T17:54Z",943,"2017-06-27T19:37:00Z",87.50,85.60,16.38,102.47,104.75,103.22,105.51
"e9c8a789-6d2f-471e-b3c9-232b564acbdc","d0a50b1c-a334-4d26-9089-0f8d05063665","D17","BIGC","BIGC.AOS.reaeration.station.04","BIGC_S4_20170627","2017-06-27T17:54Z",2413,"2017-06-27T23:42:00Z",54.90,56.10,26.01,55.04,53.86,54.97,53.79
"0203a8a7-d2ee-4475-9566-d36e086fe5d0","d0a50b1c-a334-4d26-9089-0f8d05063665","D17","BIGC","BIGC.AOS.reaeration.station.04","BIGC_S4_20170627","2017-06-27T17:54Z",417,"2017-06-27T18:09:20Z",79.60,77.30,14.45,96.81,99.69,97.55,100.45
"dd698dcb-4a5b-4e9d-9be1-a418391bc309","d0a50b1c-a334-4d26-9089-0f8d05063665","D17","BIGC","BIGC.AOS.reaeration.station.04","BIGC_S4_20170627","2017-06-27T17:54Z",804,"2017-06-27T19:13:50Z",86.50,84.10,15.84,101.93,104.84,102.70,105.63
"3220a21c-9041-40ed-b342-7df9bc6729e5","d0a50b1c-a334-4d26-9089-0f8d05063665","D17","BIGC","BIGC.AOS.reaeration.station.04","BIGC_S4_20170627","2017-06-27T17:54Z",2270,"2017-06-27T23:18:10Z",54.70,56.10,26.01,55.04,53.66,54.97,53.60
"7ca49fdc-de5c-4ef0-9d8d-247e87de4d15","d0a50b1c-a334-4d26-9089-0f8d05063665","D17","BIGC","BIGC.AOS.reaeration.station.04","BIGC_S4_20170627","2017-06-27T17:54Z",1996,"2017-06-27T22:32:30Z",53.10,53.80,25.90,52.89,52.20,52.83,52.14
"08bd225c-abb0-4f98-95a8-5f0d2815ab3e","d0a50b1c-a334-4d26-9089-0f8d05063665","D17","BIGC","BIGC.AOS.reaeration.station.04","BIGC_S4_20170627","2017-06-27T17:54Z",2344,"2017-06-27T23:30:30Z",54.80,56.10,26.01,55.04,53.76,54.97,53.69
"eaa8a9a0-22ad-49e4-8db4-bf0ae3b046a4","d0a50b1c-a334-4d26-9089-0f8d05063665","D17","BIGC","BIGC.AOS.reaeration.station.04","BIGC_S4_20170627","2017-06-27T17:54Z",385,"2017-06-27T18:04:00Z",79.50,77.30,14.37,96.99,99.75,97.74,100.52
"fba5474b-78ae-4063-ae6e-326d04efc9a2","d0a50b1c-a334-4d26-9089-0f8d05063665","D17","BIGC","BIGC.AOS.reaeration.station.04","BIGC_S4_20170627","2017-06-27T17:54Z",590,"2017-06-27T18:38:10Z",80.50,78.40,14.93,97.07,99.67,97.81,100.43
"ed8612a0-1198-4052-a8c0-d4d2f917f097","d0a50b1c-a334-4d26-9089-0f8d05063665","D17","BIGC","BIGC.AOS.reaeration.station.04","BIGC_S4_20170627","2017-06-27T17:54Z",2567,"2017-06-28T00:07:40Z",53.30,54.90,26.03,53.84,52.27,53.77,52.20
"49e315a6-e1df-42cb-bc05-62bfa64030cc","d0a50b1c-a334-4d26-9089-0f8d05063665","D17","BIGC","BIGC.AOS.reaeration.station.04","BIGC_S4_20170627","2017-06-27T17:54Z",186,"2017-06-27T17:30:50Z",78.80,76.60,14.05,96.86,99.64,97.60,100.40
"f5b3e69a-f39a-4b02-a83d-86c66db98930","d0a50b1c-a334-4d26-9089-0f8d05063665","D17","BIGC","BIGC.AOS.reaeration.station.04","BIGC_S4_20170627","2017-06-27T17:54Z",916,"2017-06-27T19:32:30Z",87.40,85.20,16.29,102.20,104.84,102.95,105.61
"30ef0e87-b181-419a-9974-8ef32df8db4f","d0a50b1c-a334-4d26-9089-0f8d05063665","D17","BIGC","BIGC.AOS.reaeration.station.04","BIGC_S4_20170627","2017-06-27T17:54Z",1193,"2017-06-27T20:18:40Z",90.40,88.50,17.19,104.02,106.25,104.74,106.99
"fd930f1f-8096-47d5-8e00-d6f7fc3debc4","d0a50b1c-a334-4d26-9089-0f8d05063665","D17","BIGC","BIGC.AOS.reaeration.station.04","BIGC_S4_20170627","2017-06-27T17:54Z",625,"2017-06-27T18:44:00Z",80.80,78.40,15.05,96.80,99.76,97.53,100.52
"676dd7f5-205b-4eed-8127-e11b39d7d1ae","d0a50b1c-a334-4d26-9089-0f8d05063665","D17","BIGC","BIGC.AOS.reaeration.station.04","BIGC_S4_20170627","2017-06-27T17:54Z",1318,"2017-06-27T20:39:30Z",91.10,89.30,17.59,104.02,106.12,104.73,106.84
"b2fdffe8-000c-439e-9a8c-08f4e7a81f7b","d0a50b1c-a334-4d26-9089-0f8d05063665","D17","BIGC","BIGC.AOS.reaeration.station.04","BIGC_S4_20170627","2017-06-27T17:54Z",2525,"2017-06-28T00:00:40Z",54.10,55.70,26.02,54.64,53.07,54.57,53.00
"be880609-c75e-4790-a5d1-2cf96a04e8b7","d0a50b1c-a334-4d26-9089-0f8d05063665","D17","BIGC","BIGC.AOS.reaeration.station.04","BIGC_S4_20170627","2017-06-27T17:54Z",788,"2017-06-27T19:11:10Z",86.20,84.10,15.78,102.08,104.62,102.84,105.41
"222f5c39-c91d-40f0-854a-6f26a069da6b","d0a50b1c-a334-4d26-9089-0f8d05063665","D17","BIGC","BIGC.AOS.reaeration.station.04","BIGC_S4_20170627","2017-06-27T17:54Z",1757,"2017-06-27T21:52:40Z",51.10,52.00,25.03,51.97,51.07,51.97,51.07
"6863bdd2-1d99-48c7-af45-bab8f5313458","d0a50b1c-a334-4d26-9089-0f8d05063665","D17","BIGC","BIGC.AOS.reaeration.station.04","BIGC_S4_20170627","2017-06-27T17:54Z",2282,"2017-06-27T23:20:10Z",54.90,56.10,26.01,55.04,53.86,54.97,53.79
"4e97fe82-9e31-4bad-80d7-1b4275caa047","d0a50b1c-a334-4d26-9089-0f8d05063665","D17","BIGC","BIGC.AOS.reaeration.station.04","BIGC_S4_20170627","2017-06-27T17:54Z",1890,"2017-06-27T22:14:50Z",52.10,53.10,25.65,52.45,51.46,52.41,51.42
"0efdc208-f66e-449f-b7ac-86b1fe156399","d0a50b1c-a334-4d26-9089-0f8d05063665","D17","BIGC","BIGC.AOS.reaeration.station.04","BIGC_S4_20170627","2017-06-27T17:54Z",56,"2017-06-27T17:09:10Z",78.50,76.20,13.90,96.70,99.62,97.44,100.38
"6a53a793-25cf-4058-8689-7a42bd4134e3","d0a50b1c-a334-4d26-9089-0f8d05063665","D17","BIGC","BIGC.AOS.reaeration.station.04","BIGC_S4_20170627","2017-06-27T17:54Z",326,"2017-06-27T17:54:10Z",79.20,77.00,14.27,96.85,99.62,97.59,100.38
"9e34d78d-5036-49ca-9a8b-3210d9e2aa81","d0a50b1c-a334-4d26-9089-0f8d05063665","D17","BIGC","BIGC.AOS.reaeration.station.04","BIGC_S4_20170627","2017-06-27T17:54Z",1342,"2017-06-27T20:43:30Z",46.20,47.10,18.12,54.23,53.19,54.58,53.53
"9159ac84-aeda-48a1-bc57-cfd68734a97e","d0a50b1c-a334-4d26-9089-0f8d05063665","D17","BIGC","BIGC.AOS.reaeration.station.04","BIGC_S4_20170627","2017-06-27T17:54Z",1222,"2017-06-27T20:23:30Z",90.70,88.50,17.30,103.76,106.34,104.48,107.08
"f3369ac6-241c-4b82-9bf1-4f8bc654e39d","d0a50b1c-a334-4d26-9089-0f8d05063665","D17","BIGC","BIGC.AOS.reaeration.station.04","BIGC_S4_20170627","2017-06-27T17:54Z",1430,"2017-06-27T20:58:10Z",48.70,49.60,21.00,53.70,52.73,53.93,52.96
"bcaed8ff-caa0-4bef-b455-21093c5aff37","d0a50b1c-a334-4d26-9089-0f8d05063665","D17","BIGC","BIGC.AOS.reaeration.station.04","BIGC_S4_20170627","2017-06-27T17:54Z",1391,"2017-06-27T20:51:40Z",47.80,48.50,19.75,53.91,53.13,54.19,53.41
"4a2264d5-42d2-4e38-815d-87ec84104eb3","d0a50b1c-a334-4d26-9089-0f8d05063665","D17","BIGC","BIGC.AOS.reaeration.station.04","BIGC_S4_20170627","2017-06-27T17:54Z",821,"2017-06-27T19:16:40Z",86.60,84.80,15.91,102.62,104.79,103.38,105.57
"05103dd9-c50f-4b54-9166-101761eacb48","d0a50b1c-a334-4d26-9089-0f8d05063665","D17","BIGC","BIGC.AOS.reaeration.station.04","BIGC_S4_20170627","2017-06-27T17:54Z",2470,"2017-06-27T23:51:30Z",54.60,56.10,26.02,55.03,53.56,54.96,53.49
"1b92c8c0-b2be-4e8c-aeb0-e75dab9b4420","d0a50b1c-a334-4d26-9089-0f8d05063665","D17","BIGC","BIGC.AOS.reaeration.station.04","BIGC_S4_20170627","2017-06-27T17:54Z",2596,"2017-06-28T00:12:30Z",49.90,51.20,25.31,50.90,49.61,50.88,49.59
"92d2aa55-f105-441a-a180-52a5d4777cc8","d0a50b1c-a334-4d26-9089-0f8d05063665","D17","BIGC","BIGC.AOS.reaeration.station.04","BIGC_S4_20170627","2017-06-27T17:54Z",1300,"2017-06-27T20:36:30Z",91.30,89.30,17.56,104.09,106.42,104.80,107.15
"b4ed1986-718c-4088-94a4-523dca30f61c","d0a50b1c-a334-4d26-9089-0f8d05063665","D17","BIGC","BIGC.AOS.reaeration.station.04","BIGC_S4_20170627","2017-06-27T17:54Z",2256,"2017-06-27T23:15:50Z",54.80,56.10,26.02,55.03,53.75,54.96,53.68
"791d7de7-6709-4d6c-9e9b-e29150b74e43","d0a50b1c-a334-4d26-9089-0f8d05063665","D17","BIGC","BIGC.AOS.reaeration.station.04","BIGC_S4_20170627","2017-06-27T17:54Z",2167,"2017-06-27T23:01:00Z",54.40,55.70,26.01,54.65,53.37,54.58,53.30
"8297e321-d029-44ae-97c2-93faa03e6db6","d0a50b1c-a334-4d26-9089-0f8d05063665","D17","BIGC","BIGC.AOS.reaeration.station.04","BIGC_S4_20170627","2017-06-27T17:54Z",1450,"2017-06-27T21:01:30Z",49.10,49.90,21.50,53.47,52.62,53.68,52.82
"89ee823d-f550-4175-8e69-686c3fb37aa8","d0a50b1c-a334-4d26-9089-0f8d05063665","D17","BIGC","BIGC.AOS.reaeration.station.04","BIGC_S4_20170627","2017-06-27T17:54Z",205,"2017-06-27T17:34:00Z",78.90,76.20,14.11,96.21,99.62,96.95,100.39
"03f264d0-5c2e-4d26-85f9-008512997d79","d0a50b1c-a334-4d26-9089-0f8d05063665","D17","BIGC","BIGC.AOS.reaeration.station.04","BIGC_S4_20170627","2017-06-27T17:54Z",1654,"2017-06-27T21:35:30Z",50.60,51.30,24.37,51.92,51.22,51.96,51.26
"a5771331-6944-4f52-ba5b-7a4ba76a69a5","d0a50b1c-a334-4d26-9089-0f8d05063665","D17","BIGC","BIGC.AOS.reaeration.station.04","BIGC_S4_20170627","2017-06-27T17:54Z",391,"2017-06-27T18:05:00Z",79.50,77.30,14.39,96.95,99.71,97.69,100.47
"545106b3-f120-4747-945a-a7b06d155d1b","d0a50b1c-a334-4d26-9089-0f8d05063665","D17","BIGC","BIGC.AOS.reaeration.station.04","BIGC_S4_20170627","2017-06-27T17:54Z",494,"2017-06-27T18:22:10Z",79.90,77.70,14.61,96.94,99.68,97.68,100.45
"27cc611e-8c95-4595-abc7-1490766a573f","d0a50b1c-a334-4d26-9089-0f8d05063665","D17","BIGC","BIGC.AOS.reaeration.station.04","BIGC_S4_20170627","2017-06-27T17:54Z",2247,"2017-06-27T23:14:20Z",54.90,56.10,26.02,55.03,53.85,54.96,53.78
"cba9b927-8c08-44f7-b6bb-6645b753ed11","d0a50b1c-a334-4d26-9089-0f8d05063665","D17","BIGC","BIGC.AOS.reaeration.station.04","BIGC_S4_20170627","2017-06-27T17:54Z",256,"2017-06-27T17:42:30Z",79.00,76.60,14.15,96.62,99.65,97.37,100.42
"6fb16143-636f-4bf4-9a12-07126224b64e","d0a50b1c-a334-4d26-9089-0f8d05063665","D17","BIGC","BIGC.AOS.reaeration.station.04","BIGC_S4_20170627","2017-06-27T17:54Z",992,"2017-06-27T19:45:10Z",87.60,85.60,16.52,102.14,104.53,102.88,105.29
"54fdc1ae-8b8b-4b3f-9484-b6e4b135737d","d0a50b1c-a334-4d26-9089-0f8d05063665","D17","BIGC","BIGC.AOS.reaeration.station.04","BIGC_S4_20170627","2017-06-27T17:54Z",2251,"2017-06-27T23:15:00Z",54.80,56.10,26.02,55.03,53.75,54.96,53.68
"533b10f8-11ea-416b-a61a-a857adbe93cd","d0a50b1c-a334-4d26-9089-0f8d05063665","D17","BIGC","BIGC.AOS.reaeration.station.04","BIGC_S4_20170627","2017-06-27T17:54Z",418,"2017-06-27T18:09:30Z",79.60,77.30,14.45,96.81,99.69,97.55,100.45
"fb1049fb-c8fb-41ff-8cd5-de28bd3d6de3","d0a50b1c-a334-4d26-9089-0f8d05063665","D17","BIGC","BIGC.AOS.reaeration.station.04","BIGC_S4_20170627","2017-06-27T17:54Z",1731,"2017-06-27T21:48:20Z",51.00,51.60,24.89,51.71,51.11,51.72,51.11
"c082ac2c-b10d-4d3f-a2a7-b07c16bac3e9","d0a50b1c-a334-4d26-9089-0f8d05063665","D17","BIGC","BIGC.AOS.reaeration.station.04","BIGC_S4_20170627","2017-06-27T17:54Z",227,"2017-06-27T17:37:40Z",78.90,76.60,14.14,96.65,99.55,97.39,100.31
"fcb234ae-6136-4650-8ef7-28529d1aaa4b","d0a50b1c-a334-4d26-9089-0f8d05063665","D17","BIGC","BIGC.AOS.reaeration.station.04","BIGC_S4_20170627","2017-06-27T17:54Z",1107,"2017-06-27T20:04:20Z",87.70,85.50,16.90,101.15,103.75,101.87,104.49
"fc3fdd5e-ed88-47ed-b641-ec4a3b4dbf99","d0a50b1c-a334-4d26-9089-0f8d05063665","D17","BIGC","BIGC.AOS.reaeration.station.04","BIGC_S4_20170627","2017-06-27T17:54Z",2215,"2017-06-27T23:09:00Z",54.60,56.10,26.02,55.03,53.56,54.96,53.49
"7f5172d5-622e-4881-905f-b0f2bd58bbd8","d0a50b1c-a334-4d26-9089-0f8d05063665","D17","BIGC","BIGC.AOS.reaeration.station.04","BIGC_S4_20170627","2017-06-27T17:54Z",377,"2017-06-27T18:02:40Z",79.40,77.00,14.35,96.66,99.68,97.41,100.44
"3ffed050-7ab3-4af9-ad86-844f0e57804e","d0a50b1c-a334-4d26-9089-0f8d05063665","D17","BIGC","BIGC.AOS.reaeration.station.04","BIGC_S4_20170627","2017-06-27T17:54Z",273,"2017-06-27T17:45:20Z",79.10,77.00,14.18,97.06,99.71,97.80,100.47
"476e872a-c999-4e59-876c-42d44f3e3814","d0a50b1c-a334-4d26-9089-0f8d05063665","D17","BIGC","BIGC.AOS.reaeration.station.04","BIGC_S4_20170627","2017-06-27T17:54Z",1436,"2017-06-27T20:59:10Z",48.80,49.60,21.16,53.53,52.66,53.75,52.88
"14458b0e-e208-442c-a913-fdcca40819c8","d0a50b1c-a334-4d26-9089-0f8d05063665","D17","BIGC","BIGC.AOS.reaeration.station.04","BIGC_S4_20170627","2017-06-27T17:54Z",1271,"2017-06-27T20:31:40Z",91.00,89.30,17.45,104.35,106.33,105.06,107.06
"cc6dca79-f4af-4a5b-b7d4-ac5007920aa6","d0a50b1c-a334-4d26-9089-0f8d05063665","D17","BIGC","BIGC.AOS.reaeration.station.04","BIGC_S4_20170627","2017-06-27T17:54Z",2234,"2017-06-27T23:12:10Z",54.80,56.10,26.02,55.03,53.75,54.96,53.68
"c0df0806-d673-49d1-87df-0eff09bf0248","d0a50b1c-a334-4d26-9089-0f8d05063665","D17","BIGC","BIGC.AOS.reaeration.station.04","BIGC_S4_20170627","2017-06-27T17:54Z",2012,"2017-06-27T22:35:10Z",53.30,54.20,25.93,53.25,52.37,53.19,52.31
"21ac1782-2b95-4d5b-a90d-e6c6b2143dec","d0a50b1c-a334-4d26-9089-0f8d05063665","D17","BIGC","BIGC.AOS.reaeration.station.04","BIGC_S4_20170627","2017-06-27T17:54Z",1964,"2017-06-27T22:27:10Z",52.90,53.80,25.84,52.95,52.06,52.90,52.01
"318e0727-2ceb-4ff2-b153-aa3be3c068bc","d0a50b1c-a334-4d26-9089-0f8d05063665","D17","BIGC","BIGC.AOS.reaeration.station.04","BIGC_S4_20170627","2017-06-27T17:54Z",939,"2017-06-27T19:36:20Z",87.40,85.60,16.37,102.49,104.65,103.24,105.41
"36f36319-69dd-4b36-b34a-6272a0da0898","d0a50b1c-a334-4d26-9089-0f8d05063665","D17","BIGC","BIGC.AOS.reaeration.station.04","BIGC_S4_20170627","2017-06-27T17:54Z",352,"2017-06-27T17:58:30Z",79.30,77.00,14.30,96.78,99.67,97.52,100.44
"856a97c0-aabb-441d-9887-393efc464eb3","d0a50b1c-a334-4d26-9089-0f8d05063665","D17","BIGC","BIGC.AOS.reaeration.station.04","BIGC_S4_20170627","2017-06-27T17:54Z",1863,"2017-06-27T22:10:20Z",51.90,52.70,25.56,52.14,51.35,52.11,51.32
"aef5894e-0fde-45bc-a043-8f60bfe7cab9","d0a50b1c-a334-4d26-9089-0f8d05063665","D17","BIGC","BIGC.AOS.reaeration.station.04","BIGC_S4_20170627","2017-06-27T17:54Z",340,"2017-06-27T17:56:30Z",79.30,77.00,14.29,96.80,99.69,97.55,100.46
"e98b7a15-f970-4b48-939f-cfca36a48374","d0a50b1c-a334-4d26-9089-0f8d05063665","D17","BIGC","BIGC.AOS.reaeration.station.04","BIGC_S4_20170627","2017-06-27T17:54Z",1679,"2017-06-27T21:39:40Z",50.80,51.60,24.56,52.04,51.23,52.06,51.26
"25bebb62-5773-438c-b2ed-07d9fa489dfb","d0a50b1c-a334-4d26-9089-0f8d05063665","D17","BIGC","BIGC.AOS.reaeration.station.04","BIGC_S4_20170627","2017-06-27T17:54Z",1952,"2017-06-27T22:25:10Z",52.70,53.80,25.82,52.97,51.89,52.92,51.83
"ca4d6324-8f26-4afc-9c51-2f98eeec27b4","d0a50b1c-a334-4d26-9089-0f8d05063665","D17","BIGC","BIGC.AOS.reaeration.station.04","BIGC_S4_20170627","2017-06-27T17:54Z",2604,"2017-06-28T00:13:50Z",48.10,49.70,25.13,49.58,47.98,49.57,47.97
"e4466b7f-0b73-4c37-8425-124e1ea0595a","d0a50b1c-a334-4d26-9089-0f8d05063665","D17","BIGC","BIGC.AOS.reaeration.station.04","BIGC_S4_20170627","2017-06-27T17:54Z",1162,"2017-06-27T20:13:30Z",90.00,88.20,17.09,103.90,106.02,104.63,106.76
"813d7b15-836c-497f-8a20-f155b297fe03","d0a50b1c-a334-4d26-9089-0f8d05063665","D17","BIGC","BIGC.AOS.reaeration.station.04","BIGC_S4_20170627","2017-06-27T17:54Z",2321,"2017-06-27T23:26:40Z",54.90,56.10,26.01,55.04,53.86,54.97,53.79
"49a2376d-8ff1-459c-a993-2158e1e60a4d","d0a50b1c-a334-4d26-9089-0f8d05063665","D17","BIGC","BIGC.AOS.reaeration.station.04","BIGC_S4_20170627","2017-06-27T17:54Z",1422,"2017-06-27T20:56:50Z",48.60,49.60,20.78,53.95,52.86,54.19,53.10
"0949a2df-e286-4d7b-ad71-0bd80d52ffad","d0a50b1c-a334-4d26-9089-0f8d05063665","D17","BIGC","BIGC.AOS.reaeration.station.04","BIGC_S4_20170627","2017-06-27T17:54Z",1348,"2017-06-27T20:44:30Z",46.30,47.10,18.28,54.04,53.12,54.38,53.46
"27070c95-8c0f-4f1c-a23d-347ad1a2f0b1","d0a50b1c-a334-4d26-9089-0f8d05063665","D17","BIGC","BIGC.AOS.reaeration.station.04","BIGC_S4_20170627","2017-06-27T17:54Z",2341,"2017-06-27T23:30:00Z",54.90,56.10,26.01,55.04,53.86,54.97,53.79
"f5ec2506-0f4d-41f5-9b82-c598298a8a38","d0a50b1c-a334-4d26-9089-0f8d05063665","D17","BIGC","BIGC.AOS.reaeration.station.04","BIGC_S4_20170627","2017-06-27T17:54Z",1292,"2017-06-27T20:35:10Z",91.10,89.60,17.52,104.53,106.28,105.25,107.01
"d4646422-9883-4062-952c-58cce608262f","d0a50b1c-a334-4d26-9089-0f8d05063665","D17","BIGC","BIGC.AOS.reaeration.station.04","BIGC_S4_20170627","2017-06-27T17:54Z",975,"2017-06-27T19:42:20Z",87.70,85.90,16.47,102.62,104.77,103.37,105.53
"be44b57a-a641-41bf-bb2b-ebc6279a370c","d0a50b1c-a334-4d26-9089-0f8d05063665","D17","BIGC","BIGC.AOS.reaeration.station.04","BIGC_S4_20170627","2017-06-27T17:54Z",2461,"2017-06-27T23:50:00Z",54.60,56.10,26.01,55.04,53.57,54.97,53.50
"d10e0b2c-5d34-4256-80fb-7879dc5f455d","d0a50b1c-a334-4d26-9089-0f8d05063665","D17","BIGC","BIGC.AOS.reaeration.station.04","BIGC_S4_20170627","2017-06-27T17:54Z",1421,"2017-06-27T20:56:40Z",48.50,49.20,20.75,53.55,52.78,53.79,53.02
"8500c557-05e5-4b79-80a7-4a9a40f7c459","d0a50b1c-a334-4d26-9089-0f8d05063665","D17","BIGC","BIGC.AOS.reaeration.station.04","BIGC_S4_20170627","2017-06-27T17:54Z",2180,"2017-06-27T23:03:10Z",54.50,55.70,26.01,54.65,53.47,54.58,53.40
"372f84b9-76d4-4d94-bae2-60f974912e2d","d0a50b1c-a334-4d26-9089-0f8d05063665","D17","BIGC","BIGC.AOS.reaeration.station.04","BIGC_S4_20170627","2017-06-27T17:54Z",2170,"2017-06-27T23:01:30Z",54.40,55.30,26.01,54.25,53.37,54.18,53.30
"2ba2b371-c442-4faf-a8e3-d07c03f77826","d0a50b1c-a334-4d26-9089-0f8d05063665","D17","BIGC","BIGC.AOS.reaeration.station.04","BIGC_S4_20170627","2017-06-27T17:54Z",2031,"2017-06-27T22:38:20Z",53.30,54.20,25.95,53.23,52.35,53.17,52.29
"2b6cc0e8-5bf1-4ee6-8b30-000fa8ad0661","d0a50b1c-a334-4d26-9089-0f8d05063665","D17","BIGC","BIGC.AOS.reaeration.station.04","BIGC_S4_20170627","2017-06-27T17:54Z",1217,"2017-06-27T20:22:40Z",90.70,88.90,17.27,104.30,106.41,105.02,107.15
"b60a3e47-8c98-425a-bd8f-3c226a6a355e","d0a50b1c-a334-4d26-9089-0f8d05063665","D17","BIGC","BIGC.AOS.reaeration.station.04","BIGC_S4_20170627","2017-06-27T17:54Z",1336,"2017-06-27T20:42:30Z",46.00,47.10,17.89,54.50,53.23,54.86,53.58
"c45744ca-d8e4-4e3b-a166-994197403874","d0a50b1c-a334-4d26-9089-0f8d05063665","D17","BIGC","BIGC.AOS.reaeration.station.04","BIGC_S4_20170627","2017-06-27T17:54Z",1006,"2017-06-27T19:47:30Z",87.30,85.50,16.57,101.91,104.05,102.65,104.81
"e254b2f8-5f4c-42ca-8b5c-a1bf09e45831","d0a50b1c-a334-4d26-9089-0f8d05063665","D17","BIGC","BIGC.AOS.reaeration.station.04","BIGC_S4_20170627","2017-06-27T17:54Z",929,"2017-06-27T19:34:40Z",87.40,85.60,16.33,102.59,104.75,103.34,105.51
"7fe5c74f-5f06-4366-b472-c4bffdfb5875","d0a50b1c-a334-4d26-9089-0f8d05063665","D17","BIGC","BIGC.AOS.reaeration.station.04","BIGC_S4_20170627","2017-06-27T17:54Z",2276,"2017-06-27T23:19:10Z",55.00,56.10,26.02,55.03,53.95,54.96,53.88
"ee7421a7-d8d7-4790-99a3-6cc2de367b6d","d0a50b1c-a334-4d26-9089-0f8d05063665","D17","BIGC","BIGC.AOS.reaeration.station.04","BIGC_S4_20170627","2017-06-27T17:54Z",1518,"2017-06-27T21:12:50Z",50.00,51.40,22.82,53.63,52.17,53.77,52.30
"7e094d67-4bd5-465f-813b-2cb08f9c52be","d0a50b1c-a334-4d26-9089-0f8d05063665","D17","BIGC","BIGC.AOS.reaeration.station.04","BIGC_S4_20170627","2017-06-27T17:54Z",1630,"2017-06-27T21:31:30Z",50.60,51.30,24.15,52.15,51.44,52.20,51.49
"d036fdef-b838-436c-a71f-d996b51248d9","d0a50b1c-a334-4d26-9089-0f8d05063665","D17","BIGC","BIGC.AOS.reaeration.station.04","BIGC_S4_20170627","2017-06-27T17:54Z",1247,"2017-06-27T20:27:40Z",90.90,88.90,17.38,104.04,106.38,104.76,107.12
"34897968-51bd-4dc8-80a4-283aca8b164a","d0a50b1c-a334-4d26-9089-0f8d05063665","D17","BIGC","BIGC.AOS.reaeration.station.04","BIGC_S4_20170627","2017-06-27T17:54Z",1294,"2017-06-27T20:35:30Z",91.30,89.30,17.52,104.18,106.52,104.89,107.24
"b1f20f84-2d0e-4d7f-9d8b-4460bc73c886","d0a50b1c-a334-4d26-9089-0f8d05063665","D17","BIGC","BIGC.AOS.reaeration.station.04","BIGC_S4_20170627","2017-06-27T17:54Z",160,"2017-06-27T17:26:30Z",78.70,76.60,14.02,96.93,99.58,97.67,100.35
"a7376c1f-8433-46a1-9c76-b265df7bef88","d0a50b1c-a334-4d26-9089-0f8d05063665","D17","BIGC","BIGC.AOS.reaeration.station.04","BIGC_S4_20170627","2017-06-27T17:54Z",1500,"2017-06-27T21:09:50Z",49.80,50.60,22.52,53.12,52.28,53.27,52.42
"3d334f61-e7d5-40e8-91d5-ac9322577c26","d0a50b1c-a334-4d26-9089-0f8d05063665","D17","BIGC","BIGC.AOS.reaeration.station.04","BIGC_S4_20170627","2017-06-27T17:54Z",387,"2017-06-27T18:04:20Z",79.40,77.00,14.37,96.62,99.63,97.36,100.39
"82f9b15a-fb28-4c23-bcba-d71bcf6eea0b","d0a50b1c-a334-4d26-9089-0f8d05063665","D17","BIGC","BIGC.AOS.reaeration.station.04","BIGC_S4_20170627","2017-06-27T17:54Z",2304,"2017-06-27T23:23:50Z",54.90,56.10,26.01,55.04,53.86,54.97,53.79
"f4f38721-d7af-48c5-97af-5095b306cb7d","d0a50b1c-a334-4d26-9089-0f8d05063665","D17","BIGC","BIGC.AOS.reaeration.station.04","BIGC_S4_20170627","2017-06-27T17:54Z",2160,"2017-06-27T22:59:50Z",54.30,55.30,26.01,54.25,53.27,54.18,53.21
"d8f3d33b-51fa-450f-b0f9-21485c18fe2c","d0a50b1c-a334-4d26-9089-0f8d05063665","D17","BIGC","BIGC.AOS.reaeration.station.04","BIGC_S4_20170627","2017-06-27T17:54Z",2597,"2017-06-28T00:12:40Z",49.60,51.20,25.30,50.91,49.32,50.89,49.30
"7c9aa353-9577-4eb1-b62b-42be558b8e29","d0a50b1c-a334-4d26-9089-0f8d05063665","D17","BIGC","BIGC.AOS.reaeration.station.04","BIGC_S4_20170627","2017-06-27T17:54Z",2127,"2017-06-27T22:54:20Z",54.20,55.30,26.00,54.26,53.18,54.20,53.12
"b3433212-b9d0-407f-905c-c673927befe4","d0a50b1c-a334-4d26-9089-0f8d05063665","D17","BIGC","BIGC.AOS.reaeration.station.04","BIGC_S4_20170627","2017-06-27T17:54Z",1817,"2017-06-27T22:02:40Z",51.40,52.40,25.35,52.05,51.06,52.03,51.04
"044beac1-39aa-4a0c-8342-1bd4eb28ca21","d0a50b1c-a334-4d26-9089-0f8d05063665","D17","BIGC","BIGC.AOS.reaeration.station.04","BIGC_S4_20170627","2017-06-27T17:54Z",1515,"2017-06-27T21:12:20Z",49.90,50.60,22.77,52.85,52.12,52.99,52.25
"c8f95257-265b-4682-a39a-f4b2b7dc2f77","d0a50b1c-a334-4d26-9089-0f8d05063665","D17","BIGC","BIGC.AOS.reaeration.station.04","BIGC_S4_20170627","2017-06-27T17:54Z",1176,"2017-06-27T20:15:50Z",90.30,88.50,17.14,104.13,106.25,104.86,106.99
"47f49506-9f8b-4b01-893a-01ff170f2994","d0a50b1c-a334-4d26-9089-0f8d05063665","D17","BIGC","BIGC.AOS.reaeration.station.04","BIGC_S4_20170627","2017-06-27T17:54Z",327,"2017-06-27T17:54:20Z",79.30,77.00,14.28,96.83,99.72,97.57,100.48
"37e4bc07-cb00-4a0e-94d4-4d8981a57121","d0a50b1c-a334-4d26-9089-0f8d05063665","D17","BIGC","BIGC.AOS.reaeration.station.04","BIGC_S4_20170627","2017-06-27T17:54Z",2517,"2017-06-27T23:59:20Z",54.10,55.70,26.02,54.64,53.07,54.57,53.00
"8df758d2-c852-43be-97c7-5cd7b43be9da","d0a50b1c-a334-4d26-9089-0f8d05063665","D17","BIGC","BIGC.AOS.reaeration.station.04","BIGC_S4_20170627","2017-06-27T17:54Z",2340,"2017-06-27T23:29:50Z",54.90,56.10,26.01,55.04,53.86,54.97,53.79
"a4831df0-fff9-4ff6-a32d-2777d77dc1dd","d0a50b1c-a334-4d26-9089-0f8d05063665","D17","BIGC","BIGC.AOS.reaeration.station.04","BIGC_S4_20170627","2017-06-27T17:54Z",1504,"2017-06-27T21:10:30Z",49.80,50.60,22.59,53.04,52.20,53.19,52.35
"fcb3158a-ca35-41f0-a770-d70f4aa5cdd1","d0a50b1c-a334-4d26-9089-0f8d05063665","D17","BIGC","BIGC.AOS.reaeration.station.04","BIGC_S4_20170627","2017-06-27T17:54Z",937,"2017-06-27T19:36:00Z",87.40,85.60,16.35,102.54,104.70,103.29,105.46
"1289e51b-3528-4e9f-a593-5833be5a90ea","d0a50b1c-a334-4d26-9089-0f8d05063665","D17","BIGC","BIGC.AOS.reaeration.station.04","BIGC_S4_20170627","2017-06-27T17:54Z",1350,"2017-06-27T20:44:50Z",46.30,47.10,18.31,54.00,53.08,54.34,53.42
"12e88a2e-308c-42c6-a432-a62cefb3d10c","d0a50b1c-a334-4d26-9089-0f8d05063665","D17","BIGC","BIGC.AOS.reaeration.station.04","BIGC_S4_20170627","2017-06-27T17:54Z",1525,"2017-06-27T21:14:00Z",50.00,51.00,22.92,53.11,52.07,53.24,52.19
"443ff528-3409-4309-a44c-f43b7dc9250e","d0a50b1c-a334-4d26-9089-0f8d05063665","D17","BIGC","BIGC.AOS.reaeration.station.04","BIGC_S4_20170627","2017-06-27T17:54Z",1010,"2017-06-27T19:48:10Z",87.30,85.20,16.59,101.50,104.01,102.24,104.76
"6f09bba3-696d-454d-9f68-4e7f18cac096","d0a50b1c-a334-4d26-9089-0f8d05063665","D17","BIGC","BIGC.AOS.reaeration.station.04","BIGC_S4_20170627","2017-06-27T17:54Z",1305,"2017-06-27T20:37:20Z",91.40,90.00,17.56,104.91,106.54,105.62,107.26
"295527c7-ce0f-4001-a6c3-be417a476978","d0a50b1c-a334-4d26-9089-0f8d05063665","D17","BIGC","BIGC.AOS.reaeration.station.04","BIGC_S4_20170627","2017-06-27T17:54Z",1605,"2017-06-27T21:27:20Z",50.40,51.30,23.89,52.41,51.49,52.48,51.56
"f6c6e3dc-663f-43c6-bcca-ddd1ca2bd689","d0a50b1c-a334-4d26-9089-0f8d05063665","D17","BIGC","BIGC.AOS.reaeration.station.04","BIGC_S4_20170627","2017-06-27T17:54Z",2442,"2017-06-27T23:46:50Z",54.60,56.10,26.02,55.03,53.56,54.96,53.49
"8b002fba-d153-4db9-8cd0-e5b961dc080d","d0a50b1c-a334-4d26-9089-0f8d05063665","D17","BIGC","BIGC.AOS.reaeration.station.04","BIGC_S4_20170627","2017-06-27T17:54Z",2295,"2017-06-27T23:22:20Z",55.00,56.10,26.01,55.04,53.96,54.97,53.89
"e85d02f3-014d-4214-ab0d-169f98cd164f","d0a50b1c-a334-4d26-9089-0f8d05063665","D17","BIGC","BIGC.AOS.reaeration.station.04","BIGC_S4_20170627","2017-06-27T17:54Z",1923,"2017-06-27T22:20:20Z",52.40,53.50,25.75,52.74,51.66,52.70,51.61
"779b052b-c0bc-4c2b-a381-50fcc2dc5c8c","d0a50b1c-a334-4d26-9089-0f8d05063665","D17","BIGC","BIGC.AOS.reaeration.station.04","BIGC_S4_20170627","2017-06-27T17:54Z",2221,"2017-06-27T23:10:00Z",54.80,56.10,26.02,55.03,53.75,54.96,53.68
"c0475db5-79e1-46ec-93f3-97ed78a9f5cc","d0a50b1c-a334-4d26-9089-0f8d05063665","D17","BIGC","BIGC.AOS.reaeration.station.04","BIGC_S4_20170627","2017-06-27T17:54Z",1127,"2017-06-27T20:07:40Z",88.90,87.00,16.97,102.76,105.00,103.49,105.75
"d3e4e362-cbf4-4eff-93ef-522f31339fb0","d0a50b1c-a334-4d26-9089-0f8d05063665","D17","BIGC","BIGC.AOS.reaeration.station.04","BIGC_S4_20170627","2017-06-27T17:54Z",2432,"2017-06-27T23:45:10Z",54.70,56.10,26.02,55.03,53.65,54.96,53.59
"c9971647-363e-491a-8a20-b6a546c4db46","d0a50b1c-a334-4d26-9089-0f8d05063665","D17","BIGC","BIGC.AOS.reaeration.station.04","BIGC_S4_20170627","2017-06-27T17:54Z",694,"2017-06-27T18:55:30Z",81.30,79.20,15.35,97.10,99.67,97.83,100.43
"e6aa2d76-ec81-4fb8-8ab1-8e8ad789037e","d0a50b1c-a334-4d26-9089-0f8d05063665","D17","BIGC","BIGC.AOS.reaeration.station.04","BIGC_S4_20170627","2017-06-27T17:54Z",2390,"2017-06-27T23:38:10Z",54.80,56.10,26.01,55.04,53.76,54.97,53.69
"b214123f-06d9-41ef-8f01-f2c76c8f6ea5","d0a50b1c-a334-4d26-9089-0f8d05063665","D17","BIGC","BIGC.AOS.reaeration.station.04","BIGC_S4_20170627","2017-06-27T17:54Z",2589,"2017-06-28T00:11:20Z",51.50,52.70,25.55,52.15,50.96,52.12,50.93
"c254ac10-8b64-49a1-9604-e15e6491b1b4","d0a50b1c-a334-4d26-9089-0f8d05063665","D17","BIGC","BIGC.AOS.reaeration.station.04","BIGC_S4_20170627","2017-06-27T17:54Z",1633,"2017-06-27T21:32:00Z",50.60,51.30,24.17,52.13,51.42,52.18,51.47
"0330da5d-9f5e-41ac-a029-bc0f05e37f6e","d0a50b1c-a334-4d26-9089-0f8d05063665","D17","BIGC","BIGC.AOS.reaeration.station.04","BIGC_S4_20170627","2017-06-27T17:54Z",2467,"2017-06-27T23:51:00Z",54.60,56.10,26.02,55.03,53.56,54.96,53.49
"7064c5f5-8d9b-4188-a143-022bbca1184f","d0a50b1c-a334-4d26-9089-0f8d05063665","D17","BIGC","BIGC.AOS.reaeration.station.04","BIGC_S4_20170627","2017-06-27T17:54Z",335,"2017-06-27T17:55:40Z",79.30,76.60,14.29,96.30,99.69,97.04,100.46
"3717882a-5ed3-412d-9df5-644542dd5af5","d0a50b1c-a334-4d26-9089-0f8d05063665","D17","BIGC","BIGC.AOS.reaeration.station.04","BIGC_S4_20170627","2017-06-27T17:54Z",1311,"2017-06-27T20:38:20Z",91.20,90.00,17.57,104.88,106.28,105.60,107.00
"bee61a7e-26c4-44da-8424-95fed90c0fd6","d0a50b1c-a334-4d26-9089-0f8d05063665","D17","BIGC","BIGC.AOS.reaeration.station.04","BIGC_S4_20170627","2017-06-27T17:54Z",614,"2017-06-27T18:42:10Z",80.70,78.40,15.03,96.84,99.68,97.58,100.44
"942894b5-865e-4df9-86c5-57a47e698c5d","d0a50b1c-a334-4d26-9089-0f8d05063665","D17","BIGC","BIGC.AOS.reaeration.station.04","BIGC_S4_20170627","2017-06-27T17:54Z",2612,"2017-06-28T00:15:10Z",45.90,47.10,24.87,47.22,46.01,47.22,46.02
"35cce008-a77e-4996-a0cc-e33329bd7357","d0a50b1c-a334-4d26-9089-0f8d05063665","D17","BIGC","BIGC.AOS.reaeration.station.04","BIGC_S4_20170627","2017-06-27T17:54Z",2029,"2017-06-27T22:38:00Z",53.20,54.60,25.94,53.64,52.26,53.57,52.20
"edc91e31-be6a-4911-a28b-b11d1dfcd9c4","d0a50b1c-a334-4d26-9089-0f8d05063665","D17","BIGC","BIGC.AOS.reaeration.station.04","BIGC_S4_20170627","2017-06-27T17:54Z",631,"2017-06-27T18:45:00Z",80.90,78.40,15.10,96.68,99.76,97.42,100.52
"836f5436-4227-4510-8199-1b4e7caf6746","d0a50b1c-a334-4d26-9089-0f8d05063665","D17","BIGC","BIGC.AOS.reaeration.station.04","BIGC_S4_20170627","2017-06-27T17:54Z",1562,"2017-06-27T21:20:10Z",50.30,51.30,23.41,52.91,51.88,53.00,51.97
"0999c368-fbb2-49f0-8959-dbcaa353931d","d0a50b1c-a334-4d26-9089-0f8d05063665","D17","BIGC","BIGC.AOS.reaeration.station.04","BIGC_S4_20170627","2017-06-27T17:54Z",2041,"2017-06-27T22:40:00Z",53.50,54.60,25.96,53.62,52.54,53.55,52.47
"c790778a-0587-411c-952e-3c9c7ec432cb","d0a50b1c-a334-4d26-9089-0f8d05063665","D17","BIGC","BIGC.AOS.reaeration.station.04","BIGC_S4_20170627","2017-06-27T17:54Z",1184,"2017-06-27T20:17:10Z",90.40,88.50,17.16,104.09,106.32,104.81,107.06
"4e58975f-e99e-4c4a-8086-7cb1282fccd7","d0a50b1c-a334-4d26-9089-0f8d05063665","D17","BIGC","BIGC.AOS.reaeration.station.04","BIGC_S4_20170627","2017-06-27T17:54Z",1080,"2017-06-27T19:59:50Z",85.80,83.60,16.81,99.10,101.71,99.81,102.44
"3502f50e-63c7-4103-bbcc-6da3f8feeafc","d0a50b1c-a334-4d26-9089-0f8d05063665","D17","BIGC","BIGC.AOS.reaeration.station.04","BIGC_S4_20170627","2017-06-27T17:54Z",486,"2017-06-27T18:20:50Z",79.90,77.70,14.60,96.96,99.71,97.70,100.47
"544069c9-96bf-4ba3-9674-5a74e0a023e9","d0a50b1c-a334-4d26-9089-0f8d05063665","D17","BIGC","BIGC.AOS.reaeration.station.04","BIGC_S4_20170627","2017-06-27T17:54Z",2320,"2017-06-27T23:26:30Z",54.80,56.10,26.01,55.04,53.76,54.97,53.69
"0eaa3e7b-5ba1-4e01-bc51-502499f367eb","d0a50b1c-a334-4d26-9089-0f8d05063665","D17","BIGC","BIGC.AOS.reaeration.station.04","BIGC_S4_20170627","2017-06-27T17:54Z",2245,"2017-06-27T23:14:00Z",54.80,56.10,26.02,55.03,53.75,54.96,53.68
"704df05b-2483-4810-ad8f-12a8ff90a49e","d0a50b1c-a334-4d26-9089-0f8d05063665","D17","BIGC","BIGC.AOS.reaeration.station.04","BIGC_S4_20170627","2017-06-27T17:54Z",1133,"2017-06-27T20:08:40Z",89.10,87.00,17.00,102.69,105.17,103.42,105.91
"f1be399f-b7a3-4eac-9e5f-2ea32ca5d372","d0a50b1c-a334-4d26-9089-0f8d05063665","D17","BIGC","BIGC.AOS.reaeration.station.04","BIGC_S4_20170627","2017-06-27T17:54Z",781,"2017-06-27T19:10:00Z",86.20,83.70,15.75,101.66,104.70,102.42,105.48
"4cd7bfd8-6cb4-4a11-b430-ca0b2d93fc94","d0a50b1c-a334-4d26-9089-0f8d05063665","D17","BIGC","BIGC.AOS.reaeration.station.04","BIGC_S4_20170627","2017-06-27T17:54Z",2577,"2017-06-28T00:09:20Z",53.20,54.60,26.03,53.55,52.17,53.48,52.11
"d44fb3ab-38e9-4724-a43a-c0a204357bcf","d0a50b1c-a334-4d26-9089-0f8d05063665","D17","BIGC","BIGC.AOS.reaeration.station.04","BIGC_S4_20170627","2017-06-27T17:54Z",1673,"2017-06-27T21:38:40Z",50.80,51.30,24.51,51.78,51.28,51.82,51.31
"711c44b2-0e2c-4bbc-b456-cc90adfbc756","d0a50b1c-a334-4d26-9089-0f8d05063665","D17","BIGC","BIGC.AOS.reaeration.station.04","BIGC_S4_20170627","2017-06-27T17:54Z",420,"2017-06-27T18:09:50Z",79.60,77.30,14.45,96.81,99.69,97.55,100.45
"6f961b71-4382-4563-93c7-0acbf2e0948f","d0a50b1c-a334-4d26-9089-0f8d05063665","D17","BIGC","BIGC.AOS.reaeration.station.04","BIGC_S4_20170627","2017-06-27T17:54Z",1075,"2017-06-27T19:59:00Z",85.80,83.60,16.79,99.15,101.76,99.86,102.48
"8374b854-49d0-422a-8fcb-0a7c30f9071f","d0a50b1c-a334-4d26-9089-0f8d05063665","D17","BIGC","BIGC.AOS.reaeration.station.04","BIGC_S4_20170627","2017-06-27T17:54Z",1352,"2017-06-27T20:45:10Z",46.30,47.10,18.38,53.92,53.00,54.26,53.34
"62da4cce-5f39-4729-909c-e1a9ef4fe477","d0a50b1c-a334-4d26-9089-0f8d05063665","D17","BIGC","BIGC.AOS.reaeration.station.04","BIGC_S4_20170627","2017-06-27T17:54Z",234,"2017-06-27T17:38:50Z",79.00,76.60,14.12,96.69,99.72,97.44,100.49
"a6601d6c-f633-4d5e-bdc1-d91d9ceaecdb","d0a50b1c-a334-4d26-9089-0f8d05063665","D17","BIGC","BIGC.AOS.reaeration.station.04","BIGC_S4_20170627","2017-06-27T17:54Z",800,"2017-06-27T19:13:10Z",86.40,84.10,15.82,101.98,104.77,102.74,105.55
"d0e126a5-ed80-40ca-ac74-32a8c58913b4","d0a50b1c-a334-4d26-9089-0f8d05063665","D17","BIGC","BIGC.AOS.reaeration.station.04","BIGC_S4_20170627","2017-06-27T17:54Z",1653,"2017-06-27T21:35:20Z",50.70,51.30,24.35,51.94,51.34,51.99,51.38
"5b1f635f-bc35-4042-b1d4-994777e9b804","d0a50b1c-a334-4d26-9089-0f8d05063665","D17","BIGC","BIGC.AOS.reaeration.station.04","BIGC_S4_20170627","2017-06-27T17:54Z",1770,"2017-06-27T21:54:50Z",51.20,52.00,25.10,51.90,51.10,51.89,51.10
"73ecc47e-bc2c-4462-90ec-17cfe0cf73c9","d0a50b1c-a334-4d26-9089-0f8d05063665","D17","BIGC","BIGC.AOS.reaeration.station.04","BIGC_S4_20170627","2017-06-27T17:54Z",990,"2017-06-27T19:44:50Z",87.70,85.90,16.52,102.50,104.65,103.25,105.41
"6ae15210-7d10-4b6d-823a-3f9110f99252","d0a50b1c-a334-4d26-9089-0f8d05063665","D17","BIGC","BIGC.AOS.reaeration.station.04","BIGC_S4_20170627","2017-06-27T17:54Z",46,"2017-06-27T17:07:30Z",78.50,76.20,13.87,96.77,99.69,97.51,100.46
"9b85627c-71ff-495d-a181-ac0c25c3919d","d0a50b1c-a334-4d26-9089-0f8d05063665","D17","BIGC","BIGC.AOS.reaeration.station.04","BIGC_S4_20170627","2017-06-27T17:54Z",454,"2017-06-27T18:15:30Z",79.70,77.30,14.52,96.65,99.65,97.39,100.41
"6249d14d-eb1f-43b0-8b89-a27d84fc44d5","d0a50b1c-a334-4d26-9089-0f8d05063665","D17","BIGC","BIGC.AOS.reaeration.station.04","BIGC_S4_20170627","2017-06-27T17:54Z",1011,"2017-06-27T19:48:20Z",87.20,85.20,16.58,101.53,103.91,102.26,104.66
"c9f1211f-d0aa-46cf-ad1f-47520e4395fb","d0a50b1c-a334-4d26-9089-0f8d05063665","D17","BIGC","BIGC.AOS.reaeration.station.04","BIGC_S4_20170627","2017-06-27T17:54Z",888,"2017-06-27T19:27:50Z",87.20,85.20,16.19,102.44,104.84,103.19,105.61
"31f3f313-5740-47e3-b0ba-72959dc17bb1","d0a50b1c-a334-4d26-9089-0f8d05063665","D17","BIGC","BIGC.AOS.reaeration.station.04","BIGC_S4_20170627","2017-06-27T17:54Z",279,"2017-06-27T17:46:20Z",79.10,77.00,14.18,97.06,99.71,97.80,100.47
"9e52a886-e16a-47c0-b1f5-be1e515f333c","d0a50b1c-a334-4d26-9089-0f8d05063665","D17","BIGC","BIGC.AOS.reaeration.station.04","BIGC_S4_20170627","2017-06-27T17:54Z",1097,"2017-06-27T20:02:40Z",86.70,84.40,16.87,99.92,102.64,100.63,103.37
"ad8c240c-ef7d-4318-b85a-8cd3fa270c78","d0a50b1c-a334-4d26-9089-0f8d05063665","D17","BIGC","BIGC.AOS.reaeration.station.04","BIGC_S4_20170627","2017-06-27T17:54Z",309,"2017-06-27T17:51:20Z",79.20,77.00,14.23,96.94,99.71,97.69,100.48
"b37c82c5-73f9-4d7e-83c7-05bfbea9fcf5","d0a50b1c-a334-4d26-9089-0f8d05063665","D17","BIGC","BIGC.AOS.reaeration.station.04","BIGC_S4_20170627","2017-06-27T17:54Z",1751,"2017-06-27T21:51:40Z",51.20,51.60,25.00,51.60,51.20,51.60,51.20
"8a266d83-f1b7-4163-b7eb-db3e2e3651e6","d0a50b1c-a334-4d26-9089-0f8d05063665","D17","BIGC","BIGC.AOS.reaeration.station.04","BIGC_S4_20170627","2017-06-27T17:54Z",2608,"2017-06-28T00:14:30Z",47.10,48.20,24.99,48.21,47.11,48.21,47.11
"477c6fee-1cee-471f-9e34-8db45fa2b75c","d0a50b1c-a334-4d26-9089-0f8d05063665","D17","BIGC","BIGC.AOS.reaeration.station.04","BIGC_S4_20170627","2017-06-27T17:54Z",685,"2017-06-27T18:54:00Z",81.30,78.80,15.30,96.72,99.79,97.45,100.54
"88a1c48d-ffc2-4df3-8448-5b583658a3b7","d0a50b1c-a334-4d26-9089-0f8d05063665","D17","BIGC","BIGC.AOS.reaeration.station.04","BIGC_S4_20170627","2017-06-27T17:54Z",1099,"2017-06-27T20:03:00Z",86.80,85.10,16.87,100.74,102.76,101.46,103.49
"7d2c62f2-34ac-42f3-861b-4a61d56d6490","d0a50b1c-a334-4d26-9089-0f8d05063665","D17","BIGC","BIGC.AOS.reaeration.station.04","BIGC_S4_20170627","2017-06-27T17:54Z",265,"2017-06-27T17:44:00Z",79.00,76.60,14.18,96.55,99.58,97.30,100.34
"02d00356-1e41-4108-8094-d3a5f7f0b660","d0a50b1c-a334-4d26-9089-0f8d05063665","D17","BIGC","BIGC.AOS.reaeration.station.04","BIGC_S4_20170627","2017-06-27T17:54Z",1265,"2017-06-27T20:30:40Z",91.00,89.30,17.44,104.37,106.36,105.09,107.09
"13471eb9-0240-4dba-b82f-fd450ca931d1","d0a50b1c-a334-4d26-9089-0f8d05063665","D17","BIGC","BIGC.AOS.reaeration.station.04","BIGC_S4_20170627","2017-06-27T17:54Z",224,"2017-06-27T17:37:10Z",79.00,76.60,14.11,96.72,99.75,97.46,100.51
"41b700cd-bc11-49b7-9373-f288ef0f0855","d0a50b1c-a334-4d26-9089-0f8d05063665","D17","BIGC","BIGC.AOS.reaeration.station.04","BIGC_S4_20170627","2017-06-27T17:54Z",731,"2017-06-27T19:01:40Z",83.90,81.80,15.52,99.89,102.45,100.64,103.22
"f34bd61d-e371-4b2e-9e43-2d91c4877b5b","d0a50b1c-a334-4d26-9089-0f8d05063665","D17","BIGC","BIGC.AOS.reaeration.station.04","BIGC_S4_20170627","2017-06-27T17:54Z",723,"2017-06-27T19:00:20Z",83.00,81.10,15.47,99.15,101.47,99.90,102.24
"55d2ab17-e531-48c8-b815-a5a83a4a528e","d0a50b1c-a334-4d26-9089-0f8d05063665","D17","BIGC","BIGC.AOS.reaeration.station.04","BIGC_S4_20170627","2017-06-27T17:54Z",868,"2017-06-27T19:24:30Z",87.00,85.20,16.12,102.60,104.77,103.36,105.54
"202631ee-975d-45d0-bc65-48bc487d3a7e","d0a50b1c-a334-4d26-9089-0f8d05063665","D17","BIGC","BIGC.AOS.reaeration.station.04","BIGC_S4_20170627","2017-06-27T17:54Z",534,"2017-06-27T18:28:50Z",80.10,78.10,14.74,97.14,99.62,97.88,100.39
"7ccdf92f-78bd-4048-b33a-50648ed37125","d0a50b1c-a334-4d26-9089-0f8d05063665","D17","BIGC","BIGC.AOS.reaeration.station.04","BIGC_S4_20170627","2017-06-27T17:54Z",803,"2017-06-27T19:13:40Z",86.40,84.50,15.84,102.42,104.72,103.18,105.50
"bb4f1bf4-ff4b-433b-bbaa-ddfa5d529e7f","d0a50b1c-a334-4d26-9089-0f8d05063665","D17","BIGC","BIGC.AOS.reaeration.station.04","BIGC_S4_20170627","2017-06-27T17:54Z",1446,"2017-06-27T21:00:50Z",49.00,49.50,21.41,53.14,52.61,53.35,52.81
"ed20b269-e56b-455c-b513-f7890a51f678","d0a50b1c-a334-4d26-9089-0f8d05063665","D17","BIGC","BIGC.AOS.reaeration.station.04","BIGC_S4_20170627","2017-06-27T17:54Z",935,"2017-06-27T19:35:40Z",87.40,85.60,16.35,102.54,104.70,103.29,105.46
"8764d231-cebb-4664-b813-2fcbe846d695","d0a50b1c-a334-4d26-9089-0f8d05063665","D17","BIGC","BIGC.AOS.reaeration.station.04","BIGC_S4_20170627","2017-06-27T17:54Z",2362,"2017-06-27T23:33:30Z",54.80,56.10,26.01,55.04,53.76,54.97,53.69
"cf01c313-8982-4fe7-934f-a594ace0d548","d0a50b1c-a334-4d26-9089-0f8d05063665","D17","BIGC","BIGC.AOS.reaeration.station.04","BIGC_S4_20170627","2017-06-27T17:54Z",1550,"2017-06-27T21:18:10Z",50.20,51.30,23.27,53.05,51.92,53.16,52.02
"fc8ae2bd-b532-4fdd-821b-cedae7b23ff3","d0a50b1c-a334-4d26-9089-0f8d05063665","D17","BIGC","BIGC.AOS.reaeration.station.04","BIGC_S4_20170627","2017-06-27T17:54Z",1112,"2017-06-27T20:05:10Z",88.00,85.90,16.91,101.60,104.08,102.32,104.82
"9b899631-0353-44ef-8604-ca7762b5099c","d0a50b1c-a334-4d26-9089-0f8d05063665","D17","BIGC","BIGC.AOS.reaeration.station.04","BIGC_S4_20170627","2017-06-27T17:54Z",686,"2017-06-27T18:54:10Z",81.30,78.80,15.32,96.67,99.74,97.41,100.50
"5d4f51f9-8ddd-4876-ac89-29ef73200627","d0a50b1c-a334-4d26-9089-0f8d05063665","D17","BIGC","BIGC.AOS.reaeration.station.04","BIGC_S4_20170627","2017-06-27T17:54Z",1384,"2017-06-27T20:50:30Z",47.50,48.10,19.48,53.77,53.10,54.07,53.39
"73548533-6960-40af-931e-f2e8e2d237aa","d0a50b1c-a334-4d26-9089-0f8d05063665","D17","BIGC","BIGC.AOS.reaeration.station.04","BIGC_S4_20170627","2017-06-27T17:54Z",2416,"2017-06-27T23:42:30Z",54.70,56.10,26.01,55.04,53.66,54.97,53.60
"f76955e4-852c-44d5-9bbf-65ac7cfd152b","d0a50b1c-a334-4d26-9089-0f8d05063665","D17","BIGC","BIGC.AOS.reaeration.station.04","BIGC_S4_20170627","2017-06-27T17:54Z",1988,"2017-06-27T22:31:10Z",53.10,53.80,25.89,52.90,52.21,52.84,52.15
"14f78df3-1416-498a-ac4d-af5a75fbe9e7","d0a50b1c-a334-4d26-9089-0f8d05063665","D17","BIGC","BIGC.AOS.reaeration.station.04","BIGC_S4_20170627","2017-06-27T17:54Z",564,"2017-06-27T18:33:50Z",80.30,78.10,14.84,96.90,99.63,97.65,100.40
"c08c0c1a-7036-4953-a145-91f2997536e7","d0a50b1c-a334-4d26-9089-0f8d05063665","D17","BIGC","BIGC.AOS.reaeration.station.04","BIGC_S4_20170627","2017-06-27T17:54Z",1747,"2017-06-27T21:51:00Z",51.10,52.00,24.97,52.03,51.13,52.03,51.13
"72861ed0-727f-401d-8955-132f424a8dbc","d0a50b1c-a334-4d26-9089-0f8d05063665","D17","BIGC","BIGC.AOS.reaeration.station.04","BIGC_S4_20170627","2017-06-27T17:54Z",2246,"2017-06-27T23:14:10Z",54.80,56.10,26.02,55.03,53.75,54.96,53.68
"b4ed845b-d7db-4e47-b339-5e91623d22f4","d0a50b1c-a334-4d26-9089-0f8d05063665","D17","BIGC","BIGC.AOS.reaeration.station.04","BIGC_S4_20170627","2017-06-27T17:54Z",2037,"2017-06-27T22:39:20Z",53.50,54.60,25.95,53.63,52.55,53.56,52.48
"ad1be645-b103-49f0-92df-addf28359283","d0a50b1c-a334-4d26-9089-0f8d05063665","D17","BIGC","BIGC.AOS.reaeration.station.04","BIGC_S4_20170627","2017-06-27T17:54Z",23,"2017-06-27T17:03:40Z",78.40,76.20,13.87,96.77,99.57,97.51,100.33
"78546565-e9e3-4641-88b6-e3423830ec6d","d0a50b1c-a334-4d26-9089-0f8d05063665","D17","BIGC","BIGC.AOS.reaeration.station.04","BIGC_S4_20170627","2017-06-27T17:54Z",1145,"2017-06-27T20:10:40Z",89.60,87.80,17.02,103.59,105.71,104.32,106.46
"0479fe94-8ffd-44db-b55d-7da9d0efee82","d0a50b1c-a334-4d26-9089-0f8d05063665","D17","BIGC","BIGC.AOS.reaeration.station.04","BIGC_S4_20170627","2017-06-27T17:54Z",653,"2017-06-27T18:48:40Z",81.10,78.80,15.16,97.04,99.87,97.78,100.63
"ebd42c50-b16e-416e-989b-2eda1aa66b6d","d0a50b1c-a334-4d26-9089-0f8d05063665","D17","BIGC","BIGC.AOS.reaeration.station.04","BIGC_S4_20170627","2017-06-27T17:54Z",759,"2017-06-27T19:06:20Z",85.60,83.30,15.65,101.41,104.21,102.17,104.99
"e5a74bb0-0cc3-4897-b61d-de6fdcb7f89b","d0a50b1c-a334-4d26-9089-0f8d05063665","D17","BIGC","BIGC.AOS.reaeration.station.04","BIGC_S4_20170627","2017-06-27T17:54Z",1396,"2017-06-27T20:52:30Z",47.90,48.90,19.93,54.14,53.04,54.43,53.31
"98288d0d-208e-4705-812a-55f0af61fd29","d0a50b1c-a334-4d26-9089-0f8d05063665","D17","BIGC","BIGC.AOS.reaeration.station.04","BIGC_S4_20170627","2017-06-27T17:54Z",354,"2017-06-27T17:58:50Z",79.40,77.00,14.31,96.76,99.77,97.50,100.54
"eb22b147-4d7c-4ecf-98b9-d425655960db","d0a50b1c-a334-4d26-9089-0f8d05063665","D17","BIGC","BIGC.AOS.reaeration.station.04","BIGC_S4_20170627","2017-06-27T17:54Z",1672,"2017-06-27T21:38:30Z",50.80,51.30,24.50,51.79,51.29,51.83,51.32
"9aae2db0-b83d-4681-8133-6b46d57a1dd4","d0a50b1c-a334-4d26-9089-0f8d05063665","D17","BIGC","BIGC.AOS.reaeration.station.04","BIGC_S4_20170627","2017-06-27T17:54Z",2355,"2017-06-27T23:32:20Z",54.80,56.10,26.01,55.04,53.76,54.97,53.69
"aa9d5d37-9b4b-4074-a310-cba7bc740abf","d0a50b1c-a334-4d26-9089-0f8d05063665","D17","BIGC","BIGC.AOS.reaeration.station.04","BIGC_S4_20170627","2017-06-27T17:54Z",2504,"2017-06-27T23:57:10Z",54.30,56.10,26.02,55.03,53.26,54.96,53.19
"cf9ac59c-9bc8-45d9-8288-6391e7523e2b","d0a50b1c-a334-4d26-9089-0f8d05063665","D17","BIGC","BIGC.AOS.reaeration.station.04","BIGC_S4_20170627","2017-06-27T17:54Z",1619,"2017-06-27T21:29:40Z",50.50,51.30,24.04,52.26,51.44,52.32,51.50
"ded97a46-7c96-479b-8d00-c697bd65f5a1","d0a50b1c-a334-4d26-9089-0f8d05063665","D17","BIGC","BIGC.AOS.reaeration.station.04","BIGC_S4_20170627","2017-06-27T17:54Z",1663,"2017-06-27T21:37:00Z",50.80,51.30,24.42,51.87,51.37,51.91,51.40
"1c9d611a-579c-4fae-a4bc-a2e0cc932f1a","d0a50b1c-a334-4d26-9089-0f8d05063665","D17","BIGC","BIGC.AOS.reaeration.station.04","BIGC_S4_20170627","2017-06-27T17:54Z",2323,"2017-06-27T23:27:00Z",54.80,56.10,26.01,55.04,53.76,54.97,53.69
"1ba03c7f-07cb-40f9-83c7-ea0c00e242f4","d0a50b1c-a334-4d26-9089-0f8d05063665","D17","BIGC","BIGC.AOS.reaeration.station.04","BIGC_S4_20170627","2017-06-27T17:54Z",2130,"2017-06-27T22:54:50Z",54.20,55.30,26.00,54.26,53.18,54.20,53.12
"8156f1a0-cb35-4797-856d-8b6db52ec211","d0a50b1c-a334-4d26-9089-0f8d05063665","D17","BIGC","BIGC.AOS.reaeration.station.04","BIGC_S4_20170627","2017-06-27T17:54Z",584,"2017-06-27T18:37:10Z",80.40,78.10,14.90,96.77,99.62,97.51,100.38
"0e385ca0-19b7-4f64-b9dc-ac6640661f54","d0a50b1c-a334-4d26-9089-0f8d05063665","D17","BIGC","BIGC.AOS.reaeration.station.04","BIGC_S4_20170627","2017-06-27T17:54Z",877,"2017-06-27T19:26:00Z",87.10,85.20,16.15,102.53,104.82,103.29,105.59
"80691ca3-229c-4b87-83c6-91c27f411147","d0a50b1c-a334-4d26-9089-0f8d05063665","D17","BIGC","BIGC.AOS.reaeration.station.04","BIGC_S4_20170627","2017-06-27T17:54Z",142,"2017-06-27T17:23:30Z",78.70,76.60,14.00,96.97,99.63,97.72,100.40
"02fc24e2-5147-4be6-bd02-a0bebec6422a","d0a50b1c-a334-4d26-9089-0f8d05063665","D17","BIGC","BIGC.AOS.reaeration.station.04","BIGC_S4_20170627","2017-06-27T17:54Z",1433,"2017-06-27T20:58:40Z",48.80,49.90,21.09,53.93,52.74,54.15,52.96
"f184c448-0009-4a79-94dc-afd081a43eda","d0a50b1c-a334-4d26-9089-0f8d05063665","D17","BIGC","BIGC.AOS.reaeration.station.04","BIGC_S4_20170627","2017-06-27T17:54Z",353,"2017-06-27T17:58:40Z",79.30,77.00,14.31,96.76,99.65,97.50,100.41
"4f94e04c-f1fe-4e07-b715-1d3770da1c08","d0a50b1c-a334-4d26-9089-0f8d05063665","D17","BIGC","BIGC.AOS.reaeration.station.04","BIGC_S4_20170627","2017-06-27T17:54Z",1103,"2017-06-27T20:03:40Z",87.20,85.10,16.88,100.72,103.21,101.44,103.94
"7ec8f9e7-5c8c-4fb6-96a7-5b037baa18c7","d0a50b1c-a334-4d26-9089-0f8d05063665","D17","BIGC","BIGC.AOS.reaeration.station.04","BIGC_S4_20170627","2017-06-27T17:54Z",956,"2017-06-27T19:39:10Z",87.60,85.60,16.41,102.40,104.79,103.15,105.56
"d7115469-8c42-4c8c-aa11-64b73f31883a","d0a50b1c-a334-4d26-9089-0f8d05063665","D17","BIGC","BIGC.AOS.reaeration.station.04","BIGC_S4_20170627","2017-06-27T17:54Z",1592,"2017-06-27T21:25:10Z",50.30,51.30,23.75,52.55,51.53,52.63,51.61
"751c8f6e-8761-4613-a72f-401962593da2","d0a50b1c-a334-4d26-9089-0f8d05063665","D17","BIGC","BIGC.AOS.reaeration.station.04","BIGC_S4_20170627","2017-06-27T17:54Z",1388,"2017-06-27T20:51:10Z",47.60,48.50,19.63,54.04,53.04,54.34,53.33
"e47bbd74-c6b5-43cd-8005-ecb55584a319","d0a50b1c-a334-4d26-9089-0f8d05063665","D17","BIGC","BIGC.AOS.reaeration.station.04","BIGC_S4_20170627","2017-06-27T17:54Z",1787,"2017-06-27T21:57:40Z",51.20,52.40,25.20,52.20,51.01,52.19,50.99
"35753105-bbab-4a47-af0e-4bf96126a95e","d0a50b1c-a334-4d26-9089-0f8d05063665","D17","BIGC","BIGC.AOS.reaeration.station.04","BIGC_S4_20170627","2017-06-27T17:54Z",931,"2017-06-27T19:35:00Z",87.40,85.60,16.33,102.59,104.75,103.34,105.51
"5f6c48d1-bffb-44e2-83cd-45f87c5bd8b7","d0a50b1c-a334-4d26-9089-0f8d05063665","D17","BIGC","BIGC.AOS.reaeration.station.04","BIGC_S4_20170627","2017-06-27T17:54Z",738,"2017-06-27T19:02:50Z",84.40,82.20,15.54,100.33,103.01,101.08,103.79
"01f92ee2-4996-43b7-be51-dd3b59e407ca","d0a50b1c-a334-4d26-9089-0f8d05063665","D17","BIGC","BIGC.AOS.reaeration.station.04","BIGC_S4_20170627","2017-06-27T17:54Z",615,"2017-06-27T18:42:20Z",80.70,78.40,15.03,96.84,99.68,97.58,100.44
"7c6f0075-64ab-4684-95e0-0e4572222314","d0a50b1c-a334-4d26-9089-0f8d05063665","D17","BIGC","BIGC.AOS.reaeration.station.04","BIGC_S4_20170627","2017-06-27T17:54Z",1810,"2017-06-27T22:01:30Z",51.40,52.40,25.32,52.08,51.09,52.06,51.07
"47ec5529-8fd1-416f-8a98-464854bdbe1a","d0a50b1c-a334-4d26-9089-0f8d05063665","D17","BIGC","BIGC.AOS.reaeration.station.04","BIGC_S4_20170627","2017-06-27T17:54Z",1690,"2017-06-27T21:41:30Z",50.90,51.60,24.62,51.98,51.27,52.00,51.30
"94e74dca-2991-4348-bfc6-c6114e60ea23","d0a50b1c-a334-4d26-9089-0f8d05063665","D17","BIGC","BIGC.AOS.reaeration.station.04","BIGC_S4_20170627","2017-06-27T17:54Z",964,"2017-06-27T19:40:30Z",87.60,85.60,16.44,102.33,104.72,103.08,105.48
"f671a389-e062-4408-9247-5c58da9a2bc8","d0a50b1c-a334-4d26-9089-0f8d05063665","D17","BIGC","BIGC.AOS.reaeration.station.04","BIGC_S4_20170627","2017-06-27T17:54Z",1454,"2017-06-27T21:02:10Z",49.10,49.90,21.61,53.35,52.50,53.55,52.70
"9e24ffcc-5b3b-40d1-85ee-3a661ea62ed5","d0a50b1c-a334-4d26-9089-0f8d05063665","D17","BIGC","BIGC.AOS.reaeration.station.04","BIGC_S4_20170627","2017-06-27T17:54Z",1590,"2017-06-27T21:24:50Z",50.40,51.30,23.72,52.59,51.66,52.66,51.74
"dc81bb8a-c72f-41e0-badd-12f8b0d1f74f","d0a50b1c-a334-4d26-9089-0f8d05063665","D17","BIGC","BIGC.AOS.reaeration.station.04","BIGC_S4_20170627","2017-06-27T17:54Z",2495,"2017-06-27T23:55:40Z",54.50,55.70,26.02,54.64,53.46,54.57,53.39
"fb8f047d-3a3c-4771-b613-d9fd51f89d8f","d0a50b1c-a334-4d26-9089-0f8d05063665","D17","BIGC","BIGC.AOS.reaeration.station.04","BIGC_S4_20170627","2017-06-27T17:54Z",1899,"2017-06-27T22:16:20Z",52.30,53.10,25.68,52.42,51.63,52.37,51.59
"78ddbd28-5bf0-45f9-96bf-1a5aab7b988f","d0a50b1c-a334-4d26-9089-0f8d05063665","D17","BIGC","BIGC.AOS.reaeration.station.04","BIGC_S4_20170627","2017-06-27T17:54Z",2359,"2017-06-27T23:33:00Z",54.90,56.10,26.01,55.04,53.86,54.97,53.79
"40139a32-eec2-4d03-8773-950bb4e42526","d0a50b1c-a334-4d26-9089-0f8d05063665","D17","BIGC","BIGC.AOS.reaeration.station.04","BIGC_S4_20170627","2017-06-27T17:54Z",49,"2017-06-27T17:08:00Z",78.50,76.20,13.90,96.70,99.62,97.44,100.38
"6590eebb-2e8d-4312-a582-f287326cde39","d0a50b1c-a334-4d26-9089-0f8d05063665","D17","BIGC","BIGC.AOS.reaeration.station.04","BIGC_S4_20170627","2017-06-27T17:54Z",1861,"2017-06-27T22:10:00Z",51.80,52.70,25.55,52.15,51.26,52.12,51.23
"1d16fd88-f5a0-49ba-8a25-693675db130d","d0a50b1c-a334-4d26-9089-0f8d05063665","D17","BIGC","BIGC.AOS.reaeration.station.04","BIGC_S4_20170627","2017-06-27T17:54Z",460,"2017-06-27T18:16:30Z",79.80,77.30,14.54,96.60,99.72,97.34,100.49
"3e7d5d08-a363-47d8-8c01-ae22155211ec","d0a50b1c-a334-4d26-9089-0f8d05063665","D17","BIGC","BIGC.AOS.reaeration.station.04","BIGC_S4_20170627","2017-06-27T17:54Z",548,"2017-06-27T18:31:10Z",80.20,77.70,14.78,96.55,99.65,97.29,100.42
"cb750af7-4300-4f20-adb6-f91f85ac273c","d0a50b1c-a334-4d26-9089-0f8d05063665","D17","BIGC","BIGC.AOS.reaeration.station.04","BIGC_S4_20170627","2017-06-27T17:54Z",1479,"2017-06-27T21:06:20Z",49.50,50.60,22.12,53.55,52.38,53.72,52.55
"d829311f-eb46-4b9f-83a5-7a19c834fb1a","d0a50b1c-a334-4d26-9089-0f8d05063665","D17","BIGC","BIGC.AOS.reaeration.station.04","BIGC_S4_20170627","2017-06-27T17:54Z",891,"2017-06-27T19:28:20Z",87.20,85.20,16.19,102.44,104.84,103.19,105.61
"f04aa612-a70d-4b63-9064-10f751e10fb6","d0a50b1c-a334-4d26-9089-0f8d05063665","D17","BIGC","BIGC.AOS.reaeration.station.04","BIGC_S4_20170627","2017-06-27T17:54Z",2307,"2017-06-27T23:24:20Z",54.90,56.10,26.01,55.04,53.86,54.97,53.79
"8fef65f4-cf65-4aca-8b4a-4b9e3c3d838e","d0a50b1c-a334-4d26-9089-0f8d05063665","D17","BIGC","BIGC.AOS.reaeration.station.04","BIGC_S4_20170627","2017-06-27T17:54Z",280,"2017-06-27T17:46:30Z",79.00,76.60,14.18,96.55,99.58,97.30,100.34
"34669114-37ea-4260-bfa6-d660a731eab0","d0a50b1c-a334-4d26-9089-0f8d05063665","D17","BIGC","BIGC.AOS.reaeration.station.04","BIGC_S4_20170627","2017-06-27T17:54Z",1577,"2017-06-27T21:22:40Z",50.20,51.30,23.58,52.73,51.60,52.82,51.69
"dfc39f2d-57f3-4d9c-a592-4dbd58ec3747","d0a50b1c-a334-4d26-9089-0f8d05063665","D17","BIGC","BIGC.AOS.reaeration.station.04","BIGC_S4_20170627","2017-06-27T17:54Z",1328,"2017-06-27T20:41:10Z",45.50,46.00,17.65,53.51,52.93,53.87,53.29
"cb563bd7-15a0-4d26-a84a-9d39d351eb8f","d0a50b1c-a334-4d26-9089-0f8d05063665","D17","BIGC","BIGC.AOS.reaeration.station.04","BIGC_S4_20170627","2017-06-27T17:54Z",971,"2017-06-27T19:41:40Z",87.60,85.60,16.46,102.28,104.67,103.03,105.44
"ee5026ae-5d67-4bfd-8b12-27255cb92bd9","d0a50b1c-a334-4d26-9089-0f8d05063665","D17","BIGC","BIGC.AOS.reaeration.station.04","BIGC_S4_20170627","2017-06-27T17:54Z",795,"2017-06-27T19:12:20Z",86.30,84.50,15.81,102.49,104.67,103.26,105.46
"5544db1e-9457-4c21-aeda-197d68ca4dd4","d0a50b1c-a334-4d26-9089-0f8d05063665","D17","BIGC","BIGC.AOS.reaeration.station.04","BIGC_S4_20170627","2017-06-27T17:54Z",455,"2017-06-27T18:15:40Z",79.70,77.30,14.53,96.62,99.62,97.36,100.39
"f9ae6b41-9c86-46d7-95e6-d990f1cbd26d","d0a50b1c-a334-4d26-9089-0f8d05063665","D17","BIGC","BIGC.AOS.reaeration.station.04","BIGC_S4_20170627","2017-06-27T17:54Z",2110,"2017-06-27T22:51:30Z",54.10,55.00,26.00,53.97,53.09,53.90,53.02
"4429adfd-d4c6-4af5-a39f-601960f307ed","d0a50b1c-a334-4d26-9089-0f8d05063665","D17","BIGC","BIGC.AOS.reaeration.station.04","BIGC_S4_20170627","2017-06-27T17:54Z",2145,"2017-06-27T22:57:20Z",54.20,55.30,26.00,54.26,53.18,54.20,53.12
"f699d52f-085a-4847-bea8-e67e34a6bfdf","d0a50b1c-a334-4d26-9089-0f8d05063665","D17","BIGC","BIGC.AOS.reaeration.station.04","BIGC_S4_20170627","2017-06-27T17:54Z",2124,"2017-06-27T22:53:50Z",54.10,55.00,26.00,53.97,53.09,53.90,53.02
"d4b2ac94-a4f3-4810-bdda-9384abb706e8","d0a50b1c-a334-4d26-9089-0f8d05063665","D17","BIGC","BIGC.AOS.reaeration.station.04","BIGC_S4_20170627","2017-06-27T17:54Z",898,"2017-06-27T19:29:30Z",87.20,85.20,16.22,102.37,104.77,103.12,105.54
"577dc5bd-4d90-4c47-997b-d1e994ebc167","d0a50b1c-a334-4d26-9089-0f8d05063665","D17","BIGC","BIGC.AOS.reaeration.station.04","BIGC_S4_20170627","2017-06-27T17:54Z",1437,"2017-06-27T20:59:20Z",48.80,49.90,21.19,53.82,52.63,54.04,52.85
"ee85eebd-67c0-4268-afb2-76e2a0af4e5c","d0a50b1c-a334-4d26-9089-0f8d05063665","D17","BIGC","BIGC.AOS.reaeration.station.04","BIGC_S4_20170627","2017-06-27T17:54Z",2025,"2017-06-27T22:37:20Z",53.40,54.20,25.94,53.24,52.46,53.18,52.40
"c146a57f-a007-4ddd-9cbf-3a12a75d114c","d0a50b1c-a334-4d26-9089-0f8d05063665","D17","BIGC","BIGC.AOS.reaeration.station.04","BIGC_S4_20170627","2017-06-27T17:54Z",64,"2017-06-27T17:10:30Z",78.50,76.20,13.90,96.70,99.62,97.44,100.38
"d836d2ad-84d9-4e9a-bb86-0da1cbff4bcb","d0a50b1c-a334-4d26-9089-0f8d05063665","D17","BIGC","BIGC.AOS.reaeration.station.04","BIGC_S4_20170627","2017-06-27T17:54Z",283,"2017-06-27T17:47:00Z",79.00,77.00,14.20,97.01,99.53,97.76,100.30
"1e48bc3b-7d50-4228-92ee-34ea5b5090d7","d0a50b1c-a334-4d26-9089-0f8d05063665","D17","BIGC","BIGC.AOS.reaeration.station.04","BIGC_S4_20170627","2017-06-27T17:54Z",2587,"2017-06-28T00:11:00Z",52.60,53.80,25.89,52.90,51.72,52.84,51.66
"fa58c5aa-9a15-4be9-830a-71b6e16a47fc","d0a50b1c-a334-4d26-9089-0f8d05063665","D17","BIGC","BIGC.AOS.reaeration.station.04","BIGC_S4_20170627","2017-06-27T17:54Z",505,"2017-06-27T18:24:00Z",80.00,77.70,14.66,96.82,99.69,97.56,100.45
"b964f92e-05a1-4a67-a87c-9ee85fc64f96","d0a50b1c-a334-4d26-9089-0f8d05063665","D17","BIGC","BIGC.AOS.reaeration.station.04","BIGC_S4_20170627","2017-06-27T17:54Z",194,"2017-06-27T17:32:10Z",78.90,76.60,14.05,96.86,99.77,97.60,100.53
"61f44159-d8c8-4d01-88b4-bf6a8e6a8b73","d0a50b1c-a334-4d26-9089-0f8d05063665","D17","BIGC","BIGC.AOS.reaeration.station.04","BIGC_S4_20170627","2017-06-27T17:54Z",1183,"2017-06-27T20:17:00Z",90.30,88.50,17.16,104.09,106.20,104.81,106.95
"44a6d86e-111d-49bc-8f18-31040f1b3814","d0a50b1c-a334-4d26-9089-0f8d05063665","D17","BIGC","BIGC.AOS.reaeration.station.04","BIGC_S4_20170627","2017-06-27T17:54Z",45,"2017-06-27T17:07:20Z",78.50,76.20,13.89,96.73,99.64,97.47,100.41
"b846cff4-bdd0-4add-a559-830788c942fc","d0a50b1c-a334-4d26-9089-0f8d05063665","D17","BIGC","BIGC.AOS.reaeration.station.04","BIGC_S4_20170627","2017-06-27T17:54Z",386,"2017-06-27T18:04:10Z",79.40,77.00,14.37,96.62,99.63,97.36,100.39
"71afb596-111e-40f9-bdfd-6ec8e5f62bd9","d0a50b1c-a334-4d26-9089-0f8d05063665","D17","BIGC","BIGC.AOS.reaeration.station.04","BIGC_S4_20170627","2017-06-27T17:54Z",2591,"2017-06-28T00:11:40Z",50.90,52.40,25.40,52.00,50.51,51.98,50.49
"91cc554a-6b81-4e12-b575-1efebfc48b5a","d0a50b1c-a334-4d26-9089-0f8d05063665","D17","BIGC","BIGC.AOS.reaeration.station.04","BIGC_S4_20170627","2017-06-27T17:54Z",1627,"2017-06-27T21:31:00Z",50.50,51.30,24.11,52.19,51.37,52.24,51.43
"20d5c9f4-8e04-4ccc-a5a1-fca8cab6ef8e","d0a50b1c-a334-4d26-9089-0f8d05063665","D17","BIGC","BIGC.AOS.reaeration.station.04","BIGC_S4_20170627","2017-06-27T17:54Z",411,"2017-06-27T18:08:20Z",79.60,77.30,14.42,96.88,99.76,97.62,100.53
"9fb10590-a2a9-4a8b-a2b0-0221e5748d99","d0a50b1c-a334-4d26-9089-0f8d05063665","D17","BIGC","BIGC.AOS.reaeration.station.04","BIGC_S4_20170627","2017-06-27T17:54Z",747,"2017-06-27T19:04:20Z",85.00,83.00,15.59,101.19,103.62,101.95,104.40
"0a845e26-6d03-4ab9-84ef-562ed4bdb17c","d0a50b1c-a334-4d26-9089-0f8d05063665","D17","BIGC","BIGC.AOS.reaeration.station.04","BIGC_S4_20170627","2017-06-27T17:54Z",480,"2017-06-27T18:19:50Z",79.90,77.30,14.59,96.48,99.73,97.22,100.49
"7b4a1232-e88c-4847-90a6-127cc26b652b","d0a50b1c-a334-4d26-9089-0f8d05063665","D17","BIGC","BIGC.AOS.reaeration.station.04","BIGC_S4_20170627","2017-06-27T17:54Z",281,"2017-06-27T17:46:40Z",79.10,76.60,14.20,96.51,99.66,97.25,100.42
"17150102-6fe4-42bd-a936-c20bdddf2abe","d0a50b1c-a334-4d26-9089-0f8d05063665","D17","BIGC","BIGC.AOS.reaeration.station.04","BIGC_S4_20170627","2017-06-27T17:54Z",292,"2017-06-27T17:48:30Z",79.20,76.60,14.22,96.46,99.74,97.20,100.50
"a27715fa-1ef7-436d-ac09-a53f83b0b362","d0a50b1c-a334-4d26-9089-0f8d05063665","D17","BIGC","BIGC.AOS.reaeration.station.04","BIGC_S4_20170627","2017-06-27T17:54Z",252,"2017-06-27T17:41:50Z",78.90,77.00,14.15,97.13,99.53,97.87,100.29
"31ec7126-d9ff-473a-8522-54a47aa9d852","d0a50b1c-a334-4d26-9089-0f8d05063665","D17","BIGC","BIGC.AOS.reaeration.station.04","BIGC_S4_20170627","2017-06-27T17:54Z",320,"2017-06-27T17:53:10Z",79.20,76.60,14.27,96.35,99.62,97.09,100.38
"82191da0-b19e-4b45-93ae-8a0f2400168c","d0a50b1c-a334-4d26-9089-0f8d05063665","D17","BIGC","BIGC.AOS.reaeration.station.04","BIGC_S4_20170627","2017-06-27T17:54Z",1975,"2017-06-27T22:29:00Z",52.90,54.20,25.87,53.31,52.04,53.26,51.98
"fad8e684-bc2e-438d-be20-f339ab4403a0","d0a50b1c-a334-4d26-9089-0f8d05063665","D17","BIGC","BIGC.AOS.reaeration.station.04","BIGC_S4_20170627","2017-06-27T17:54Z",1636,"2017-06-27T21:32:30Z",50.60,51.30,24.20,52.10,51.39,52.15,51.43
"dcd2b9f4-55ed-4c8f-96a5-d122847fc474","d0a50b1c-a334-4d26-9089-0f8d05063665","D17","BIGC","BIGC.AOS.reaeration.station.04","BIGC_S4_20170627","2017-06-27T17:54Z",1591,"2017-06-27T21:25:00Z",50.30,51.30,23.73,52.58,51.55,52.65,51.63
"63ae631d-0a65-4c2f-8a2e-9899c7d0ffb7","d0a50b1c-a334-4d26-9089-0f8d05063665","D17","BIGC","BIGC.AOS.reaeration.station.04","BIGC_S4_20170627","2017-06-27T17:54Z",365,"2017-06-27T18:00:40Z",79.40,77.00,14.34,96.69,99.70,97.43,100.47
"de1cb7c6-672d-42ca-9176-f767723e0e89","d0a50b1c-a334-4d26-9089-0f8d05063665","D17","BIGC","BIGC.AOS.reaeration.station.04","BIGC_S4_20170627","2017-06-27T17:54Z",2054,"2017-06-27T22:42:10Z",53.60,54.60,25.97,53.61,52.63,53.54,52.56
"7d6dc2a6-e821-4c7c-ab3d-f6b49b69e9f3","d0a50b1c-a334-4d26-9089-0f8d05063665","D17","BIGC","BIGC.AOS.reaeration.station.04","BIGC_S4_20170627","2017-06-27T17:54Z",598,"2017-06-27T18:39:30Z",80.50,78.10,14.96,96.63,99.60,97.37,100.36
"5c8334ed-c730-4612-883c-d2fde2091030","d0a50b1c-a334-4d26-9089-0f8d05063665","D17","BIGC","BIGC.AOS.reaeration.station.04","BIGC_S4_20170627","2017-06-27T17:54Z",2198,"2017-06-27T23:06:10Z",54.60,56.10,26.02,55.03,53.56,54.96,53.49
"f79a5a2a-6ded-4ce4-b6a5-55a738caff48","d0a50b1c-a334-4d26-9089-0f8d05063665","D17","BIGC","BIGC.AOS.reaeration.station.04","BIGC_S4_20170627","2017-06-27T17:54Z",2446,"2017-06-27T23:47:30Z",54.60,56.10,26.02,55.03,53.56,54.96,53.49
"823fa587-3629-4ff6-832f-57f54d7a53ae","d0a50b1c-a334-4d26-9089-0f8d05063665","D17","BIGC","BIGC.AOS.reaeration.station.04","BIGC_S4_20170627","2017-06-27T17:54Z",1913,"2017-06-27T22:18:40Z",52.40,53.50,25.72,52.77,51.69,52.73,51.64
"6faff210-ed0c-4835-99a6-7d26634c75b7","d0a50b1c-a334-4d26-9089-0f8d05063665","D17","BIGC","BIGC.AOS.reaeration.station.04","BIGC_S4_20170627","2017-06-27T17:54Z",639,"2017-06-27T18:46:20Z",81.00,78.40,15.14,96.59,99.79,97.33,100.55
"d8dac81b-0b07-4e04-beb6-71ab170cf1f3","d0a50b1c-a334-4d26-9089-0f8d05063665","D17","BIGC","BIGC.AOS.reaeration.station.04","BIGC_S4_20170627","2017-06-27T17:54Z",1617,"2017-06-27T21:29:20Z",50.50,51.30,24.02,52.28,51.46,52.34,51.52
"5c393121-41be-468d-bdea-631437e911c7","d0a50b1c-a334-4d26-9089-0f8d05063665","D17","BIGC","BIGC.AOS.reaeration.station.04","BIGC_S4_20170627","2017-06-27T17:54Z",2193,"2017-06-27T23:05:20Z",54.60,55.70,26.02,54.64,53.56,54.57,53.49
"43f7d8dd-bb97-4a46-8878-08d8f4d9fccd","d0a50b1c-a334-4d26-9089-0f8d05063665","D17","BIGC","BIGC.AOS.reaeration.station.04","BIGC_S4_20170627","2017-06-27T17:54Z",1438,"2017-06-27T20:59:30Z",48.80,49.90,21.22,53.78,52.60,54.00,52.81
"029586b0-4c03-4565-9f87-69f1ce23ba05","d0a50b1c-a334-4d26-9089-0f8d05063665","D17","BIGC","BIGC.AOS.reaeration.station.04","BIGC_S4_20170627","2017-06-27T17:54Z",1091,"2017-06-27T20:01:40Z",86.20,84.00,16.84,99.51,102.12,100.22,102.84
"5ba869fc-e785-480d-82df-c9017f9cf4d6","d0a50b1c-a334-4d26-9089-0f8d05063665","D17","BIGC","BIGC.AOS.reaeration.station.04","BIGC_S4_20170627","2017-06-27T17:54Z",376,"2017-06-27T18:02:30Z",79.40,77.00,14.36,96.64,99.65,97.38,100.42
"bb76a8f3-5f79-4986-b898-879fcba3ddc7","d0a50b1c-a334-4d26-9089-0f8d05063665","D17","BIGC","BIGC.AOS.reaeration.station.04","BIGC_S4_20170627","2017-06-27T17:54Z",2318,"2017-06-27T23:26:10Z",54.90,56.10,26.01,55.04,53.86,54.97,53.79
"355630ef-b681-40c4-aaca-f010b3599ad5","d0a50b1c-a334-4d26-9089-0f8d05063665","D17","BIGC","BIGC.AOS.reaeration.station.04","BIGC_S4_20170627","2017-06-27T17:54Z",314,"2017-06-27T17:52:10Z",79.20,77.00,14.27,96.85,99.62,97.59,100.38
"965f4a4a-7ff8-4863-86ae-4f57b948620c","d0a50b1c-a334-4d26-9089-0f8d05063665","D17","BIGC","BIGC.AOS.reaeration.station.04","BIGC_S4_20170627","2017-06-27T17:54Z",2484,"2017-06-27T23:53:50Z",54.40,56.10,26.02,55.03,53.36,54.96,53.29
"8691863b-2ba3-4509-849a-a44cc24e4755","d0a50b1c-a334-4d26-9089-0f8d05063665","D17","BIGC","BIGC.AOS.reaeration.station.04","BIGC_S4_20170627","2017-06-27T17:54Z",679,"2017-06-27T18:53:00Z",81.20,78.80,15.28,96.76,99.71,97.50,100.47
"55fbd916-4ff3-4f9e-af02-2f051c15b3dd","d0a50b1c-a334-4d26-9089-0f8d05063665","D17","BIGC","BIGC.AOS.reaeration.station.04","BIGC_S4_20170627","2017-06-27T17:54Z",2104,"2017-06-27T22:50:30Z",54.10,55.00,26.00,53.97,53.09,53.90,53.02
"5772dd7a-f8a9-4706-9bdf-b750a5b065de","d0a50b1c-a334-4d26-9089-0f8d05063665","D17","BIGC","BIGC.AOS.reaeration.station.04","BIGC_S4_20170627","2017-06-27T17:54Z",2437,"2017-06-27T23:46:00Z",54.60,56.10,26.01,55.04,53.57,54.97,53.50
"fe15ace6-c0aa-444d-a44b-9bb4f59b55d4","d0a50b1c-a334-4d26-9089-0f8d05063665","D17","BIGC","BIGC.AOS.reaeration.station.04","BIGC_S4_20170627","2017-06-27T17:54Z",124,"2017-06-27T17:20:30Z",78.60,76.20,13.97,96.54,99.58,97.28,100.34
"1e0ccadc-6569-4c40-9bcc-e6f3c4d5ac7f","d0a50b1c-a334-4d26-9089-0f8d05063665","D17","BIGC","BIGC.AOS.reaeration.station.04","BIGC_S4_20170627","2017-06-27T17:54Z",188,"2017-06-27T17:31:10Z",78.70,76.60,14.05,96.86,99.51,97.60,100.28
"c8052e50-389f-4741-bece-67b64926f19e","d0a50b1c-a334-4d26-9089-0f8d05063665","D17","BIGC","BIGC.AOS.reaeration.station.04","BIGC_S4_20170627","2017-06-27T17:54Z",1293,"2017-06-27T20:35:20Z",91.20,89.60,17.53,104.51,106.38,105.22,107.10
"ce3a9fa9-a159-4504-9f95-723d3791308d","d0a50b1c-a334-4d26-9089-0f8d05063665","D17","BIGC","BIGC.AOS.reaeration.station.04","BIGC_S4_20170627","2017-06-27T17:54Z",475,"2017-06-27T18:19:00Z",79.80,77.30,14.57,96.53,99.65,97.27,100.42
"360afc37-8538-448c-894a-ad6fc5b8cb2b","d0a50b1c-a334-4d26-9089-0f8d05063665","D17","BIGC","BIGC.AOS.reaeration.station.04","BIGC_S4_20170627","2017-06-27T17:54Z",2100,"2017-06-27T22:49:50Z",54.00,55.00,26.00,53.97,52.99,53.90,52.92
"82b740d1-a78b-4789-b6ba-5e8c89458429","d0a50b1c-a334-4d26-9089-0f8d05063665","D17","BIGC","BIGC.AOS.reaeration.station.04","BIGC_S4_20170627","2017-06-27T17:54Z",1344,"2017-06-27T20:43:50Z",46.30,47.10,18.19,54.14,53.22,54.49,53.57
"aabebf77-5577-47c3-83f6-080feaf0997f","d0a50b1c-a334-4d26-9089-0f8d05063665","D17","BIGC","BIGC.AOS.reaeration.station.04","BIGC_S4_20170627","2017-06-27T17:54Z",1775,"2017-06-27T21:55:40Z",51.10,52.40,25.14,52.26,50.96,52.25,50.95
"62f3af84-d8cf-45b3-932f-3bd3f0417959","d0a50b1c-a334-4d26-9089-0f8d05063665","D17","BIGC","BIGC.AOS.reaeration.station.04","BIGC_S4_20170627","2017-06-27T17:54Z",509,"2017-06-27T18:24:40Z",80.00,77.70,14.66,96.82,99.69,97.56,100.45
"26f0717b-1048-4f1e-b31a-61b93dd94151","d0a50b1c-a334-4d26-9089-0f8d05063665","D17","BIGC","BIGC.AOS.reaeration.station.04","BIGC_S4_20170627","2017-06-27T17:54Z",979,"2017-06-27T19:43:00Z",87.60,85.60,16.48,102.24,104.63,102.98,105.39
"95328ab3-17bc-44b4-8702-af49cd34306f","d0a50b1c-a334-4d26-9089-0f8d05063665","D17","BIGC","BIGC.AOS.reaeration.station.04","BIGC_S4_20170627","2017-06-27T17:54Z",1625,"2017-06-27T21:30:40Z",50.50,51.30,24.10,52.20,51.38,52.25,51.44
"a081b271-12fe-48a9-ab04-a1297fc0825c","d0a50b1c-a334-4d26-9089-0f8d05063665","D17","BIGC","BIGC.AOS.reaeration.station.04","BIGC_S4_20170627","2017-06-27T17:54Z",1677,"2017-06-27T21:39:20Z",50.80,51.60,24.53,52.07,51.26,52.10,51.29
"eedbfda2-3f88-451a-a435-91078c1a7a41","d0a50b1c-a334-4d26-9089-0f8d05063665","D17","BIGC","BIGC.AOS.reaeration.station.04","BIGC_S4_20170627","2017-06-27T17:54Z",1981,"2017-06-27T22:30:00Z",53.10,53.80,25.88,52.91,52.22,52.85,52.16
"0fd469c7-b69a-4199-a0a5-3105dcdb08c4","d0a50b1c-a334-4d26-9089-0f8d05063665","D17","BIGC","BIGC.AOS.reaeration.station.04","BIGC_S4_20170627","2017-06-27T17:54Z",2179,"2017-06-27T23:03:00Z",54.50,55.30,26.01,54.25,53.47,54.18,53.40
"f7318d8b-ae02-4572-a9bc-aae05f55f526","d0a50b1c-a334-4d26-9089-0f8d05063665","D17","BIGC","BIGC.AOS.reaeration.station.04","BIGC_S4_20170627","2017-06-27T17:54Z",678,"2017-06-27T18:52:50Z",81.20,78.80,15.28,96.76,99.71,97.50,100.47
"8b233add-e82f-4b32-8ea1-9374c00cfbe8","d0a50b1c-a334-4d26-9089-0f8d05063665","D17","BIGC","BIGC.AOS.reaeration.station.04","BIGC_S4_20170627","2017-06-27T17:54Z",2574,"2017-06-28T00:08:50Z",53.30,54.60,26.03,53.55,52.27,53.48,52.20
"6390a43c-b84a-429f-9ff9-2b42752e0d53","d0a50b1c-a334-4d26-9089-0f8d05063665","D17","BIGC","BIGC.AOS.reaeration.station.04","BIGC_S4_20170627","2017-06-27T17:54Z",1739,"2017-06-27T21:49:40Z",51.10,51.60,24.93,51.67,51.17,51.67,51.17
"21fbb7a0-6d39-4d21-8b07-801cb7e8e2d0","d0a50b1c-a334-4d26-9089-0f8d05063665","D17","BIGC","BIGC.AOS.reaeration.station.04","BIGC_S4_20170627","2017-06-27T17:54Z",2003,"2017-06-27T22:33:40Z",53.30,54.20,25.90,53.28,52.40,53.22,52.34
"87cb3d0c-b01c-4bc6-9ab1-a258a552dc27","d0a50b1c-a334-4d26-9089-0f8d05063665","D17","BIGC","BIGC.AOS.reaeration.station.04","BIGC_S4_20170627","2017-06-27T17:54Z",2027,"2017-06-27T22:37:40Z",53.30,54.60,25.94,53.64,52.36,53.57,52.30
"e31161aa-ec14-443a-a72b-5bcdc8181b2e","d0a50b1c-a334-4d26-9089-0f8d05063665","D17","BIGC","BIGC.AOS.reaeration.station.04","BIGC_S4_20170627","2017-06-27T17:54Z",970,"2017-06-27T19:41:30Z",87.60,85.60,16.46,102.28,104.67,103.03,105.44
"46cf293f-5048-4dfe-ad4e-68bc29ad6309","d0a50b1c-a334-4d26-9089-0f8d05063665","D17","BIGC","BIGC.AOS.reaeration.station.04","BIGC_S4_20170627","2017-06-27T17:54Z",605,"2017-06-27T18:40:40Z",80.60,78.40,14.98,96.96,99.68,97.70,100.44
"8e2f7d0d-7fb2-4415-99e7-cbdf8472591c","d0a50b1c-a334-4d26-9089-0f8d05063665","D17","BIGC","BIGC.AOS.reaeration.station.04","BIGC_S4_20170627","2017-06-27T17:54Z",1752,"2017-06-27T21:51:50Z",51.10,51.60,25.01,51.59,51.09,51.59,51.09
"89682a1c-9dd0-411b-a34f-98686e5f53a3","d0a50b1c-a334-4d26-9089-0f8d05063665","D17","BIGC","BIGC.AOS.reaeration.station.04","BIGC_S4_20170627","2017-06-27T17:54Z",552,"2017-06-27T18:31:50Z",80.20,78.10,14.80,97.00,99.61,97.74,100.37
"e9fb54a3-fcfd-4971-8cca-3cc02dec9e59","d0a50b1c-a334-4d26-9089-0f8d05063665","D17","BIGC","BIGC.AOS.reaeration.station.04","BIGC_S4_20170627","2017-06-27T17:54Z",983,"2017-06-27T19:43:40Z",87.60,85.60,16.50,102.19,104.58,102.93,105.34
"dc768a87-9374-42a8-9495-17b335739111","d0a50b1c-a334-4d26-9089-0f8d05063665","D17","BIGC","BIGC.AOS.reaeration.station.04","BIGC_S4_20170627","2017-06-27T17:54Z",1931,"2017-06-27T22:21:40Z",52.60,53.50,25.77,52.72,51.84,52.67,51.79
"28941d7b-5319-4a3d-a476-424c4c0c6413","d0a50b1c-a334-4d26-9089-0f8d05063665","D17","BIGC","BIGC.AOS.reaeration.station.04","BIGC_S4_20170627","2017-06-27T17:54Z",764,"2017-06-27T19:07:10Z",85.80,83.30,15.67,101.36,104.41,102.12,105.19
"c3dec0d7-a498-4df1-a5b8-493457511881","d0a50b1c-a334-4d26-9089-0f8d05063665","D17","BIGC","BIGC.AOS.reaeration.station.04","BIGC_S4_20170627","2017-06-27T17:54Z",1637,"2017-06-27T21:32:40Z",50.60,51.30,24.21,52.09,51.38,52.14,51.42
"07f6db7c-f2ec-4259-980f-0085a757b69e","d0a50b1c-a334-4d26-9089-0f8d05063665","D17","BIGC","BIGC.AOS.reaeration.station.04","BIGC_S4_20170627","2017-06-27T17:54Z",174,"2017-06-27T17:28:50Z",78.70,76.60,14.03,96.90,99.56,97.65,100.32
"f1563bfe-eedc-4b6c-bb19-491b7a4bffd1","d0a50b1c-a334-4d26-9089-0f8d05063665","D17","BIGC","BIGC.AOS.reaeration.station.04","BIGC_S4_20170627","2017-06-27T17:54Z",1682,"2017-06-27T21:40:10Z",50.80,51.60,24.57,52.03,51.22,52.05,51.25
"abdc1e15-6264-489f-8bd1-d4e4dd9610cd","d0a50b1c-a334-4d26-9089-0f8d05063665","D17","BIGC","BIGC.AOS.reaeration.station.04","BIGC_S4_20170627","2017-06-27T17:54Z",2625,"2017-06-28T00:17:20Z",41.70,43.00,24.82,43.15,41.84,43.16,41.85
"971f0e4f-ed82-4b86-980e-864ce12dde16","d0a50b1c-a334-4d26-9089-0f8d05063665","D17","BIGC","BIGC.AOS.reaeration.station.04","BIGC_S4_20170627","2017-06-27T17:54Z",2559,"2017-06-28T00:06:20Z",53.50,54.60,26.03,53.55,52.47,53.48,52.40
"bc470b5c-5d13-4e78-bffd-57e2fa6cc638","d0a50b1c-a334-4d26-9089-0f8d05063665","D17","BIGC","BIGC.AOS.reaeration.station.04","BIGC_S4_20170627","2017-06-27T17:54Z",95,"2017-06-27T17:15:40Z",78.50,76.20,13.93,96.63,99.55,97.37,100.31
"f7820896-cf7a-43c5-9e52-af0b81c3a1e3","d0a50b1c-a334-4d26-9089-0f8d05063665","D17","BIGC","BIGC.AOS.reaeration.station.04","BIGC_S4_20170627","2017-06-27T17:54Z",50,"2017-06-27T17:08:10Z",78.50,76.20,13.90,96.70,99.62,97.44,100.38
"7679d134-6362-4c0d-8fca-21cedfe42366","d0a50b1c-a334-4d26-9089-0f8d05063665","D17","BIGC","BIGC.AOS.reaeration.station.04","BIGC_S4_20170627","2017-06-27T17:54Z",848,"2017-06-27T19:21:10Z",86.90,84.80,16.04,102.31,104.84,103.07,105.62
"11ccbcf4-1f5a-4fd7-b327-8234614b97e6","d0a50b1c-a334-4d26-9089-0f8d05063665","D17","BIGC","BIGC.AOS.reaeration.station.04","BIGC_S4_20170627","2017-06-27T17:54Z",182,"2017-06-27T17:30:10Z",78.70,76.60,14.04,96.88,99.54,97.62,100.30
"06b7d423-a332-4390-bfbf-b02edf03cf36","d0a50b1c-a334-4d26-9089-0f8d05063665","D17","BIGC","BIGC.AOS.reaeration.station.04","BIGC_S4_20170627","2017-06-27T17:54Z",438,"2017-06-27T18:12:50Z",79.70,77.30,14.48,96.74,99.74,97.48,100.51
"24ae630f-2e28-41ca-bf6f-7966dfeea50d","d0a50b1c-a334-4d26-9089-0f8d05063665","D17","BIGC","BIGC.AOS.reaeration.station.04","BIGC_S4_20170627","2017-06-27T17:54Z",1832,"2017-06-27T22:05:10Z",51.60,52.70,25.41,52.29,51.20,52.26,51.17
"d0ecf9ca-a1c9-4edd-ae8b-770e33296d4b","d0a50b1c-a334-4d26-9089-0f8d05063665","D17","BIGC","BIGC.AOS.reaeration.station.04","BIGC_S4_20170627","2017-06-27T17:54Z",2101,"2017-06-27T22:50:00Z",54.00,55.00,26.00,53.97,52.99,53.90,52.92
"58d7bf78-4f57-4ebd-9cc8-9f08980271ba","d0a50b1c-a334-4d26-9089-0f8d05063665","D17","BIGC","BIGC.AOS.reaeration.station.04","BIGC_S4_20170627","2017-06-27T17:54Z",2225,"2017-06-27T23:10:40Z",54.80,56.10,26.02,55.03,53.75,54.96,53.68
"ac659307-6b78-4d85-9e1b-dac4518d5e9e","d0a50b1c-a334-4d26-9089-0f8d05063665","D17","BIGC","BIGC.AOS.reaeration.station.04","BIGC_S4_20170627","2017-06-27T17:54Z",2294,"2017-06-27T23:22:10Z",55.00,56.10,26.01,55.04,53.96,54.97,53.89
"6f84cf3e-d3ab-4b81-adb4-855a3641f006","d0a50b1c-a334-4d26-9089-0f8d05063665","D17","BIGC","BIGC.AOS.reaeration.station.04","BIGC_S4_20170627","2017-06-27T17:54Z",611,"2017-06-27T18:41:40Z",80.60,78.40,14.99,96.93,99.65,97.67,100.41
"a9066dbe-c185-444e-9264-9d1d4a960dd2","d0a50b1c-a334-4d26-9089-0f8d05063665","D17","BIGC","BIGC.AOS.reaeration.station.04","BIGC_S4_20170627","2017-06-27T17:54Z",1208,"2017-06-27T20:21:10Z",90.50,88.50,17.25,103.88,106.22,104.60,106.96
"117cf605-1bbb-4b3c-929f-b931a40c70c7","d0a50b1c-a334-4d26-9089-0f8d05063665","D17","BIGC","BIGC.AOS.reaeration.station.04","BIGC_S4_20170627","2017-06-27T17:54Z",59,"2017-06-27T17:09:40Z",78.50,76.20,13.90,96.70,99.62,97.44,100.38
"eb4571f8-9306-412e-b00d-02231386828a","d0a50b1c-a334-4d26-9089-0f8d05063665","D17","BIGC","BIGC.AOS.reaeration.station.04","BIGC_S4_20170627","2017-06-27T17:54Z",2374,"2017-06-27T23:35:30Z",54.90,56.50,26.01,55.43,53.86,55.36,53.79
"d09b70a3-b393-46e9-8194-f200d1b878c1","d0a50b1c-a334-4d26-9089-0f8d05063665","D17","BIGC","BIGC.AOS.reaeration.station.04","BIGC_S4_20170627","2017-06-27T17:54Z",2404,"2017-06-27T23:40:30Z",54.80,56.10,26.01,55.04,53.76,54.97,53.69
"728e0fda-bf57-4465-b5c4-ef1163bc50fb","d0a50b1c-a334-4d26-9089-0f8d05063665","D17","BIGC","BIGC.AOS.reaeration.station.04","BIGC_S4_20170627","2017-06-27T17:54Z",2617,"2017-06-28T00:16:00Z",44.20,45.60,24.79,45.78,44.38,45.80,44.39
"658a4d20-1ee9-498f-90c5-c4f002c12743","d0a50b1c-a334-4d26-9089-0f8d05063665","D17","BIGC","BIGC.AOS.reaeration.station.04","BIGC_S4_20170627","2017-06-27T17:54Z",1319,"2017-06-27T20:39:40Z",91.10,89.30,17.61,103.98,106.07,104.68,106.79
"33ecde2b-33b6-40c0-9e30-f96b61591128","d0a50b1c-a334-4d26-9089-0f8d05063665","D17","BIGC","BIGC.AOS.reaeration.station.04","BIGC_S4_20170627","2017-06-27T17:54Z",2601,"2017-06-28T00:13:20Z",48.70,50.10,25.18,49.93,48.53,49.92,48.52
"4a694303-7b92-4296-90af-2f4321da57ae","d0a50b1c-a334-4d26-9089-0f8d05063665","D17","BIGC","BIGC.AOS.reaeration.station.04","BIGC_S4_20170627","2017-06-27T17:54Z",1169,"2017-06-27T20:14:40Z",90.20,88.20,17.10,103.87,106.23,104.60,106.97
"65d0a2f5-ef07-46a9-9afe-20aa862cdcfc","d0a50b1c-a334-4d26-9089-0f8d05063665","D17","BIGC","BIGC.AOS.reaeration.station.04","BIGC_S4_20170627","2017-06-27T17:54Z",350,"2017-06-27T17:58:10Z",79.30,77.00,14.30,96.78,99.67,97.52,100.44
"c7a907a1-e33a-4c7a-a5f7-4d531656760d","d0a50b1c-a334-4d26-9089-0f8d05063665","D17","BIGC","BIGC.AOS.reaeration.station.04","BIGC_S4_20170627","2017-06-27T17:54Z",1161,"2017-06-27T20:13:20Z",90.00,88.20,17.08,103.92,106.04,104.65,106.79
"1c0b7550-86d1-4b87-8ce9-036a7d8e2d30","d0a50b1c-a334-4d26-9089-0f8d05063665","D17","BIGC","BIGC.AOS.reaeration.station.04","BIGC_S4_20170627","2017-06-27T17:54Z",1939,"2017-06-27T22:23:00Z",52.60,53.80,25.80,52.99,51.81,52.94,51.76
"737c76ef-abbc-4ad7-b1b4-1455f54b5dfb","d0a50b1c-a334-4d26-9089-0f8d05063665","D17","BIGC","BIGC.AOS.reaeration.station.04","BIGC_S4_20170627","2017-06-27T17:54Z",1250,"2017-06-27T20:28:10Z",90.90,88.90,17.38,104.04,106.38,104.76,107.12
"c8f40228-07d4-48c8-a4a6-8fbba47efe11","d0a50b1c-a334-4d26-9089-0f8d05063665","D17","BIGC","BIGC.AOS.reaeration.station.04","BIGC_S4_20170627","2017-06-27T17:54Z",1033,"2017-06-27T19:52:00Z",86.40,84.00,16.66,99.92,102.77,100.64,103.51
"bc4ed6ee-e2ec-4cd4-9f1e-e708764dd1cf","d0a50b1c-a334-4d26-9089-0f8d05063665","D17","BIGC","BIGC.AOS.reaeration.station.04","BIGC_S4_20170627","2017-06-27T17:54Z",1978,"2017-06-27T22:29:30Z",53.00,53.80,25.87,52.92,52.13,52.86,52.08
"7e82c249-ce08-48ac-9b06-89ce107277c4","d0a50b1c-a334-4d26-9089-0f8d05063665","D17","BIGC","BIGC.AOS.reaeration.station.04","BIGC_S4_20170627","2017-06-27T17:54Z",2040,"2017-06-27T22:39:50Z",53.50,54.60,25.96,53.62,52.54,53.55,52.47
"abce9f5e-4401-4c35-b1bb-84afc3776a80","d0a50b1c-a334-4d26-9089-0f8d05063665","D17","BIGC","BIGC.AOS.reaeration.station.04","BIGC_S4_20170627","2017-06-27T17:54Z",700,"2017-06-27T18:56:30Z",81.40,79.20,15.38,97.03,99.72,97.76,100.48
"e047e526-c3cf-4c4e-84d3-7ebf761961f1","d0a50b1c-a334-4d26-9089-0f8d05063665","D17","BIGC","BIGC.AOS.reaeration.station.04","BIGC_S4_20170627","2017-06-27T17:54Z",1938,"2017-06-27T22:22:50Z",52.60,53.50,25.78,52.71,51.83,52.66,51.78
"7425b0c8-f5ea-4423-bf8a-90c1c0bdf642","d0a50b1c-a334-4d26-9089-0f8d05063665","D17","BIGC","BIGC.AOS.reaeration.station.04","BIGC_S4_20170627","2017-06-27T17:54Z",368,"2017-06-27T18:01:10Z",79.40,77.00,14.34,96.69,99.70,97.43,100.47
"db0263c2-e246-4e82-966f-414e9d3779ab","d0a50b1c-a334-4d26-9089-0f8d05063665","D17","BIGC","BIGC.AOS.reaeration.station.04","BIGC_S4_20170627","2017-06-27T17:54Z",500,"2017-06-27T18:23:10Z",79.90,77.70,14.64,96.87,99.61,97.61,100.37
"2ba7e187-0b85-4825-83d2-5e7356255e45","d0a50b1c-a334-4d26-9089-0f8d05063665","D17","BIGC","BIGC.AOS.reaeration.station.04","BIGC_S4_20170627","2017-06-27T17:54Z",1750,"2017-06-27T21:51:30Z",51.10,51.60,24.99,51.61,51.11,51.61,51.11
"33c52f97-c002-47a7-a9c6-78b385b944ab","d0a50b1c-a334-4d26-9089-0f8d05063665","D17","BIGC","BIGC.AOS.reaeration.station.04","BIGC_S4_20170627","2017-06-27T17:54Z",1346,"2017-06-27T20:44:10Z",46.30,47.10,18.25,54.07,53.15,54.42,53.49
"199f6409-e80a-4a24-9088-d9fa75efb385","d0a50b1c-a334-4d26-9089-0f8d05063665","D17","BIGC","BIGC.AOS.reaeration.station.04","BIGC_S4_20170627","2017-06-27T17:54Z",1534,"2017-06-27T21:15:30Z",50.10,51.00,23.05,52.97,52.04,53.09,52.16
"b9dcec44-490a-450e-9fc0-90a807c28328","d0a50b1c-a334-4d26-9089-0f8d05063665","D17","BIGC","BIGC.AOS.reaeration.station.04","BIGC_S4_20170627","2017-06-27T17:54Z",2186,"2017-06-27T23:04:10Z",54.60,55.30,26.01,54.25,53.57,54.18,53.50
"b208ceaa-25ce-4cec-8dd1-6cf0d7efc2fd","d0a50b1c-a334-4d26-9089-0f8d05063665","D17","BIGC","BIGC.AOS.reaeration.station.04","BIGC_S4_20170627","2017-06-27T17:54Z",1041,"2017-06-27T19:53:20Z",86.00,83.60,16.68,99.40,102.25,100.11,102.98
"2c06eec0-1970-48d6-9a7f-ca34d59fd64a","d0a50b1c-a334-4d26-9089-0f8d05063665","D17","BIGC","BIGC.AOS.reaeration.station.04","BIGC_S4_20170627","2017-06-27T17:54Z",1287,"2017-06-27T20:34:20Z",91.20,89.30,17.50,104.23,106.45,104.94,107.17
"3e484e16-2eb3-4c00-97f2-9b5967dc09c5","d0a50b1c-a334-4d26-9089-0f8d05063665","D17","BIGC","BIGC.AOS.reaeration.station.04","BIGC_S4_20170627","2017-06-27T17:54Z",977,"2017-06-27T19:42:40Z",87.60,85.60,16.47,102.26,104.65,103.00,105.41
"e8595f00-27e7-4232-9099-71f4dcf015e0","d0a50b1c-a334-4d26-9089-0f8d05063665","D17","BIGC","BIGC.AOS.reaeration.station.04","BIGC_S4_20170627","2017-06-27T17:54Z",435,"2017-06-27T18:12:20Z",79.70,77.30,14.47,96.76,99.77,97.50,100.53
"6b54307c-b908-4b7f-950f-06d96bc1a813","d0a50b1c-a334-4d26-9089-0f8d05063665","D17","BIGC","BIGC.AOS.reaeration.station.04","BIGC_S4_20170627","2017-06-27T17:54Z",2279,"2017-06-27T23:19:40Z",54.90,56.10,26.01,55.04,53.86,54.97,53.79
"eb21ae1c-0ce0-4bfc-a74a-40b8553e9546","d0a50b1c-a334-4d26-9089-0f8d05063665","D17","BIGC","BIGC.AOS.reaeration.station.04","BIGC_S4_20170627","2017-06-27T17:54Z",1635,"2017-06-27T21:32:20Z",50.60,51.30,24.19,52.11,51.40,52.16,51.44
"bae32914-7438-4481-afe0-75e4dec29aab","d0a50b1c-a334-4d26-9089-0f8d05063665","D17","BIGC","BIGC.AOS.reaeration.station.04","BIGC_S4_20170627","2017-06-27T17:54Z",1393,"2017-06-27T20:52:00Z",47.70,48.50,19.82,53.83,52.94,54.11,53.22
"ad4f24fa-0c02-40ab-89ab-0a6d28ec0150","d0a50b1c-a334-4d26-9089-0f8d05063665","D17","BIGC","BIGC.AOS.reaeration.station.04","BIGC_S4_20170627","2017-06-27T17:54Z",621,"2017-06-27T18:43:20Z",80.80,78.40,15.04,96.82,99.78,97.56,100.54
"28731d76-2e38-426a-9175-534f7ac0c57b","d0a50b1c-a334-4d26-9089-0f8d05063665","D17","BIGC","BIGC.AOS.reaeration.station.04","BIGC_S4_20170627","2017-06-27T17:54Z",1798,"2017-06-27T21:59:30Z",51.30,52.40,25.26,52.14,51.05,52.12,51.03
"eb2103ed-66f8-4987-9935-7a517bc894b3","d0a50b1c-a334-4d26-9089-0f8d05063665","D17","BIGC","BIGC.AOS.reaeration.station.04","BIGC_S4_20170627","2017-06-27T17:54Z",96,"2017-06-27T17:15:50Z",78.50,76.20,13.93,96.63,99.55,97.37,100.31
"f89b5cd7-f360-4375-bfb9-7774dd93be52","d0a50b1c-a334-4d26-9089-0f8d05063665","D17","BIGC","BIGC.AOS.reaeration.station.04","BIGC_S4_20170627","2017-06-27T17:54Z",1976,"2017-06-27T22:29:10Z",53.00,53.80,25.87,52.92,52.13,52.86,52.08
"a7a1415b-cee7-4c90-9acd-bfb5c4958868","d0a50b1c-a334-4d26-9089-0f8d05063665","D17","BIGC","BIGC.AOS.reaeration.station.04","BIGC_S4_20170627","2017-06-27T17:54Z",2580,"2017-06-28T00:09:50Z",53.20,54.60,26.03,53.55,52.17,53.48,52.11
"c7fa4976-46ff-4171-9a37-092fa91a2a3f","d0a50b1c-a334-4d26-9089-0f8d05063665","D17","BIGC","BIGC.AOS.reaeration.station.04","BIGC_S4_20170627","2017-06-27T17:54Z",1172,"2017-06-27T20:15:10Z",90.20,88.50,17.13,104.16,106.16,104.89,106.90
"82248d81-3c53-4e57-8d79-a5ad5f603423","d0a50b1c-a334-4d26-9089-0f8d05063665","D17","BIGC","BIGC.AOS.reaeration.station.04","BIGC_S4_20170627","2017-06-27T17:54Z",606,"2017-06-27T18:40:50Z",80.60,78.40,14.98,96.96,99.68,97.70,100.44
"c0275978-47c1-4426-94b8-c84ffb208f34","d0a50b1c-a334-4d26-9089-0f8d05063665","D17","BIGC","BIGC.AOS.reaeration.station.04","BIGC_S4_20170627","2017-06-27T17:54Z",628,"2017-06-27T18:44:30Z",80.90,78.40,15.08,96.73,99.81,97.46,100.57
"cc91d7fe-397c-4551-8222-1693f21489e6","d0a50b1c-a334-4d26-9089-0f8d05063665","D17","BIGC","BIGC.AOS.reaeration.station.04","BIGC_S4_20170627","2017-06-27T17:54Z",948,"2017-06-27T19:37:50Z",87.40,85.60,16.39,102.45,104.60,103.20,105.37
"9517dce0-8b3c-4037-93a2-b9a90393c943","d0a50b1c-a334-4d26-9089-0f8d05063665","D17","BIGC","BIGC.AOS.reaeration.station.04","BIGC_S4_20170627","2017-06-27T17:54Z",2626,"2017-06-28T00:17:30Z",41.30,42.60,24.81,42.76,41.45,42.77,41.46
"14ee0d91-b5ee-424a-82eb-595be892057e","d0a50b1c-a334-4d26-9089-0f8d05063665","D17","BIGC","BIGC.AOS.reaeration.station.04","BIGC_S4_20170627","2017-06-27T17:54Z",463,"2017-06-27T18:17:00Z",79.70,77.30,14.54,96.60,99.60,97.34,100.36
"e7b3039e-7a59-46b0-9c17-80833aca3159","d0a50b1c-a334-4d26-9089-0f8d05063665","D17","BIGC","BIGC.AOS.reaeration.station.04","BIGC_S4_20170627","2017-06-27T17:54Z",1324,"2017-06-27T20:40:30Z",90.80,88.90,17.62,103.49,105.70,104.19,106.41
"13d11ba8-dd6b-4981-9cfc-13a307d79249","d0a50b1c-a334-4d26-9089-0f8d05063665","D17","BIGC","BIGC.AOS.reaeration.station.04","BIGC_S4_20170627","2017-06-27T17:54Z",783,"2017-06-27T19:10:20Z",86.10,84.50,15.75,102.63,104.58,103.40,105.36
"7b872201-b533-4705-99a7-9b861252c538","d0a50b1c-a334-4d26-9089-0f8d05063665","D17","BIGC","BIGC.AOS.reaeration.station.04","BIGC_S4_20170627","2017-06-27T17:54Z",361,"2017-06-27T18:00:00Z",79.40,77.00,14.34,96.69,99.70,97.43,100.47
"78cd44f5-a7bb-4ebe-b115-3d543d853f91","d0a50b1c-a334-4d26-9089-0f8d05063665","D17","BIGC","BIGC.AOS.reaeration.station.04","BIGC_S4_20170627","2017-06-27T17:54Z",1545,"2017-06-27T21:17:20Z",50.20,51.30,23.20,53.13,51.99,53.24,52.10
"16ff1f4a-aa83-451a-9ed5-bb69783d3acf","d0a50b1c-a334-4d26-9089-0f8d05063665","D17","BIGC","BIGC.AOS.reaeration.station.04","BIGC_S4_20170627","2017-06-27T17:54Z",1774,"2017-06-27T21:55:30Z",51.20,52.00,25.13,51.87,51.07,51.86,51.07
"a487db80-7582-459f-802e-71d4d8e82980","d0a50b1c-a334-4d26-9089-0f8d05063665","D17","BIGC","BIGC.AOS.reaeration.station.04","BIGC_S4_20170627","2017-06-27T17:54Z",697,"2017-06-27T18:56:00Z",81.40,79.20,15.36,97.07,99.77,97.81,100.53
"e3b6befa-b932-4cb0-9153-32c6cc43afc1","d0a50b1c-a334-4d26-9089-0f8d05063665","D17","BIGC","BIGC.AOS.reaeration.station.04","BIGC_S4_20170627","2017-06-27T17:54Z",108,"2017-06-27T17:17:50Z",78.50,76.20,13.95,96.58,99.50,97.33,100.26
"f9ca922f-69e0-4220-978a-9cf795f0551b","d0a50b1c-a334-4d26-9089-0f8d05063665","D17","BIGC","BIGC.AOS.reaeration.station.04","BIGC_S4_20170627","2017-06-27T17:54Z",1602,"2017-06-27T21:26:50Z",50.40,51.30,23.86,52.44,51.52,52.51,51.59
"cb37413c-cc4c-42f7-8692-c043188eca93","d0a50b1c-a334-4d26-9089-0f8d05063665","D17","BIGC","BIGC.AOS.reaeration.station.04","BIGC_S4_20170627","2017-06-27T17:54Z",885,"2017-06-27T19:27:20Z",87.20,85.20,16.17,102.48,104.89,103.24,105.66
"b6e726a6-a232-4a18-948c-4dbe72f8cff5","d0a50b1c-a334-4d26-9089-0f8d05063665","D17","BIGC","BIGC.AOS.reaeration.station.04","BIGC_S4_20170627","2017-06-27T17:54Z",2387,"2017-06-27T23:37:40Z",54.90,56.10,26.01,55.04,53.86,54.97,53.79
"fa5473e2-183e-4a71-ad34-7120e24b7546","d0a50b1c-a334-4d26-9089-0f8d05063665","D17","BIGC","BIGC.AOS.reaeration.station.04","BIGC_S4_20170627","2017-06-27T17:54Z",2408,"2017-06-27T23:41:10Z",54.80,56.10,26.01,55.04,53.76,54.97,53.69
"3befba4e-fe39-4eff-9c5c-1abbfe9cfb47","d0a50b1c-a334-4d26-9089-0f8d05063665","D17","BIGC","BIGC.AOS.reaeration.station.04","BIGC_S4_20170627","2017-06-27T17:54Z",1849,"2017-06-27T22:08:00Z",51.70,52.70,25.50,52.20,51.21,52.17,51.18
"9fed879b-1574-4cdd-86b7-f2836faae6ee","d0a50b1c-a334-4d26-9089-0f8d05063665","D17","BIGC","BIGC.AOS.reaeration.station.04","BIGC_S4_20170627","2017-06-27T17:54Z",113,"2017-06-27T17:18:40Z",78.60,76.60,13.96,97.07,99.60,97.81,100.37
"b5714a10-626a-4c48-8089-a20e4e16ea3d","d0a50b1c-a334-4d26-9089-0f8d05063665","D17","BIGC","BIGC.AOS.reaeration.station.04","BIGC_S4_20170627","2017-06-27T17:54Z",1616,"2017-06-27T21:29:10Z",50.50,51.30,24.01,52.29,51.47,52.35,51.53
"13df7cd7-5b02-42e4-9b0c-b082daf6012f","d0a50b1c-a334-4d26-9089-0f8d05063665","D17","BIGC","BIGC.AOS.reaeration.station.04","BIGC_S4_20170627","2017-06-27T17:54Z",1587,"2017-06-27T21:24:20Z",50.30,51.30,23.69,52.62,51.59,52.70,51.67
"04464426-92b0-44cf-ab80-ea6fd4816415","d0a50b1c-a334-4d26-9089-0f8d05063665","D17","BIGC","BIGC.AOS.reaeration.station.04","BIGC_S4_20170627","2017-06-27T17:54Z",952,"2017-06-27T19:38:30Z",87.50,85.60,16.40,102.42,104.70,103.17,105.46
"7f8e6a40-1bd3-406a-8ed3-ec9675c33504","d0a50b1c-a334-4d26-9089-0f8d05063665","D17","BIGC","BIGC.AOS.reaeration.station.04","BIGC_S4_20170627","2017-06-27T17:54Z",1215,"2017-06-27T20:22:20Z",90.60,88.50,17.28,103.81,106.27,104.53,107.01
"34414a75-dc7e-465e-8f47-26de2c11743d","d0a50b1c-a334-4d26-9089-0f8d05063665","D17","BIGC","BIGC.AOS.reaeration.station.04","BIGC_S4_20170627","2017-06-27T17:54Z",2140,"2017-06-27T22:56:30Z",54.20,55.30,26.00,54.26,53.18,54.20,53.12
"78805397-1522-477d-95b5-9e4373b8aa82","d0a50b1c-a334-4d26-9089-0f8d05063665","D17","BIGC","BIGC.AOS.reaeration.station.04","BIGC_S4_20170627","2017-06-27T17:54Z",2438,"2017-06-27T23:46:10Z",54.70,56.10,26.01,55.04,53.66,54.97,53.60
"77551312-1ea5-4712-89d7-c779df97accc","d0a50b1c-a334-4d26-9089-0f8d05063665","D17","BIGC","BIGC.AOS.reaeration.station.04","BIGC_S4_20170627","2017-06-27T17:54Z",2558,"2017-06-28T00:06:10Z",53.40,55.00,26.02,53.95,52.38,53.88,52.31
"859a7f3c-0fd9-45c0-97ef-69b333fb0b33","d0a50b1c-a334-4d26-9089-0f8d05063665","D17","BIGC","BIGC.AOS.reaeration.station.04","BIGC_S4_20170627","2017-06-27T17:54Z",10,"2017-06-27T17:01:30Z",78.50,76.20,13.89,96.73,99.64,97.47,100.41
"faf685e6-277a-4b9a-b0ae-42d7ca1e1480","d0a50b1c-a334-4d26-9089-0f8d05063665","D17","BIGC","BIGC.AOS.reaeration.station.04","BIGC_S4_20170627","2017-06-27T17:54Z",1632,"2017-06-27T21:31:50Z",50.60,51.30,24.16,52.14,51.43,52.19,51.48
"b0eb8c4c-fbbf-4149-a3e5-c2d8fae48da6","d0a50b1c-a334-4d26-9089-0f8d05063665","D17","BIGC","BIGC.AOS.reaeration.station.04","BIGC_S4_20170627","2017-06-27T17:54Z",1077,"2017-06-27T19:59:20Z",85.80,83.60,16.81,99.10,101.71,99.81,102.44
"d5bc00e5-585b-47b9-989e-05e778f0cc41","d0a50b1c-a334-4d26-9089-0f8d05063665","D17","BIGC","BIGC.AOS.reaeration.station.04","BIGC_S4_20170627","2017-06-27T17:54Z",1297,"2017-06-27T20:36:00Z",91.30,89.30,17.53,104.16,106.49,104.87,107.22
"ae9a6c35-542f-4cdf-8f17-3504dc39c797","d0a50b1c-a334-4d26-9089-0f8d05063665","D17","BIGC","BIGC.AOS.reaeration.station.04","BIGC_S4_20170627","2017-06-27T17:54Z",2237,"2017-06-27T23:12:40Z",54.80,56.10,26.02,55.03,53.75,54.96,53.68
"4ae400c5-feff-4e97-92ae-da8eda3b41c6","d0a50b1c-a334-4d26-9089-0f8d05063665","D17","BIGC","BIGC.AOS.reaeration.station.04","BIGC_S4_20170627","2017-06-27T17:54Z",1380,"2017-06-27T20:49:50Z",47.40,48.10,19.32,53.95,53.17,54.26,53.47
"2c6fd11e-2899-48d7-a43d-5d3d5654800a","d0a50b1c-a334-4d26-9089-0f8d05063665","D17","BIGC","BIGC.AOS.reaeration.station.04","BIGC_S4_20170627","2017-06-27T17:54Z",165,"2017-06-27T17:27:20Z",78.70,76.60,14.02,96.93,99.58,97.67,100.35
"1be04698-653c-44f8-82bd-a6f05385f036","d0a50b1c-a334-4d26-9089-0f8d05063665","D17","BIGC","BIGC.AOS.reaeration.station.04","BIGC_S4_20170627","2017-06-27T17:54Z",922,"2017-06-27T19:33:30Z",87.40,85.60,16.31,102.64,104.79,103.39,105.56
"e6b1da66-09c7-45a2-b485-d0147bd5bde9","d0a50b1c-a334-4d26-9089-0f8d05063665","D17","BIGC","BIGC.AOS.reaeration.station.04","BIGC_S4_20170627","2017-06-27T17:54Z",941,"2017-06-27T19:36:40Z",87.40,85.60,16.38,102.47,104.63,103.22,105.39
"3c89c115-5af5-4043-8c74-4ea52a95ebc4","d0a50b1c-a334-4d26-9089-0f8d05063665","D17","BIGC","BIGC.AOS.reaeration.station.04","BIGC_S4_20170627","2017-06-27T17:54Z",2081,"2017-06-27T22:46:40Z",53.90,55.00,25.99,53.98,52.90,53.91,52.83
"cd701435-3c9c-4a3c-a011-a6183926fc3b","d0a50b1c-a334-4d26-9089-0f8d05063665","D17","BIGC","BIGC.AOS.reaeration.station.04","BIGC_S4_20170627","2017-06-27T17:54Z",136,"2017-06-27T17:22:30Z",78.60,76.20,13.99,96.49,99.53,97.23,100.29
"5ab55420-5806-4d89-bba9-ac3571926ef6","d0a50b1c-a334-4d26-9089-0f8d05063665","D17","BIGC","BIGC.AOS.reaeration.station.04","BIGC_S4_20170627","2017-06-27T17:54Z",2184,"2017-06-27T23:03:50Z",54.60,55.70,26.01,54.65,53.57,54.58,53.50
"0fd02b14-b03a-4a14-a5b0-bde389565f87","d0a50b1c-a334-4d26-9089-0f8d05063665","D17","BIGC","BIGC.AOS.reaeration.station.04","BIGC_S4_20170627","2017-06-27T17:54Z",2463,"2017-06-27T23:50:20Z",54.60,56.10,26.02,55.03,53.56,54.96,53.49
"838173c1-26f6-4184-a214-44e7d7e1b2fd","d0a50b1c-a334-4d26-9089-0f8d05063665","D17","BIGC","BIGC.AOS.reaeration.station.04","BIGC_S4_20170627","2017-06-27T17:54Z",1552,"2017-06-27T21:18:30Z",50.20,51.30,23.29,53.03,51.89,53.14,52.00
"92a27df4-907c-47a9-8790-b12ab61944f0","d0a50b1c-a334-4d26-9089-0f8d05063665","D17","BIGC","BIGC.AOS.reaeration.station.04","BIGC_S4_20170627","2017-06-27T17:54Z",775,"2017-06-27T19:09:00Z",85.90,83.70,15.71,101.76,104.43,102.52,105.21
"4d998c77-c066-4afb-bf15-4cec37f567e2","d0a50b1c-a334-4d26-9089-0f8d05063665","D17","BIGC","BIGC.AOS.reaeration.station.04","BIGC_S4_20170627","2017-06-27T17:54Z",44,"2017-06-27T17:07:10Z",78.50,76.20,13.89,96.73,99.64,97.47,100.41
"a9917bf7-7147-4cc7-a135-124554afeb8d","d0a50b1c-a334-4d26-9089-0f8d05063665","D17","BIGC","BIGC.AOS.reaeration.station.04","BIGC_S4_20170627","2017-06-27T17:54Z",2306,"2017-06-27T23:24:10Z",54.90,56.10,26.01,55.04,53.86,54.97,53.79
"0a22b8ab-9d8e-4254-a875-69a078ae1f65","d0a50b1c-a334-4d26-9089-0f8d05063665","D17","BIGC","BIGC.AOS.reaeration.station.04","BIGC_S4_20170627","2017-06-27T17:54Z",1576,"2017-06-27T21:22:30Z",50.20,51.30,23.57,52.74,51.61,52.83,51.70
"de4f2bc6-c5a9-47cd-97c4-4738be67cc09","d0a50b1c-a334-4d26-9089-0f8d05063665","D17","BIGC","BIGC.AOS.reaeration.station.04","BIGC_S4_20170627","2017-06-27T17:54Z",61,"2017-06-27T17:10:00Z",78.50,76.20,13.90,96.70,99.62,97.44,100.38
"ba029b6c-5f79-4ae6-89e9-7bddd52bc10e","d0a50b1c-a334-4d26-9089-0f8d05063665","D17","BIGC","BIGC.AOS.reaeration.station.04","BIGC_S4_20170627","2017-06-27T17:54Z",1144,"2017-06-27T20:10:30Z",89.60,87.80,17.03,103.57,105.69,104.29,106.43
"90770879-5ebc-47e3-93df-42c8435d0655","d0a50b1c-a334-4d26-9089-0f8d05063665","D17","BIGC","BIGC.AOS.reaeration.station.04","BIGC_S4_20170627","2017-06-27T17:54Z",2281,"2017-06-27T23:20:00Z",55.00,56.10,26.01,55.04,53.96,54.97,53.89
"a9b1f571-d3a4-443f-8217-faf825432660","d0a50b1c-a334-4d26-9089-0f8d05063665","D17","BIGC","BIGC.AOS.reaeration.station.04","BIGC_S4_20170627","2017-06-27T17:54Z",2499,"2017-06-27T23:56:20Z",54.30,55.70,26.02,54.64,53.26,54.57,53.19
"9ec06106-9b93-4f89-bcb5-84f822e0599d","d0a50b1c-a334-4d26-9089-0f8d05063665","D17","BIGC","BIGC.AOS.reaeration.station.04","BIGC_S4_20170627","2017-06-27T17:54Z",144,"2017-06-27T17:23:50Z",78.70,76.20,13.99,96.49,99.66,97.23,100.42
"0198aa74-4947-455e-aa87-6990bbc81a8a","d0a50b1c-a334-4d26-9089-0f8d05063665","D17","BIGC","BIGC.AOS.reaeration.station.04","BIGC_S4_20170627","2017-06-27T17:54Z",334,"2017-06-27T17:55:30Z",79.30,77.00,14.29,96.80,99.69,97.55,100.46
"4445834d-769b-4dd9-9175-f59ca7d648a5","d0a50b1c-a334-4d26-9089-0f8d05063665","D17","BIGC","BIGC.AOS.reaeration.station.04","BIGC_S4_20170627","2017-06-27T17:54Z",1691,"2017-06-27T21:41:40Z",50.80,51.30,24.63,51.67,51.16,51.69,51.18
"8b0534d6-faf8-4868-b7ad-3c816c81a1ac","d0a50b1c-a334-4d26-9089-0f8d05063665","D17","BIGC","BIGC.AOS.reaeration.station.04","BIGC_S4_20170627","2017-06-27T17:54Z",434,"2017-06-27T18:12:10Z",79.70,77.30,14.47,96.76,99.77,97.50,100.53
"d5a77892-2dc3-4cb7-a348-207f215a516e","d0a50b1c-a334-4d26-9089-0f8d05063665","D17","BIGC","BIGC.AOS.reaeration.station.04","BIGC_S4_20170627","2017-06-27T17:54Z",2117,"2017-06-27T22:52:40Z",54.10,55.00,26.00,53.97,53.09,53.90,53.02
"651228bb-a1ee-4856-8eb4-2e807f46645f","d0a50b1c-a334-4d26-9089-0f8d05063665","D17","BIGC","BIGC.AOS.reaeration.station.04","BIGC_S4_20170627","2017-06-27T17:54Z",1967,"2017-06-27T22:27:40Z",52.80,53.80,25.86,52.93,51.95,52.87,51.89
"41c6e5a3-92df-4ade-8cb1-093ea1b42e45","d0a50b1c-a334-4d26-9089-0f8d05063665","D17","BIGC","BIGC.AOS.reaeration.station.04","BIGC_S4_20170627","2017-06-27T17:54Z",1857,"2017-06-27T22:09:20Z",52.00,52.70,25.53,52.17,51.48,52.14,51.45
"4bbd0e31-84cb-45d2-85bf-8176c245262c","d0a50b1c-a334-4d26-9089-0f8d05063665","D17","BIGC","BIGC.AOS.reaeration.station.04","BIGC_S4_20170627","2017-06-27T17:54Z",756,"2017-06-27T19:05:50Z",85.40,83.30,15.64,101.43,103.99,102.20,104.77
"46686cc0-0aad-46ef-8b13-2fd09ea4c673","d0a50b1c-a334-4d26-9089-0f8d05063665","D17","BIGC","BIGC.AOS.reaeration.station.04","BIGC_S4_20170627","2017-06-27T17:54Z",1807,"2017-06-27T22:01:00Z",51.40,52.40,25.31,52.09,51.10,52.07,51.08
"81bfeaff-d5cf-4bc0-89bd-e109cec5347b","d0a50b1c-a334-4d26-9089-0f8d05063665","D17","BIGC","BIGC.AOS.reaeration.station.04","BIGC_S4_20170627","2017-06-27T17:54Z",1564,"2017-06-27T21:20:30Z",50.30,51.30,23.44,52.88,51.84,52.97,51.94
"bc314ede-7aac-49de-8c8a-ee4b91e57e0c","d0a50b1c-a334-4d26-9089-0f8d05063665","D17","BIGC","BIGC.AOS.reaeration.station.04","BIGC_S4_20170627","2017-06-27T17:54Z",1049,"2017-06-27T19:54:40Z",85.60,83.20,16.71,98.85,101.70,99.56,102.43
"e31576a4-88b5-4d07-8291-b724c9e28ee0","d0a50b1c-a334-4d26-9089-0f8d05063665","D17","BIGC","BIGC.AOS.reaeration.station.04","BIGC_S4_20170627","2017-06-27T17:54Z",2457,"2017-06-27T23:49:20Z",54.60,56.10,26.02,55.03,53.56,54.96,53.49
"0e5a2b83-a462-4413-84ba-a15fa9626825","d0a50b1c-a334-4d26-9089-0f8d05063665","D17","BIGC","BIGC.AOS.reaeration.station.04","BIGC_S4_20170627","2017-06-27T17:54Z",637,"2017-06-27T18:46:00Z",81.00,78.40,15.13,96.61,99.82,97.35,100.58
"14e31e4d-32ee-4446-b5aa-f9d6b852865d","d0a50b1c-a334-4d26-9089-0f8d05063665","D17","BIGC","BIGC.AOS.reaeration.station.04","BIGC_S4_20170627","2017-06-27T17:54Z",581,"2017-06-27T18:36:40Z",80.40,78.10,14.89,96.79,99.64,97.53,100.40
"16d8df04-c505-44fd-b303-cc7a0aad89cc","d0a50b1c-a334-4d26-9089-0f8d05063665","D17","BIGC","BIGC.AOS.reaeration.station.04","BIGC_S4_20170627","2017-06-27T17:54Z",737,"2017-06-27T19:02:40Z",84.40,82.60,15.54,100.82,103.01,101.58,103.79
"1e3681b7-f547-4d9b-9875-c594b302ae1a","d0a50b1c-a334-4d26-9089-0f8d05063665","D17","BIGC","BIGC.AOS.reaeration.station.04","BIGC_S4_20170627","2017-06-27T17:54Z",1594,"2017-06-27T21:25:30Z",50.30,51.30,23.77,52.53,51.51,52.61,51.58
"98e2a6b7-52bc-4b30-ab2c-49a6139732a6","d0a50b1c-a334-4d26-9089-0f8d05063665","D17","BIGC","BIGC.AOS.reaeration.station.04","BIGC_S4_20170627","2017-06-27T17:54Z",2026,"2017-06-27T22:37:30Z",53.30,54.20,25.94,53.24,52.36,53.18,52.30
"bafd9d3f-402e-4467-b506-a3652c7b081a","d0a50b1c-a334-4d26-9089-0f8d05063665","D17","BIGC","BIGC.AOS.reaeration.station.04","BIGC_S4_20170627","2017-06-27T17:54Z",2201,"2017-06-27T23:06:40Z",54.60,55.70,26.02,54.64,53.56,54.57,53.49
"ebc735de-30d9-4816-8977-4b8eec803981","d0a50b1c-a334-4d26-9089-0f8d05063665","D17","BIGC","BIGC.AOS.reaeration.station.04","BIGC_S4_20170627","2017-06-27T17:54Z",109,"2017-06-27T17:18:00Z",78.60,76.20,13.96,96.56,99.60,97.30,100.37
"3460038b-5bfa-465e-9093-8d6e9fdb056d","d0a50b1c-a334-4d26-9089-0f8d05063665","D17","BIGC","BIGC.AOS.reaeration.station.04","BIGC_S4_20170627","2017-06-27T17:54Z",276,"2017-06-27T17:45:50Z",79.00,77.00,14.18,97.06,99.58,97.80,100.34
"6161723b-d611-4f25-b7c0-fe72df3e4283","d0a50b1c-a334-4d26-9089-0f8d05063665","D17","BIGC","BIGC.AOS.reaeration.station.04","BIGC_S4_20170627","2017-06-27T17:54Z",104,"2017-06-27T17:17:10Z",78.60,76.20,13.95,96.58,99.63,97.33,100.39
"014273cf-4b9f-4644-bb58-17f338634ffb","d0a50b1c-a334-4d26-9089-0f8d05063665","D17","BIGC","BIGC.AOS.reaeration.station.04","BIGC_S4_20170627","2017-06-27T17:54Z",987,"2017-06-27T19:44:20Z",87.60,85.60,16.51,102.17,104.55,102.91,105.31
"d932b5f9-e76b-49df-8c71-c99ba1899b6b","d0a50b1c-a334-4d26-9089-0f8d05063665","D17","BIGC","BIGC.AOS.reaeration.station.04","BIGC_S4_20170627","2017-06-27T17:54Z",899,"2017-06-27T19:29:40Z",87.30,85.20,16.22,102.37,104.89,103.12,105.66
"b4721f75-1233-4658-b8f9-81f52891facb","d0a50b1c-a334-4d26-9089-0f8d05063665","D17","BIGC","BIGC.AOS.reaeration.station.04","BIGC_S4_20170627","2017-06-27T17:54Z",709,"2017-06-27T18:58:00Z",81.80,79.50,15.42,97.30,100.12,98.04,100.88
"cc4d24d5-6b17-4bc3-8531-6db518069833","d0a50b1c-a334-4d26-9089-0f8d05063665","D17","BIGC","BIGC.AOS.reaeration.station.04","BIGC_S4_20170627","2017-06-27T17:54Z",1428,"2017-06-27T20:57:50Z",48.60,49.60,20.94,53.77,52.69,54.00,52.92
"89f7a351-9bee-46c9-9296-1ef537a53e86","d0a50b1c-a334-4d26-9089-0f8d05063665","D17","BIGC","BIGC.AOS.reaeration.station.04","BIGC_S4_20170627","2017-06-27T17:54Z",1974,"2017-06-27T22:28:50Z",52.90,53.80,25.87,52.92,52.04,52.86,51.98
"ba89abdf-9bb1-4515-b89f-49e56eb3141d","d0a50b1c-a334-4d26-9089-0f8d05063665","D17","BIGC","BIGC.AOS.reaeration.station.04","BIGC_S4_20170627","2017-06-27T17:54Z",1079,"2017-06-27T19:59:40Z",85.80,83.60,16.79,99.15,101.76,99.86,102.48
"eb8aad00-45c6-4eaa-b639-19da4fef803f","d0a50b1c-a334-4d26-9089-0f8d05063665","D17","BIGC","BIGC.AOS.reaeration.station.04","BIGC_S4_20170627","2017-06-27T17:54Z",1031,"2017-06-27T19:51:40Z",86.40,84.00,16.65,99.94,102.79,100.66,103.53
"59000ddc-51f1-431f-82e8-51cc903bd200","d0a50b1c-a334-4d26-9089-0f8d05063665","D17","BIGC","BIGC.AOS.reaeration.station.04","BIGC_S4_20170627","2017-06-27T17:54Z",1060,"2017-06-27T19:56:30Z",85.40,83.20,16.73,98.81,101.42,99.52,102.15
"d449c357-6c69-4fd8-98a0-f5526072e0c0","d0a50b1c-a334-4d26-9089-0f8d05063665","D17","BIGC","BIGC.AOS.reaeration.station.04","BIGC_S4_20170627","2017-06-27T17:54Z",870,"2017-06-27T19:24:50Z",87.00,85.20,16.12,102.60,104.77,103.36,105.54
"11696f1b-df1d-4e0f-a94a-b2e590b6c0d5","d0a50b1c-a334-4d26-9089-0f8d05063665","D17","BIGC","BIGC.AOS.reaeration.station.04","BIGC_S4_20170627","2017-06-27T17:54Z",1994,"2017-06-27T22:32:10Z",53.10,54.60,25.89,53.69,52.21,53.63,52.15
"2e069004-9435-4c88-825e-8e0e09d3c196","d0a50b1c-a334-4d26-9089-0f8d05063665","D17","BIGC","BIGC.AOS.reaeration.station.04","BIGC_S4_20170627","2017-06-27T17:54Z",2009,"2017-06-27T22:34:40Z",53.10,54.20,25.92,53.26,52.18,53.20,52.12
"f70b24ed-cde7-4a92-a6af-182fcf5f98fe","d0a50b1c-a334-4d26-9089-0f8d05063665","D17","BIGC","BIGC.AOS.reaeration.station.04","BIGC_S4_20170627","2017-06-27T17:54Z",1578,"2017-06-27T21:22:50Z",50.20,51.30,23.59,52.72,51.59,52.81,51.67
"50db0c58-d2cf-40ca-9577-c98da15b0d17","d0a50b1c-a334-4d26-9089-0f8d05063665","D17","BIGC","BIGC.AOS.reaeration.station.04","BIGC_S4_20170627","2017-06-27T17:54Z",1123,"2017-06-27T20:07:00Z",88.70,86.70,16.95,102.45,104.82,103.18,105.56
"170d737b-b4b3-4d22-b559-dec83eab43c4","d0a50b1c-a334-4d26-9089-0f8d05063665","D17","BIGC","BIGC.AOS.reaeration.station.04","BIGC_S4_20170627","2017-06-27T17:54Z",1495,"2017-06-27T21:09:00Z",49.70,50.60,22.43,53.21,52.27,53.37,52.42
"9bdf9daf-0f72-4671-b011-de3f173636c4","d0a50b1c-a334-4d26-9089-0f8d05063665","D17","BIGC","BIGC.AOS.reaeration.station.04","BIGC_S4_20170627","2017-06-27T17:54Z",1166,"2017-06-27T20:14:10Z",90.20,88.20,17.12,103.83,106.18,104.55,106.92
"0c4b767c-f6d2-4962-b80b-db22559e8792","d0a50b1c-a334-4d26-9089-0f8d05063665","D17","BIGC","BIGC.AOS.reaeration.station.04","BIGC_S4_20170627","2017-06-27T17:54Z",908,"2017-06-27T19:31:10Z",87.30,85.60,16.26,102.75,104.79,103.51,105.56
"e60ecfc5-fbb4-4c91-8188-d9e3e69a511e","d0a50b1c-a334-4d26-9089-0f8d05063665","D17","BIGC","BIGC.AOS.reaeration.station.04","BIGC_S4_20170627","2017-06-27T17:54Z",1463,"2017-06-27T21:03:40Z",49.20,49.90,21.80,53.15,52.40,53.34,52.59
"995de873-e245-4f9a-b988-6bae97508045","d0a50b1c-a334-4d26-9089-0f8d05063665","D17","BIGC","BIGC.AOS.reaeration.station.04","BIGC_S4_20170627","2017-06-27T17:54Z",127,"2017-06-27T17:21:00Z",78.70,76.20,13.97,96.54,99.71,97.28,100.47
"06902b7c-8384-4a5b-abfa-2f30782be2df","d0a50b1c-a334-4d26-9089-0f8d05063665","D17","BIGC","BIGC.AOS.reaeration.station.04","BIGC_S4_20170627","2017-06-27T17:54Z",638,"2017-06-27T18:46:10Z",80.90,78.40,15.14,96.59,99.67,97.33,100.43
"7d5abd93-02ee-4001-bcbd-7d6638741c1a","d0a50b1c-a334-4d26-9089-0f8d05063665","D17","BIGC","BIGC.AOS.reaeration.station.04","BIGC_S4_20170627","2017-06-27T17:54Z",2533,"2017-06-28T00:02:00Z",53.90,55.30,26.02,54.24,52.87,54.17,52.80
"db66b696-ac5b-447b-a442-11927ce22f4f","d0a50b1c-a334-4d26-9089-0f8d05063665","D17","BIGC","BIGC.AOS.reaeration.station.04","BIGC_S4_20170627","2017-06-27T17:54Z",216,"2017-06-27T17:35:50Z",79.00,76.60,14.11,96.72,99.75,97.46,100.51
"1baf3cca-cdbc-4d0c-874b-76aeb13a5d3c","d0a50b1c-a334-4d26-9089-0f8d05063665","D17","BIGC","BIGC.AOS.reaeration.station.04","BIGC_S4_20170627","2017-06-27T17:54Z",260,"2017-06-27T17:43:10Z",79.00,76.60,14.16,96.60,99.63,97.34,100.39
"f377430f-a718-409a-958f-3e3f8357c064","d0a50b1c-a334-4d26-9089-0f8d05063665","D17","BIGC","BIGC.AOS.reaeration.station.04","BIGC_S4_20170627","2017-06-27T17:54Z",259,"2017-06-27T17:43:00Z",79.00,77.00,14.15,97.13,99.65,97.87,100.42
"dba5ed56-cd91-41d5-b92f-c7789eb2e08b","d0a50b1c-a334-4d26-9089-0f8d05063665","D17","BIGC","BIGC.AOS.reaeration.station.04","BIGC_S4_20170627","2017-06-27T17:54Z",1231,"2017-06-27T20:25:00Z",90.80,88.90,17.33,104.16,106.39,104.88,107.12
"71574558-6d74-490e-8e5b-9ed653e447fe","d0a50b1c-a334-4d26-9089-0f8d05063665","D17","BIGC","BIGC.AOS.reaeration.station.04","BIGC_S4_20170627","2017-06-27T17:54Z",2075,"2017-06-27T22:45:40Z",53.80,54.60,25.99,53.59,52.80,53.52,52.74
"a118a734-cdd4-4acc-8fb0-0602aa5c6d99","d0a50b1c-a334-4d26-9089-0f8d05063665","D17","BIGC","BIGC.AOS.reaeration.station.04","BIGC_S4_20170627","2017-06-27T17:54Z",645,"2017-06-27T18:47:20Z",81.00,78.40,15.14,96.59,99.79,97.33,100.55
"bfc5932c-5a4a-404a-b794-cf540ec09d1e","d0a50b1c-a334-4d26-9089-0f8d05063665","D17","BIGC","BIGC.AOS.reaeration.station.04","BIGC_S4_20170627","2017-06-27T17:54Z",1138,"2017-06-27T20:09:30Z",89.40,87.40,17.01,103.14,105.50,103.87,106.24
"1b57925b-b157-4082-83a5-bf2ac970836c","d0a50b1c-a334-4d26-9089-0f8d05063665","D17","BIGC","BIGC.AOS.reaeration.station.04","BIGC_S4_20170627","2017-06-27T17:54Z",2399,"2017-06-27T23:39:40Z",54.80,56.10,26.01,55.04,53.76,54.97,53.69
"f29e7299-0c6e-4152-9e20-a24552a559b9","d0a50b1c-a334-4d26-9089-0f8d05063665","D17","BIGC","BIGC.AOS.reaeration.station.04","BIGC_S4_20170627","2017-06-27T17:54Z",1878,"2017-06-27T22:12:50Z",52.00,53.10,25.61,52.49,51.40,52.45,51.36
"d2e3a7fd-3f55-4d2a-a592-0df4023cd5e6","d0a50b1c-a334-4d26-9089-0f8d05063665","D17","BIGC","BIGC.AOS.reaeration.station.04","BIGC_S4_20170627","2017-06-27T17:54Z",1464,"2017-06-27T21:03:50Z",49.30,49.90,21.83,53.12,52.48,53.30,52.66
"df6bc1da-a0b1-4df2-9ddb-7369da83bbb7","d0a50b1c-a334-4d26-9089-0f8d05063665","D17","BIGC","BIGC.AOS.reaeration.station.04","BIGC_S4_20170627","2017-06-27T17:54Z",1173,"2017-06-27T20:15:20Z",90.20,88.50,17.13,104.16,106.16,104.89,106.90
"3337846b-fbca-4199-940f-83a3504c6e13","d0a50b1c-a334-4d26-9089-0f8d05063665","D17","BIGC","BIGC.AOS.reaeration.station.04","BIGC_S4_20170627","2017-06-27T17:54Z",2111,"2017-06-27T22:51:40Z",53.80,55.00,26.00,53.97,52.79,53.90,52.73
"cd81ec25-37b8-4453-9cee-c50ba7bc4507","d0a50b1c-a334-4d26-9089-0f8d05063665","D17","BIGC","BIGC.AOS.reaeration.station.04","BIGC_S4_20170627","2017-06-27T17:54Z",1860,"2017-06-27T22:09:50Z",51.80,52.70,25.55,52.15,51.26,52.12,51.23
"268bb211-5d8d-46b7-9f18-eaea5f5159e3","d0a50b1c-a334-4d26-9089-0f8d05063665","D17","BIGC","BIGC.AOS.reaeration.station.04","BIGC_S4_20170627","2017-06-27T17:54Z",1,"2017-06-27T17:00:00Z",78.50,76.20,13.90,96.70,99.62,97.44,100.38
"cdc6dde5-fe66-4a46-aac2-a73e73d4e170","d0a50b1c-a334-4d26-9089-0f8d05063665","D17","BIGC","BIGC.AOS.reaeration.station.04","BIGC_S4_20170627","2017-06-27T17:54Z",1230,"2017-06-27T20:24:50Z",90.80,88.90,17.33,104.16,106.39,104.88,107.12
"e494e97d-db58-4043-9198-a178c5fb8f1c","d0a50b1c-a334-4d26-9089-0f8d05063665","D17","BIGC","BIGC.AOS.reaeration.station.04","BIGC_S4_20170627","2017-06-27T17:54Z",1323,"2017-06-27T20:40:20Z",90.80,88.90,17.61,103.51,105.72,104.21,106.44
"ce56ce2a-ac30-4b61-a078-e1ceba1f5256","d0a50b1c-a334-4d26-9089-0f8d05063665","D17","BIGC","BIGC.AOS.reaeration.station.04","BIGC_S4_20170627","2017-06-27T17:54Z",267,"2017-06-27T17:44:20Z",79.00,76.60,14.17,96.58,99.60,97.32,100.37
"7e4a2b39-0dc6-40c9-b07d-1454c19254a1","d0a50b1c-a334-4d26-9089-0f8d05063665","D17","BIGC","BIGC.AOS.reaeration.station.04","BIGC_S4_20170627","2017-06-27T17:54Z",1335,"2017-06-27T20:42:20Z",46.00,46.70,17.86,54.07,53.26,54.43,53.62
"e956b3d3-2f91-445f-b05a-d527e5ab998f","d0a50b1c-a334-4d26-9089-0f8d05063665","D17","BIGC","BIGC.AOS.reaeration.station.04","BIGC_S4_20170627","2017-06-27T17:54Z",2085,"2017-06-27T22:47:20Z",53.80,54.60,25.99,53.59,52.80,53.52,52.74
"1e9ae7dc-c1e3-4dd9-ae81-f7181966bbb4","d0a50b1c-a334-4d26-9089-0f8d05063665","D17","BIGC","BIGC.AOS.reaeration.station.04","BIGC_S4_20170627","2017-06-27T17:54Z",1081,"2017-06-27T20:00:00Z",85.80,83.60,16.82,99.08,101.69,99.79,102.41
"e22f9e49-a0ab-494c-b471-d9ad58b202bf","d0a50b1c-a334-4d26-9089-0f8d05063665","D17","BIGC","BIGC.AOS.reaeration.station.04","BIGC_S4_20170627","2017-06-27T17:54Z",703,"2017-06-27T18:57:00Z",81.50,79.20,15.40,96.98,99.80,97.72,100.55
"04cb294d-686a-46cc-9322-19686adbb148","d0a50b1c-a334-4d26-9089-0f8d05063665","D17","BIGC","BIGC.AOS.reaeration.station.04","BIGC_S4_20170627","2017-06-27T17:54Z",1993,"2017-06-27T22:32:00Z",53.10,53.80,25.89,52.90,52.21,52.84,52.15
"0e03abc9-d252-4fee-b3b3-ac10a539dfdd","d0a50b1c-a334-4d26-9089-0f8d05063665","D17","BIGC","BIGC.AOS.reaeration.station.04","BIGC_S4_20170627","2017-06-27T17:54Z",238,"2017-06-27T17:39:30Z",79.00,76.60,14.12,96.69,99.72,97.44,100.49
"ae72717a-a2d3-4985-99aa-902bcf403d1a","d0a50b1c-a334-4d26-9089-0f8d05063665","D17","BIGC","BIGC.AOS.reaeration.station.04","BIGC_S4_20170627","2017-06-27T17:54Z",2120,"2017-06-27T22:53:10Z",54.10,55.00,26.00,53.97,53.09,53.90,53.02
"f13a41d8-cc1c-4246-b65a-105ea16578fb","d0a50b1c-a334-4d26-9089-0f8d05063665","D17","BIGC","BIGC.AOS.reaeration.station.04","BIGC_S4_20170627","2017-06-27T17:54Z",1487,"2017-06-27T21:07:40Z",49.60,50.30,22.29,53.05,52.31,53.21,52.47
"7a0e6d6d-ad3d-46ed-b335-38aee59f415a","d0a50b1c-a334-4d26-9089-0f8d05063665","D17","BIGC","BIGC.AOS.reaeration.station.04","BIGC_S4_20170627","2017-06-27T17:54Z",1858,"2017-06-27T22:09:30Z",51.80,52.70,25.53,52.17,51.28,52.14,51.25
"a138ea3e-676a-482b-b102-a103732eedf3","d0a50b1c-a334-4d26-9089-0f8d05063665","D17","BIGC","BIGC.AOS.reaeration.station.04","BIGC_S4_20170627","2017-06-27T17:54Z",145,"2017-06-27T17:24:00Z",78.70,76.20,13.99,96.49,99.66,97.23,100.42
"3e7d9c8c-37cf-47f8-a157-9b68465baafb","d0a50b1c-a334-4d26-9089-0f8d05063665","D17","BIGC","BIGC.AOS.reaeration.station.04","BIGC_S4_20170627","2017-06-27T17:54Z",3,"2017-06-27T17:00:20Z",78.50,76.20,13.90,96.70,99.62,97.44,100.38
"9f0d424a-f851-406b-ae59-1f014f636d0b","d0a50b1c-a334-4d26-9089-0f8d05063665","D17","BIGC","BIGC.AOS.reaeration.station.04","BIGC_S4_20170627","2017-06-27T17:54Z",704,"2017-06-27T18:57:10Z",81.50,79.20,15.40,96.98,99.80,97.72,100.55
"42264c39-90bc-4c9c-a7d7-27d8201b31a6","d0a50b1c-a334-4d26-9089-0f8d05063665","D17","BIGC","BIGC.AOS.reaeration.station.04","BIGC_S4_20170627","2017-06-27T17:54Z",1207,"2017-06-27T20:21:00Z",90.60,88.50,17.25,103.88,106.34,104.60,107.08
"4ebab6da-1359-493b-a11f-5473330bd4a4","d0a50b1c-a334-4d26-9089-0f8d05063665","D17","BIGC","BIGC.AOS.reaeration.station.04","BIGC_S4_20170627","2017-06-27T17:54Z",576,"2017-06-27T18:35:50Z",80.50,78.10,14.89,96.79,99.76,97.53,100.53
"877589cb-5524-413b-a27e-9c2d6a8b6df0","d0a50b1c-a334-4d26-9089-0f8d05063665","D17","BIGC","BIGC.AOS.reaeration.station.04","BIGC_S4_20170627","2017-06-27T17:54Z",1148,"2017-06-27T20:11:10Z",89.70,87.80,17.03,103.57,105.81,104.29,106.55
"b32224bf-0df0-42f2-a23b-fd5f92b18be0","d0a50b1c-a334-4d26-9089-0f8d05063665","D17","BIGC","BIGC.AOS.reaeration.station.04","BIGC_S4_20170627","2017-06-27T17:54Z",2615,"2017-06-28T00:15:40Z",44.90,46.00,24.81,46.17,45.06,46.18,45.07
"f9d3a37d-5a32-414f-b1df-b11c19a47768","d0a50b1c-a334-4d26-9089-0f8d05063665","D17","BIGC","BIGC.AOS.reaeration.station.04","BIGC_S4_20170627","2017-06-27T17:54Z",403,"2017-06-27T18:07:00Z",79.50,77.30,14.41,96.90,99.66,97.64,100.42
"d71aff6f-c631-451a-8f07-59d864b01f4f","d0a50b1c-a334-4d26-9089-0f8d05063665","D17","BIGC","BIGC.AOS.reaeration.station.04","BIGC_S4_20170627","2017-06-27T17:54Z",2084,"2017-06-27T22:47:10Z",53.90,54.60,26.00,53.58,52.89,53.51,52.82
"ac32a29d-9dc2-42dc-9561-288a3b727631","d0a50b1c-a334-4d26-9089-0f8d05063665","D17","BIGC","BIGC.AOS.reaeration.station.04","BIGC_S4_20170627","2017-06-27T17:54Z",1601,"2017-06-27T21:26:40Z",50.40,51.30,23.84,52.46,51.54,52.53,51.61
"8dbf59ef-28be-4f45-8c33-1fa69abee77a","d0a50b1c-a334-4d26-9089-0f8d05063665","D17","BIGC","BIGC.AOS.reaeration.station.04","BIGC_S4_20170627","2017-06-27T17:54Z",451,"2017-06-27T18:15:00Z",79.70,77.30,14.52,96.65,99.65,97.39,100.41
"5f69ede9-4f13-4c99-8362-e503c19a960f","d0a50b1c-a334-4d26-9089-0f8d05063665","D17","BIGC","BIGC.AOS.reaeration.station.04","BIGC_S4_20170627","2017-06-27T17:54Z",2338,"2017-06-27T23:29:30Z",54.80,56.10,26.01,55.04,53.76,54.97,53.69
"d8fd8077-e8d6-49da-8b9d-091df4598903","d0a50b1c-a334-4d26-9089-0f8d05063665","D17","BIGC","BIGC.AOS.reaeration.station.04","BIGC_S4_20170627","2017-06-27T17:54Z",2214,"2017-06-27T23:08:50Z",54.70,56.10,26.02,55.03,53.65,54.96,53.59
"1b37709d-7d67-43cf-b24d-da52eb7f0065","d0a50b1c-a334-4d26-9089-0f8d05063665","D17","BIGC","BIGC.AOS.reaeration.station.04","BIGC_S4_20170627","2017-06-27T17:54Z",2436,"2017-06-27T23:45:50Z",54.80,56.10,26.02,55.03,53.75,54.96,53.68
"0126c5ac-dac6-4737-ad0a-1a82ff023525","d0a50b1c-a334-4d26-9089-0f8d05063665","D17","BIGC","BIGC.AOS.reaeration.station.04","BIGC_S4_20170627","2017-06-27T17:54Z",398,"2017-06-27T18:06:10Z",79.50,77.30,14.40,96.92,99.68,97.67,100.45
"c05648f4-bb76-4e7b-86a1-6af4ec8a0f01","d0a50b1c-a334-4d26-9089-0f8d05063665","D17","BIGC","BIGC.AOS.reaeration.station.04","BIGC_S4_20170627","2017-06-27T17:54Z",1122,"2017-06-27T20:06:50Z",88.70,86.70,16.95,102.45,104.82,103.18,105.56
"b21ac372-979c-4d83-b3dd-d2fe559f8a1f","d0a50b1c-a334-4d26-9089-0f8d05063665","D17","BIGC","BIGC.AOS.reaeration.station.04","BIGC_S4_20170627","2017-06-27T17:54Z",818,"2017-06-27T19:16:10Z",86.70,84.50,15.90,102.28,104.94,103.04,105.72
"8ff63891-5378-4cda-b811-f879c8c765b5","d0a50b1c-a334-4d26-9089-0f8d05063665","D17","BIGC","BIGC.AOS.reaeration.station.04","BIGC_S4_20170627","2017-06-27T17:54Z",560,"2017-06-27T18:33:10Z",80.30,78.10,14.82,96.95,99.68,97.69,100.45
"85558040-570a-4c64-8d62-2382d98e1f5f","d0a50b1c-a334-4d26-9089-0f8d05063665","D17","BIGC","BIGC.AOS.reaeration.station.04","BIGC_S4_20170627","2017-06-27T17:54Z",710,"2017-06-27T18:58:10Z",81.90,79.50,15.42,97.30,100.24,98.04,101.00
"36e34aea-dbd6-4133-a90d-043961a942cd","d0a50b1c-a334-4d26-9089-0f8d05063665","D17","BIGC","BIGC.AOS.reaeration.station.04","BIGC_S4_20170627","2017-06-27T17:54Z",166,"2017-06-27T17:27:30Z",78.70,76.20,14.03,96.40,99.56,97.14,100.32
"1123924d-d7b9-4d71-a70b-bb16a40db2b2","d0a50b1c-a334-4d26-9089-0f8d05063665","D17","BIGC","BIGC.AOS.reaeration.station.04","BIGC_S4_20170627","2017-06-27T17:54Z",2287,"2017-06-27T23:21:00Z",54.90,56.10,26.01,55.04,53.86,54.97,53.79
"41e1b059-7d42-4ad0-abbb-3492c327b681","d0a50b1c-a334-4d26-9089-0f8d05063665","D17","BIGC","BIGC.AOS.reaeration.station.04","BIGC_S4_20170627","2017-06-27T17:54Z",2083,"2017-06-27T22:47:00Z",53.90,54.60,25.99,53.59,52.90,53.52,52.83
"efe99d67-26e0-480a-8cb0-95c73a3a5c93","d0a50b1c-a334-4d26-9089-0f8d05063665","D17","BIGC","BIGC.AOS.reaeration.station.04","BIGC_S4_20170627","2017-06-27T17:54Z",389,"2017-06-27T18:04:40Z",79.50,77.30,14.39,96.95,99.71,97.69,100.47
"d3e2562a-6125-40f7-b74a-88cf9544b8f0","d0a50b1c-a334-4d26-9089-0f8d05063665","D17","BIGC","BIGC.AOS.reaeration.station.04","BIGC_S4_20170627","2017-06-27T17:54Z",892,"2017-06-27T19:28:30Z",87.20,85.20,16.21,102.39,104.79,103.14,105.56
"94d4cc25-97a2-4d86-b015-27215ddff947","d0a50b1c-a334-4d26-9089-0f8d05063665","D17","BIGC","BIGC.AOS.reaeration.station.04","BIGC_S4_20170627","2017-06-27T17:54Z",1741,"2017-06-27T21:50:00Z",51.10,52.00,24.94,52.06,51.16,52.06,51.16
"c760598e-8f98-4e09-b5cd-bcbc1b8b4e55","d0a50b1c-a334-4d26-9089-0f8d05063665","D17","BIGC","BIGC.AOS.reaeration.station.04","BIGC_S4_20170627","2017-06-27T17:54Z",1390,"2017-06-27T20:51:30Z",47.70,48.10,19.72,53.49,53.05,53.78,53.34
"4d9e615f-4926-4aab-b6b2-da29456ef7e8","d0a50b1c-a334-4d26-9089-0f8d05063665","D17","BIGC","BIGC.AOS.reaeration.station.04","BIGC_S4_20170627","2017-06-27T17:54Z",1604,"2017-06-27T21:27:10Z",50.40,51.30,23.88,52.42,51.50,52.49,51.57
"8be01649-3aba-4b34-8ea7-cba70cef66d2","d0a50b1c-a334-4d26-9089-0f8d05063665","D17","BIGC","BIGC.AOS.reaeration.station.04","BIGC_S4_20170627","2017-06-27T17:54Z",1366,"2017-06-27T20:47:30Z",46.90,47.40,18.77,53.80,53.23,54.13,53.56
"48847eaa-d979-4890-af0e-eb4efb602961","d0a50b1c-a334-4d26-9089-0f8d05063665","D17","BIGC","BIGC.AOS.reaeration.station.04","BIGC_S4_20170627","2017-06-27T17:54Z",2206,"2017-06-27T23:07:30Z",54.60,56.10,26.02,55.03,53.56,54.96,53.49
"2bb1fdb4-b813-4703-bed6-301ea63354b5","d0a50b1c-a334-4d26-9089-0f8d05063665","D17","BIGC","BIGC.AOS.reaeration.station.04","BIGC_S4_20170627","2017-06-27T17:54Z",2458,"2017-06-27T23:49:30Z",54.50,56.10,26.01,55.04,53.47,54.97,53.40
"27b110ac-f154-49fd-8705-23d6a2a781b3","d0a50b1c-a334-4d26-9089-0f8d05063665","D17","BIGC","BIGC.AOS.reaeration.station.04","BIGC_S4_20170627","2017-06-27T17:54Z",1748,"2017-06-27T21:51:10Z",51.10,52.00,24.97,52.03,51.13,52.03,51.13
"d5c35db2-e109-495d-a17d-f62d1d0e2408","d0a50b1c-a334-4d26-9089-0f8d05063665","D17","BIGC","BIGC.AOS.reaeration.station.04","BIGC_S4_20170627","2017-06-27T17:54Z",1771,"2017-06-27T21:55:00Z",51.10,52.00,25.12,51.88,50.98,51.87,50.98
"5162f98a-1031-484b-8da4-f9aaacaf69f8","d0a50b1c-a334-4d26-9089-0f8d05063665","D17","BIGC","BIGC.AOS.reaeration.station.04","BIGC_S4_20170627","2017-06-27T17:54Z",1362,"2017-06-27T20:46:50Z",46.70,47.80,18.65,54.40,53.15,54.73,53.47
"4a52f350-ddc4-4ffd-8013-73edfe65c901","d0a50b1c-a334-4d26-9089-0f8d05063665","D17","BIGC","BIGC.AOS.reaeration.station.04","BIGC_S4_20170627","2017-06-27T17:54Z",2421,"2017-06-27T23:43:20Z",54.70,56.10,26.01,55.04,53.66,54.97,53.60
"7c4c4a85-ef69-406e-b4af-69457e260757","d0a50b1c-a334-4d26-9089-0f8d05063665","D17","BIGC","BIGC.AOS.reaeration.station.04","BIGC_S4_20170627","2017-06-27T17:54Z",308,"2017-06-27T17:51:10Z",79.20,77.00,14.26,96.87,99.64,97.62,100.40
"4a6b6a79-eb03-4321-95d1-ad14a16cd291","d0a50b1c-a334-4d26-9089-0f8d05063665","D17","BIGC","BIGC.AOS.reaeration.station.04","BIGC_S4_20170627","2017-06-27T17:54Z",2528,"2017-06-28T00:01:10Z",54.00,55.30,26.02,54.24,52.97,54.17,52.90
"87104b02-75b0-4cc2-bfa0-fdaec1c80b20","d0a50b1c-a334-4d26-9089-0f8d05063665","D17","BIGC","BIGC.AOS.reaeration.station.04","BIGC_S4_20170627","2017-06-27T17:54Z",846,"2017-06-27T19:20:50Z",86.90,84.80,16.03,102.33,104.87,103.09,105.64
"3589db21-0886-45fb-a99f-b66373ad73f7","d0a50b1c-a334-4d26-9089-0f8d05063665","D17","BIGC","BIGC.AOS.reaeration.station.04","BIGC_S4_20170627","2017-06-27T17:54Z",536,"2017-06-27T18:29:10Z",80.10,77.70,14.74,96.64,99.62,97.38,100.39
"1fced8f5-bf8a-401b-b9cc-1fb570ee9afc","d0a50b1c-a334-4d26-9089-0f8d05063665","D17","BIGC","BIGC.AOS.reaeration.station.04","BIGC_S4_20170627","2017-06-27T17:54Z",1117,"2017-06-27T20:06:00Z",88.40,86.30,16.94,102.00,104.49,102.73,105.23
"ff9fe0a6-8070-479b-9ff9-ee52fe8a5b13","d0a50b1c-a334-4d26-9089-0f8d05063665","D17","BIGC","BIGC.AOS.reaeration.station.04","BIGC_S4_20170627","2017-06-27T17:54Z",1477,"2017-06-27T21:06:00Z",49.50,50.60,22.09,53.58,52.41,53.75,52.58
"c242296c-1a55-474e-bedd-5e916fded19f","d0a50b1c-a334-4d26-9089-0f8d05063665","D17","BIGC","BIGC.AOS.reaeration.station.04","BIGC_S4_20170627","2017-06-27T17:54Z",1844,"2017-06-27T22:07:10Z",51.70,52.70,25.47,52.23,51.24,52.20,51.21
"941460bd-904c-4ad2-9ba6-1d53ac979474","d0a50b1c-a334-4d26-9089-0f8d05063665","D17","BIGC","BIGC.AOS.reaeration.station.04","BIGC_S4_20170627","2017-06-27T17:54Z",1649,"2017-06-27T21:34:40Z",50.60,51.30,24.32,51.98,51.27,52.02,51.31
"66217bc8-7dfe-47c3-acac-66cc1cc09fe3","d0a50b1c-a334-4d26-9089-0f8d05063665","D17","BIGC","BIGC.AOS.reaeration.station.04","BIGC_S4_20170627","2017-06-27T17:54Z",2511,"2017-06-27T23:58:20Z",54.20,55.30,26.02,54.24,53.16,54.17,53.10
"79a65b58-5501-49b4-b6d4-0b6127462e44","d0a50b1c-a334-4d26-9089-0f8d05063665","D17","BIGC","BIGC.AOS.reaeration.station.04","BIGC_S4_20170627","2017-06-27T17:54Z",1773,"2017-06-27T21:55:20Z",51.20,52.40,25.13,52.27,51.07,52.26,51.07
"6c8863da-a421-4d8a-8e50-43d2f3f1c22a","d0a50b1c-a334-4d26-9089-0f8d05063665","D17","BIGC","BIGC.AOS.reaeration.station.04","BIGC_S4_20170627","2017-06-27T17:54Z",2522,"2017-06-28T00:00:10Z",54.10,55.70,26.02,54.64,53.07,54.57,53.00
"dfa82c3f-e77c-457a-90ee-3451279b92c9","d0a50b1c-a334-4d26-9089-0f8d05063665","D17","BIGC","BIGC.AOS.reaeration.station.04","BIGC_S4_20170627","2017-06-27T17:54Z",1206,"2017-06-27T20:20:50Z",90.60,88.50,17.24,103.90,106.36,104.62,107.10
"ec51a634-cb22-4e0e-8e3a-6dc9edd5d88b","d0a50b1c-a334-4d26-9089-0f8d05063665","D17","BIGC","BIGC.AOS.reaeration.station.04","BIGC_S4_20170627","2017-06-27T17:54Z",511,"2017-06-27T18:25:00Z",80.00,77.70,14.67,96.80,99.66,97.54,100.43
"dfda6de8-da2b-44e8-a7f1-9cc24e9107e7","d0a50b1c-a334-4d26-9089-0f8d05063665","D17","BIGC","BIGC.AOS.reaeration.station.04","BIGC_S4_20170627","2017-06-27T17:54Z",2032,"2017-06-27T22:38:30Z",53.30,54.60,25.95,53.63,52.35,53.56,52.29
"f3372059-821d-44e8-9676-ca8b072ba2fa","d0a50b1c-a334-4d26-9089-0f8d05063665","D17","BIGC","BIGC.AOS.reaeration.station.04","BIGC_S4_20170627","2017-06-27T17:54Z",1000,"2017-06-27T19:46:30Z",87.60,85.50,16.54,101.98,104.48,102.72,105.24
"391c1ad1-c554-4c56-be01-07bb033e7257","d0a50b1c-a334-4d26-9089-0f8d05063665","D17","BIGC","BIGC.AOS.reaeration.station.04","BIGC_S4_20170627","2017-06-27T17:54Z",918,"2017-06-27T19:32:50Z",87.40,85.60,16.29,102.68,104.84,103.44,105.61
"3dec7edd-4dda-4ce4-96ea-28800cea72ac","d0a50b1c-a334-4d26-9089-0f8d05063665","D17","BIGC","BIGC.AOS.reaeration.station.04","BIGC_S4_20170627","2017-06-27T17:54Z",1792,"2017-06-27T21:58:30Z",51.20,52.40,25.22,52.18,50.99,52.17,50.97
"533ae66f-e179-4649-b982-7f6c477c0985","d0a50b1c-a334-4d26-9089-0f8d05063665","D17","BIGC","BIGC.AOS.reaeration.station.04","BIGC_S4_20170627","2017-06-27T17:54Z",996,"2017-06-27T19:45:50Z",87.60,85.90,16.54,102.46,104.48,103.20,105.24
"b2f5e097-a920-45d2-a3c5-8fd2ff33dfbd","d0a50b1c-a334-4d26-9089-0f8d05063665","D17","BIGC","BIGC.AOS.reaeration.station.04","BIGC_S4_20170627","2017-06-27T17:54Z",1021,"2017-06-27T19:50:00Z",86.70,85.20,16.62,101.44,103.22,102.17,103.97
"ba1e01dc-7dd3-4ba1-910f-33e07150ad6c","d0a50b1c-a334-4d26-9089-0f8d05063665","D17","BIGC","BIGC.AOS.reaeration.station.04","BIGC_S4_20170627","2017-06-27T17:54Z",1266,"2017-06-27T20:30:50Z",91.00,89.30,17.44,104.37,106.36,105.09,107.09
"d273aaaf-1bed-44b1-97a7-8a2a66f749cf","d0a50b1c-a334-4d26-9089-0f8d05063665","D17","BIGC","BIGC.AOS.reaeration.station.04","BIGC_S4_20170627","2017-06-27T17:54Z",2371,"2017-06-27T23:35:00Z",54.80,56.10,26.01,55.04,53.76,54.97,53.69
"cda53c8d-776c-4114-b1ee-4017ab78d0b3","d0a50b1c-a334-4d26-9089-0f8d05063665","D17","BIGC","BIGC.AOS.reaeration.station.04","BIGC_S4_20170627","2017-06-27T17:54Z",2330,"2017-06-27T23:28:10Z",55.00,56.10,26.01,55.04,53.96,54.97,53.89
"283f0fe3-c5b7-4cbb-9b13-279e31e527f6","d0a50b1c-a334-4d26-9089-0f8d05063665","D17","BIGC","BIGC.AOS.reaeration.station.04","BIGC_S4_20170627","2017-06-27T17:54Z",883,"2017-06-27T19:27:00Z",87.10,85.20,16.16,102.51,104.79,103.26,105.57
"c03af7dc-918d-468a-a6df-e3506b18ce4c","d0a50b1c-a334-4d26-9089-0f8d05063665","D17","BIGC","BIGC.AOS.reaeration.station.04","BIGC_S4_20170627","2017-06-27T17:54Z",2146,"2017-06-27T22:57:30Z",54.30,55.30,26.01,54.25,53.27,54.18,53.21
"3e235444-76a0-43a9-8b25-6de7f85561d5","d0a50b1c-a334-4d26-9089-0f8d05063665","D17","BIGC","BIGC.AOS.reaeration.station.04","BIGC_S4_20170627","2017-06-27T17:54Z",164,"2017-06-27T17:27:10Z",78.70,76.60,14.02,96.93,99.58,97.67,100.35
"095a3770-3ae5-4d98-ad08-1321fbb1c3a6","d0a50b1c-a334-4d26-9089-0f8d05063665","D17","BIGC","BIGC.AOS.reaeration.station.04","BIGC_S4_20170627","2017-06-27T17:54Z",130,"2017-06-27T17:21:30Z",78.70,76.60,13.98,97.02,99.68,97.77,100.45
"43d4a150-8ec4-4ddb-b248-9ba4d05b2045","d0a50b1c-a334-4d26-9089-0f8d05063665","D17","BIGC","BIGC.AOS.reaeration.station.04","BIGC_S4_20170627","2017-06-27T17:54Z",2191,"2017-06-27T23:05:00Z",54.60,56.10,26.02,55.03,53.56,54.96,53.49
"4824bae3-7244-4f3d-966b-1ce3b7cfaa76","d0a50b1c-a334-4d26-9089-0f8d05063665","D17","BIGC","BIGC.AOS.reaeration.station.04","BIGC_S4_20170627","2017-06-27T17:54Z",2500,"2017-06-27T23:56:30Z",54.30,56.10,26.02,55.03,53.26,54.96,53.19
"0b1010bf-ad8f-4fe1-a914-837a0856591d","d0a50b1c-a334-4d26-9089-0f8d05063665","D17","BIGC","BIGC.AOS.reaeration.station.04","BIGC_S4_20170627","2017-06-27T17:54Z",419,"2017-06-27T18:09:40Z",79.60,77.30,14.43,96.85,99.74,97.60,100.50
"51a579d6-d9e1-4686-988b-49dc17297f39","d0a50b1c-a334-4d26-9089-0f8d05063665","D17","BIGC","BIGC.AOS.reaeration.station.04","BIGC_S4_20170627","2017-06-27T17:54Z",1766,"2017-06-27T21:54:10Z",51.10,52.00,25.08,51.92,51.02,51.92,51.02
"78239d07-f29e-4227-8a85-bdc1f2d2184d","d0a50b1c-a334-4d26-9089-0f8d05063665","D17","BIGC","BIGC.AOS.reaeration.station.04","BIGC_S4_20170627","2017-06-27T17:54Z",2369,"2017-06-27T23:34:40Z",54.80,56.10,26.01,55.04,53.76,54.97,53.69
"b1c275e8-f7f5-4866-87c3-3b2f5436fb91","d0a50b1c-a334-4d26-9089-0f8d05063665","D17","BIGC","BIGC.AOS.reaeration.station.04","BIGC_S4_20170627","2017-06-27T17:54Z",436,"2017-06-27T18:12:30Z",79.70,77.30,14.48,96.74,99.74,97.48,100.51
"eba7ee93-98d3-4575-a093-18191aee6d94","d0a50b1c-a334-4d26-9089-0f8d05063665","D17","BIGC","BIGC.AOS.reaeration.station.04","BIGC_S4_20170627","2017-06-27T17:54Z",2042,"2017-06-27T22:40:10Z",53.50,54.60,25.96,53.62,52.54,53.55,52.47
"d10628ab-0dd8-409e-a272-b42d3f963af3","d0a50b1c-a334-4d26-9089-0f8d05063665","D17","BIGC","BIGC.AOS.reaeration.station.04","BIGC_S4_20170627","2017-06-27T17:54Z",566,"2017-06-27T18:34:10Z",80.40,78.10,14.84,96.90,99.76,97.65,100.52
"18bfb46b-f033-414c-ba2a-c20eb6359d17","d0a50b1c-a334-4d26-9089-0f8d05063665","D17","BIGC","BIGC.AOS.reaeration.station.04","BIGC_S4_20170627","2017-06-27T17:54Z",2303,"2017-06-27T23:23:40Z",55.00,56.10,26.01,55.04,53.96,54.97,53.89
"6fec2c6c-8764-4d54-a9ae-a857d03d1ab3","d0a50b1c-a334-4d26-9089-0f8d05063665","D17","BIGC","BIGC.AOS.reaeration.station.04","BIGC_S4_20170627","2017-06-27T17:54Z",1490,"2017-06-27T21:08:10Z",49.60,50.60,22.34,53.31,52.25,53.47,52.41
"52e941e2-c9c2-4710-8090-02751af59fb8","d0a50b1c-a334-4d26-9089-0f8d05063665","D17","BIGC","BIGC.AOS.reaeration.station.04","BIGC_S4_20170627","2017-06-27T17:54Z",762,"2017-06-27T19:06:50Z",85.60,83.30,15.66,101.39,104.19,102.15,104.97
"27e13705-0c93-4444-b2ed-6bababc8d7df","d0a50b1c-a334-4d26-9089-0f8d05063665","D17","BIGC","BIGC.AOS.reaeration.station.04","BIGC_S4_20170627","2017-06-27T17:54Z",402,"2017-06-27T18:06:50Z",79.50,77.00,14.41,96.52,99.66,97.27,100.42
"b2cbf80a-bdac-4ad9-91ea-44a7f9a8da4a","d0a50b1c-a334-4d26-9089-0f8d05063665","D17","BIGC","BIGC.AOS.reaeration.station.04","BIGC_S4_20170627","2017-06-27T17:54Z",1066,"2017-06-27T19:57:30Z",85.60,83.20,16.77,98.72,101.57,99.42,102.29
"dcfe653d-8182-4f19-be03-088804a33bea","d0a50b1c-a334-4d26-9089-0f8d05063665","D17","BIGC","BIGC.AOS.reaeration.station.04","BIGC_S4_20170627","2017-06-27T17:54Z",2352,"2017-06-27T23:31:50Z",54.90,56.10,26.01,55.04,53.86,54.97,53.79
"2321cab4-7876-4204-9436-2b7156973c27","d0a50b1c-a334-4d26-9089-0f8d05063665","D17","BIGC","BIGC.AOS.reaeration.station.04","BIGC_S4_20170627","2017-06-27T17:54Z",802,"2017-06-27T19:13:30Z",86.40,84.50,15.83,102.44,104.75,103.21,105.53
"ea899a01-ceae-4dec-9a17-907967a81aa2","d0a50b1c-a334-4d26-9089-0f8d05063665","D17","BIGC","BIGC.AOS.reaeration.station.04","BIGC_S4_20170627","2017-06-27T17:54Z",120,"2017-06-27T17:19:50Z",78.60,76.20,13.97,96.54,99.58,97.28,100.34
"58484370-6409-4783-91f8-7fc3799ef302","d0a50b1c-a334-4d26-9089-0f8d05063665","D17","BIGC","BIGC.AOS.reaeration.station.04","BIGC_S4_20170627","2017-06-27T17:54Z",2557,"2017-06-28T00:06:00Z",53.50,54.90,26.03,53.84,52.47,53.77,52.40
"cf149824-eb96-44fc-a30b-51325c9f1fa9","d0a50b1c-a334-4d26-9089-0f8d05063665","D17","BIGC","BIGC.AOS.reaeration.station.04","BIGC_S4_20170627","2017-06-27T17:54Z",167,"2017-06-27T17:27:40Z",78.70,76.20,14.03,96.40,99.56,97.14,100.32
"da8c0eb8-f947-406f-88ab-ccdba6102827","d0a50b1c-a334-4d26-9089-0f8d05063665","D17","BIGC","BIGC.AOS.reaeration.station.04","BIGC_S4_20170627","2017-06-27T17:54Z",2540,"2017-06-28T00:03:10Z",53.90,55.00,26.02,53.95,52.87,53.88,52.80
"c4a87d53-521c-414a-9193-570fab2632b2","d0a50b1c-a334-4d26-9089-0f8d05063665","D17","BIGC","BIGC.AOS.reaeration.station.04","BIGC_S4_20170627","2017-06-27T17:54Z",2165,"2017-06-27T23:00:40Z",54.40,55.70,26.01,54.65,53.37,54.58,53.30
"3218f123-247f-4630-953c-a1aae1452e09","d0a50b1c-a334-4d26-9089-0f8d05063665","D17","BIGC","BIGC.AOS.reaeration.station.04","BIGC_S4_20170627","2017-06-27T17:54Z",1808,"2017-06-27T22:01:10Z",51.40,52.70,25.31,52.39,51.10,52.37,51.08
"97c5bc4b-ee12-4a5e-8864-2e92d5eaf425","d0a50b1c-a334-4d26-9089-0f8d05063665","D17","BIGC","BIGC.AOS.reaeration.station.04","BIGC_S4_20170627","2017-06-27T17:54Z",556,"2017-06-27T18:32:30Z",80.30,78.10,14.80,97.00,99.73,97.74,100.49
"3626842e-2f5d-474e-953f-8b634ff9af07","d0a50b1c-a334-4d26-9089-0f8d05063665","D17","BIGC","BIGC.AOS.reaeration.station.04","BIGC_S4_20170627","2017-06-27T17:54Z",1610,"2017-06-27T21:28:10Z",50.40,51.30,23.95,52.35,51.43,52.42,51.50
"7cb7b029-bc5a-45b5-879e-df53f635831a","d0a50b1c-a334-4d26-9089-0f8d05063665","D17","BIGC","BIGC.AOS.reaeration.station.04","BIGC_S4_20170627","2017-06-27T17:54Z",2123,"2017-06-27T22:53:40Z",54.20,55.30,26.00,54.26,53.18,54.20,53.12
"cdc3e354-27bf-4b99-8489-1eced1fd0024","d0a50b1c-a334-4d26-9089-0f8d05063665","D17","BIGC","BIGC.AOS.reaeration.station.04","BIGC_S4_20170627","2017-06-27T17:54Z",1665,"2017-06-27T21:37:20Z",50.80,51.30,24.45,51.84,51.34,51.88,51.37
"8d1d010f-d89d-43bf-8e64-60e0765d2715","d0a50b1c-a334-4d26-9089-0f8d05063665","D17","BIGC","BIGC.AOS.reaeration.station.04","BIGC_S4_20170627","2017-06-27T17:54Z",525,"2017-06-27T18:27:20Z",80.10,77.70,14.71,96.71,99.69,97.45,100.46
"23f62f3c-f798-4850-800d-434fa066fd84","d0a50b1c-a334-4d26-9089-0f8d05063665","D17","BIGC","BIGC.AOS.reaeration.station.04","BIGC_S4_20170627","2017-06-27T17:54Z",2410,"2017-06-27T23:41:30Z",54.80,56.10,26.01,55.04,53.76,54.97,53.69
"c6a7c575-75cb-4d8d-b6b0-b2c3571c9458","d0a50b1c-a334-4d26-9089-0f8d05063665","D17","BIGC","BIGC.AOS.reaeration.station.04","BIGC_S4_20170627","2017-06-27T17:54Z",854,"2017-06-27T19:22:10Z",86.90,84.80,16.06,102.26,104.79,103.02,105.57
"4a1c81ee-d877-47eb-94aa-b163a923a753","d0a50b1c-a334-4d26-9089-0f8d05063665","D17","BIGC","BIGC.AOS.reaeration.station.04","BIGC_S4_20170627","2017-06-27T17:54Z",2163,"2017-06-27T23:00:20Z",54.30,55.70,26.01,54.65,53.27,54.58,53.21
"ca0ef929-8fb6-4a8b-84a2-d1ae0085bcf9","d0a50b1c-a334-4d26-9089-0f8d05063665","D17","BIGC","BIGC.AOS.reaeration.station.04","BIGC_S4_20170627","2017-06-27T17:54Z",2474,"2017-06-27T23:52:10Z",54.60,56.10,26.02,55.03,53.56,54.96,53.49
"f15e4a1e-f45d-402d-8a0d-7c650645bf8f","d0a50b1c-a334-4d26-9089-0f8d05063665","D17","BIGC","BIGC.AOS.reaeration.station.04","BIGC_S4_20170627","2017-06-27T17:54Z",74,"2017-06-27T17:12:10Z",78.50,76.20,13.91,96.68,99.60,97.42,100.36
"f3c56662-b0ea-4ce7-9aeb-e0de6c39e92d","d0a50b1c-a334-4d26-9089-0f8d05063665","D17","BIGC","BIGC.AOS.reaeration.station.04","BIGC_S4_20170627","2017-06-27T17:54Z",550,"2017-06-27T18:31:30Z",80.20,77.70,14.79,96.52,99.63,97.26,100.39
"5cce3e97-3913-4cbc-b395-8e0190be2a9b","d0a50b1c-a334-4d26-9089-0f8d05063665","D17","BIGC","BIGC.AOS.reaeration.station.04","BIGC_S4_20170627","2017-06-27T17:54Z",484,"2017-06-27T18:20:30Z",79.90,77.70,14.60,96.96,99.71,97.70,100.47
"f0ef62fc-b121-47e4-a423-07d3fc4f4071","d0a50b1c-a334-4d26-9089-0f8d05063665","D17","BIGC","BIGC.AOS.reaeration.station.04","BIGC_S4_20170627","2017-06-27T17:54Z",264,"2017-06-27T17:43:50Z",79.00,76.60,14.17,96.58,99.60,97.32,100.37
"8089eed1-d57f-483e-bc73-1ca29fd91742","d0a50b1c-a334-4d26-9089-0f8d05063665","D17","BIGC","BIGC.AOS.reaeration.station.04","BIGC_S4_20170627","2017-06-27T17:54Z",85,"2017-06-27T17:14:00Z",78.50,75.90,13.93,96.25,99.55,96.99,100.31
"89082a31-0316-430e-b40a-0dcb5b92ccbd","d0a50b1c-a334-4d26-9089-0f8d05063665","D17","BIGC","BIGC.AOS.reaeration.station.04","BIGC_S4_20170627","2017-06-27T17:54Z",1354,"2017-06-27T20:45:30Z",46.30,47.10,18.38,53.92,53.00,54.26,53.34
"c0f8ff46-d234-4c2e-986b-9d8cdc8f0d0d","d0a50b1c-a334-4d26-9089-0f8d05063665","D17","BIGC","BIGC.AOS.reaeration.station.04","BIGC_S4_20170627","2017-06-27T17:54Z",157,"2017-06-27T17:26:00Z",78.70,76.60,14.00,96.97,99.63,97.72,100.40
"fd9517b1-192e-4288-a5e4-700cb6c0fbcb","d0a50b1c-a334-4d26-9089-0f8d05063665","D17","BIGC","BIGC.AOS.reaeration.station.04","BIGC_S4_20170627","2017-06-27T17:54Z",2570,"2017-06-28T00:08:10Z",53.30,54.90,26.03,53.84,52.27,53.77,52.20
"1301b3cb-51d3-4814-a5b3-acb18dfed97a","d0a50b1c-a334-4d26-9089-0f8d05063665","D17","BIGC","BIGC.AOS.reaeration.station.04","BIGC_S4_20170627","2017-06-27T17:54Z",2044,"2017-06-27T22:40:30Z",53.50,54.60,25.96,53.62,52.54,53.55,52.47
"f6c3ef39-8a93-4953-acde-1c111f622afc","d0a50b1c-a334-4d26-9089-0f8d05063665","D17","BIGC","BIGC.AOS.reaeration.station.04","BIGC_S4_20170627","2017-06-27T17:54Z",126,"2017-06-27T17:20:50Z",78.60,76.20,13.98,96.51,99.55,97.26,100.32
"742efca0-9c8b-403a-9df2-d2b5a72d4b3a","d0a50b1c-a334-4d26-9089-0f8d05063665","D17","BIGC","BIGC.AOS.reaeration.station.04","BIGC_S4_20170627","2017-06-27T17:54Z",478,"2017-06-27T18:19:30Z",79.90,77.70,14.58,97.01,99.75,97.75,100.52
"1111c63e-8909-45aa-8f91-272ccd446304","d0a50b1c-a334-4d26-9089-0f8d05063665","D17","BIGC","BIGC.AOS.reaeration.station.04","BIGC_S4_20170627","2017-06-27T17:54Z",578,"2017-06-27T18:36:10Z",80.40,78.10,14.89,96.79,99.64,97.53,100.40
"fb96937e-7c51-4e7a-b255-05041b2e7929","d0a50b1c-a334-4d26-9089-0f8d05063665","D17","BIGC","BIGC.AOS.reaeration.station.04","BIGC_S4_20170627","2017-06-27T17:54Z",406,"2017-06-27T18:07:30Z",79.50,77.30,14.42,96.88,99.63,97.62,100.40
"a3c11353-72ea-4db5-bcdf-53141b8b54bc","d0a50b1c-a334-4d26-9089-0f8d05063665","D17","BIGC","BIGC.AOS.reaeration.station.04","BIGC_S4_20170627","2017-06-27T17:54Z",2024,"2017-06-27T22:37:10Z",53.30,54.60,25.94,53.64,52.36,53.57,52.30
"04bd9788-aec8-4062-94c2-b7d45a032ef2","d0a50b1c-a334-4d26-9089-0f8d05063665","D17","BIGC","BIGC.AOS.reaeration.station.04","BIGC_S4_20170627","2017-06-27T17:54Z",2384,"2017-06-27T23:37:10Z",54.80,56.10,26.01,55.04,53.76,54.97,53.69
"c2532601-0b67-4027-8eb0-c11a2848c635","d0a50b1c-a334-4d26-9089-0f8d05063665","D17","BIGC","BIGC.AOS.reaeration.station.04","BIGC_S4_20170627","2017-06-27T17:54Z",2488,"2017-06-27T23:54:30Z",54.60,56.10,26.02,55.03,53.56,54.96,53.49
"cb154d83-6d72-4d05-8da7-e97b83a23f57","d0a50b1c-a334-4d26-9089-0f8d05063665","D17","BIGC","BIGC.AOS.reaeration.station.04","BIGC_S4_20170627","2017-06-27T17:54Z",2493,"2017-06-27T23:55:20Z",54.50,56.10,26.02,55.03,53.46,54.96,53.39
"d0d0fd93-6ab5-4445-bfdb-678ace60a079","d0a50b1c-a334-4d26-9089-0f8d05063665","D17","BIGC","BIGC.AOS.reaeration.station.04","BIGC_S4_20170627","2017-06-27T17:54Z",2298,"2017-06-27T23:22:50Z",54.90,56.10,26.01,55.04,53.86,54.97,53.79
"5f32ee21-cba5-4656-a1cc-e88513f03e27","d0a50b1c-a334-4d26-9089-0f8d05063665","D17","BIGC","BIGC.AOS.reaeration.station.04","BIGC_S4_20170627","2017-06-27T17:54Z",1809,"2017-06-27T22:01:20Z",51.40,52.40,25.32,52.08,51.09,52.06,51.07
"a595b601-07c5-4303-b1d3-a8af716689c5","d0a50b1c-a334-4d26-9089-0f8d05063665","D17","BIGC","BIGC.AOS.reaeration.station.04","BIGC_S4_20170627","2017-06-27T17:54Z",874,"2017-06-27T19:25:30Z",87.10,85.20,16.13,102.58,104.87,103.34,105.64
"6e986430-10d6-4e84-bbfb-2e943c66b491","d0a50b1c-a334-4d26-9089-0f8d05063665","D17","BIGC","BIGC.AOS.reaeration.station.04","BIGC_S4_20170627","2017-06-27T17:54Z",1647,"2017-06-27T21:34:20Z",50.60,51.30,24.29,52.01,51.30,52.05,51.34
"dc85aeda-dc7a-4624-90c7-7834840b1d0c","d0a50b1c-a334-4d26-9089-0f8d05063665","D17","BIGC","BIGC.AOS.reaeration.station.04","BIGC_S4_20170627","2017-06-27T17:54Z",211,"2017-06-27T17:35:00Z",79.00,76.60,14.10,96.74,99.77,97.48,100.54
"33cbe6a9-3679-46fc-ae30-225ebe11993c","d0a50b1c-a334-4d26-9089-0f8d05063665","D17","BIGC","BIGC.AOS.reaeration.station.04","BIGC_S4_20170627","2017-06-27T17:54Z",493,"2017-06-27T18:22:00Z",79.90,77.70,14.62,96.91,99.66,97.66,100.42
"ad8de12b-291c-47b0-8a35-137c0d9b14c5","d0a50b1c-a334-4d26-9089-0f8d05063665","D17","BIGC","BIGC.AOS.reaeration.station.04","BIGC_S4_20170627","2017-06-27T17:54Z",1776,"2017-06-27T21:55:50Z",51.20,52.40,25.14,52.26,51.06,52.25,51.05
"4d6c4090-11c3-4ad3-ae2a-1b919d3b4d77","d0a50b1c-a334-4d26-9089-0f8d05063665","D17","BIGC","BIGC.AOS.reaeration.station.04","BIGC_S4_20170627","2017-06-27T17:54Z",671,"2017-06-27T18:51:40Z",81.10,78.80,15.26,96.81,99.64,97.55,100.39
"4a69e49e-9cbd-4964-abd3-bfdac78bac8d","d0a50b1c-a334-4d26-9089-0f8d05063665","D17","BIGC","BIGC.AOS.reaeration.station.04","BIGC_S4_20170627","2017-06-27T17:54Z",1065,"2017-06-27T19:57:20Z",85.60,83.20,16.76,98.74,101.59,99.45,102.32
"6a1e200e-9600-49e8-bdaa-0462ffa87ba8","d0a50b1c-a334-4d26-9089-0f8d05063665","D17","BIGC","BIGC.AOS.reaeration.station.04","BIGC_S4_20170627","2017-06-27T17:54Z",128,"2017-06-27T17:21:10Z",78.60,76.20,13.98,96.51,99.55,97.26,100.32
"a10c6465-6370-4a06-8fbe-d1ed5420ed7a","d0a50b1c-a334-4d26-9089-0f8d05063665","D17","BIGC","BIGC.AOS.reaeration.station.04","BIGC_S4_20170627","2017-06-27T17:54Z",159,"2017-06-27T17:26:20Z",78.70,76.20,14.02,96.42,99.58,97.16,100.35
"ae721ecf-41af-496d-b0f2-034439ad0b21","d0a50b1c-a334-4d26-9089-0f8d05063665","D17","BIGC","BIGC.AOS.reaeration.station.04","BIGC_S4_20170627","2017-06-27T17:54Z",1465,"2017-06-27T21:04:00Z",49.30,50.30,21.84,53.53,52.47,53.72,52.65
"cd58db79-9283-4cd8-a203-8cbd0ced677c","d0a50b1c-a334-4d26-9089-0f8d05063665","D17","BIGC","BIGC.AOS.reaeration.station.04","BIGC_S4_20170627","2017-06-27T17:54Z",313,"2017-06-27T17:52:00Z",79.20,77.00,14.26,96.87,99.64,97.62,100.40
"ac786a21-1b8a-4307-aa7a-91610d93535b","d0a50b1c-a334-4d26-9089-0f8d05063665","D17","BIGC","BIGC.AOS.reaeration.station.04","BIGC_S4_20170627","2017-06-27T17:54Z",1125,"2017-06-27T20:07:20Z",88.80,86.70,16.96,102.43,104.91,103.15,105.65
"bf1729e6-55d9-4689-ab39-2432b74b909e","d0a50b1c-a334-4d26-9089-0f8d05063665","D17","BIGC","BIGC.AOS.reaeration.station.04","BIGC_S4_20170627","2017-06-27T17:54Z",1814,"2017-06-27T22:02:10Z",51.40,52.40,25.34,52.06,51.07,52.04,51.05
"8fdd31e3-1f55-4298-a393-39a9251c546b","d0a50b1c-a334-4d26-9089-0f8d05063665","D17","BIGC","BIGC.AOS.reaeration.station.04","BIGC_S4_20170627","2017-06-27T17:54Z",1180,"2017-06-27T20:16:30Z",90.20,88.50,17.15,104.11,106.11,104.84,106.85
"bf0e197f-7f40-4b98-99b6-28a5994275b5","d0a50b1c-a334-4d26-9089-0f8d05063665","D17","BIGC","BIGC.AOS.reaeration.station.04","BIGC_S4_20170627","2017-06-27T17:54Z",2102,"2017-06-27T22:50:10Z",54.10,55.00,26.00,53.97,53.09,53.90,53.02
"d29c56a3-f717-4416-833c-3f9b592723df","d0a50b1c-a334-4d26-9089-0f8d05063665","D17","BIGC","BIGC.AOS.reaeration.station.04","BIGC_S4_20170627","2017-06-27T17:54Z",2216,"2017-06-27T23:09:10Z",54.80,56.10,26.02,55.03,53.75,54.96,53.68
"ec4f864e-18ae-4f49-acf5-16a4dfeef311","d0a50b1c-a334-4d26-9089-0f8d05063665","D17","BIGC","BIGC.AOS.reaeration.station.04","BIGC_S4_20170627","2017-06-27T17:54Z",2051,"2017-06-27T22:41:40Z",53.60,54.60,25.97,53.61,52.63,53.54,52.56
"c39a9f0d-7cf8-4c69-b6de-11d2a46154a2","d0a50b1c-a334-4d26-9089-0f8d05063665","D17","BIGC","BIGC.AOS.reaeration.station.04","BIGC_S4_20170627","2017-06-27T17:54Z",1216,"2017-06-27T20:22:30Z",90.70,88.90,17.27,104.30,106.41,105.02,107.15
"5de6110d-285d-426b-ab16-7f621de90791","d0a50b1c-a334-4d26-9089-0f8d05063665","D17","BIGC","BIGC.AOS.reaeration.station.04","BIGC_S4_20170627","2017-06-27T17:54Z",501,"2017-06-27T18:23:20Z",79.90,77.70,14.64,96.87,99.61,97.61,100.37
"08b74b85-2b38-4a77-b460-640493eaf66f","d0a50b1c-a334-4d26-9089-0f8d05063665","D17","BIGC","BIGC.AOS.reaeration.station.04","BIGC_S4_20170627","2017-06-27T17:54Z",1970,"2017-06-27T22:28:10Z",52.90,53.80,25.86,52.93,52.05,52.87,51.99
"b817ac04-f1a8-422e-9135-aea25dc4a05d","d0a50b1c-a334-4d26-9089-0f8d05063665","D17","BIGC","BIGC.AOS.reaeration.station.04","BIGC_S4_20170627","2017-06-27T17:54Z",690,"2017-06-27T18:54:50Z",81.30,78.80,15.33,96.65,99.72,97.38,100.47
"3b90b47d-5b6c-46f8-8e8d-3dced0c498df","d0a50b1c-a334-4d26-9089-0f8d05063665","D17","BIGC","BIGC.AOS.reaeration.station.04","BIGC_S4_20170627","2017-06-27T17:54Z",2021,"2017-06-27T22:36:40Z",53.30,54.60,25.94,53.64,52.36,53.57,52.30
"d93175bd-64da-4a90-9a6f-7a2f62da6507","d0a50b1c-a334-4d26-9089-0f8d05063665","D17","BIGC","BIGC.AOS.reaeration.station.04","BIGC_S4_20170627","2017-06-27T17:54Z",1087,"2017-06-27T20:01:00Z",86.00,84.00,16.83,99.53,101.90,100.24,102.63
"642275d6-c351-46a2-8230-3b7674f0caa6","d0a50b1c-a334-4d26-9089-0f8d05063665","D17","BIGC","BIGC.AOS.reaeration.station.04","BIGC_S4_20170627","2017-06-27T17:54Z",2512,"2017-06-27T23:58:30Z",54.20,55.70,26.02,54.64,53.16,54.57,53.10
"dead82c7-7076-47a9-8dda-79017d390909","d0a50b1c-a334-4d26-9089-0f8d05063665","D17","BIGC","BIGC.AOS.reaeration.station.04","BIGC_S4_20170627","2017-06-27T17:54Z",806,"2017-06-27T19:14:10Z",86.40,84.10,15.85,101.91,104.70,102.67,105.48
"a27d4503-e55f-4f5d-b30f-b73d563fb983","d0a50b1c-a334-4d26-9089-0f8d05063665","D17","BIGC","BIGC.AOS.reaeration.station.04","BIGC_S4_20170627","2017-06-27T17:54Z",2433,"2017-06-27T23:45:20Z",54.70,56.10,26.02,55.03,53.65,54.96,53.59
"ffc8dbdb-cb77-436d-9f18-f4ab9d5ab93f","d0a50b1c-a334-4d26-9089-0f8d05063665","D17","BIGC","BIGC.AOS.reaeration.station.04","BIGC_S4_20170627","2017-06-27T17:54Z",729,"2017-06-27T19:01:20Z",83.70,81.40,15.51,99.42,102.23,100.17,103.00
"03d7beca-acb6-4261-a21e-116d90aa9d08","d0a50b1c-a334-4d26-9089-0f8d05063665","D17","BIGC","BIGC.AOS.reaeration.station.04","BIGC_S4_20170627","2017-06-27T17:54Z",94,"2017-06-27T17:15:30Z",78.50,76.20,13.93,96.63,99.55,97.37,100.31
"c9392a39-5361-433e-971c-eccb7d9fe998","d0a50b1c-a334-4d26-9089-0f8d05063665","D17","BIGC","BIGC.AOS.reaeration.station.04","BIGC_S4_20170627","2017-06-27T17:54Z",2336,"2017-06-27T23:29:10Z",55.10,56.10,26.01,55.04,54.06,54.97,53.99
"e052e246-c6a0-4c4b-a2b6-cf9f81f811bb","d0a50b1c-a334-4d26-9089-0f8d05063665","D17","BIGC","BIGC.AOS.reaeration.station.04","BIGC_S4_20170627","2017-06-27T17:54Z",1069,"2017-06-27T19:58:00Z",85.70,83.60,16.77,99.19,101.68,99.90,102.41
"4bbe26ff-8f70-4ac1-a256-143ca1e76bed","d0a50b1c-a334-4d26-9089-0f8d05063665","D17","BIGC","BIGC.AOS.reaeration.station.04","BIGC_S4_20170627","2017-06-27T17:54Z",172,"2017-06-27T17:28:30Z",78.70,76.60,14.03,96.90,99.56,97.65,100.32
"81a66b0e-1b5c-4320-b7c1-8f9d0443b904","d0a50b1c-a334-4d26-9089-0f8d05063665","D17","BIGC","BIGC.AOS.reaeration.station.04","BIGC_S4_20170627","2017-06-27T17:54Z",7,"2017-06-27T17:01:00Z",78.50,76.20,13.89,96.73,99.64,97.47,100.41
"bbf29be3-9fb0-40ca-b984-71d2dcbdcee9","d0a50b1c-a334-4d26-9089-0f8d05063665","D17","BIGC","BIGC.AOS.reaeration.station.04","BIGC_S4_20170627","2017-06-27T17:54Z",1128,"2017-06-27T20:07:50Z",88.90,87.00,16.97,102.76,105.00,103.49,105.75
"abf3fa61-ab51-49ed-8c2a-116a1121d06a","d0a50b1c-a334-4d26-9089-0f8d05063665","D17","BIGC","BIGC.AOS.reaeration.station.04","BIGC_S4_20170627","2017-06-27T17:54Z",1241,"2017-06-27T20:26:40Z",90.80,88.90,17.37,104.07,106.29,104.78,107.02
"6389a56e-4ed8-4b16-a268-c57afcbeb79e","d0a50b1c-a334-4d26-9089-0f8d05063665","D17","BIGC","BIGC.AOS.reaeration.station.04","BIGC_S4_20170627","2017-06-27T17:54Z",2235,"2017-06-27T23:12:20Z",54.80,56.10,26.02,55.03,53.75,54.96,53.68
"52bc4618-dec2-4872-bc02-cc748bb1bd11","d0a50b1c-a334-4d26-9089-0f8d05063665","D17","BIGC","BIGC.AOS.reaeration.station.04","BIGC_S4_20170627","2017-06-27T17:54Z",1160,"2017-06-27T20:13:10Z",90.00,88.20,17.08,103.92,106.04,104.65,106.79
"98b4789c-1b43-4619-acfa-5ec6aa5cfd9f","d0a50b1c-a334-4d26-9089-0f8d05063665","D17","BIGC","BIGC.AOS.reaeration.station.04","BIGC_S4_20170627","2017-06-27T17:54Z",2293,"2017-06-27T23:22:00Z",54.90,56.10,26.01,55.04,53.86,54.97,53.79
"4b04cf8c-ce5c-4cc1-b7a6-3f25f9a18c8e","d0a50b1c-a334-4d26-9089-0f8d05063665","D17","BIGC","BIGC.AOS.reaeration.station.04","BIGC_S4_20170627","2017-06-27T17:54Z",272,"2017-06-27T17:45:10Z",79.00,77.00,14.18,97.06,99.58,97.80,100.34
"c7f8ca09-4f32-43e2-b3bd-81f0facc35b6","d0a50b1c-a334-4d26-9089-0f8d05063665","D17","BIGC","BIGC.AOS.reaeration.station.04","BIGC_S4_20170627","2017-06-27T17:54Z",822,"2017-06-27T19:16:50Z",86.70,84.80,15.92,102.59,104.89,103.36,105.67
"afc76b01-f724-45db-ad42-b5aec7570fca","d0a50b1c-a334-4d26-9089-0f8d05063665","D17","BIGC","BIGC.AOS.reaeration.station.04","BIGC_S4_20170627","2017-06-27T17:54Z",1082,"2017-06-27T20:00:10Z",85.80,83.60,16.82,99.08,101.69,99.79,102.41
"f7d35d54-4a87-4343-a9e5-6a3eab8c4f36","d0a50b1c-a334-4d26-9089-0f8d05063665","D17","BIGC","BIGC.AOS.reaeration.station.04","BIGC_S4_20170627","2017-06-27T17:54Z",319,"2017-06-27T17:53:00Z",79.20,77.00,14.27,96.85,99.62,97.59,100.38
"7ba1d323-2629-4d04-abd1-e3c6b053e588","d0a50b1c-a334-4d26-9089-0f8d05063665","D17","BIGC","BIGC.AOS.reaeration.station.04","BIGC_S4_20170627","2017-06-27T17:54Z",506,"2017-06-27T18:24:10Z",80.00,77.70,14.66,96.82,99.69,97.56,100.45
"92d5be84-7538-41ec-bf2a-8368186f46b1","d0a50b1c-a334-4d26-9089-0f8d05063665","D17","BIGC","BIGC.AOS.reaeration.station.04","BIGC_S4_20170627","2017-06-27T17:54Z",287,"2017-06-27T17:47:40Z",79.20,76.60,14.21,96.48,99.76,97.23,100.53
"ed71330f-cf4d-4266-98f2-8447abfe4fa8","d0a50b1c-a334-4d26-9089-0f8d05063665","D17","BIGC","BIGC.AOS.reaeration.station.04","BIGC_S4_20170627","2017-06-27T17:54Z",112,"2017-06-27T17:18:30Z",78.60,76.20,13.96,96.56,99.60,97.30,100.37
"8c65e62e-2cb3-4009-bfa5-b81e76703a24","d0a50b1c-a334-4d26-9089-0f8d05063665","D17","BIGC","BIGC.AOS.reaeration.station.04","BIGC_S4_20170627","2017-06-27T17:54Z",34,"2017-06-27T17:05:30Z",78.40,76.20,13.87,96.77,99.57,97.51,100.33
"971851b7-472d-4f17-89fb-6ccf82352c9f","d0a50b1c-a334-4d26-9089-0f8d05063665","D17","BIGC","BIGC.AOS.reaeration.station.04","BIGC_S4_20170627","2017-06-27T17:54Z",2373,"2017-06-27T23:35:20Z",54.80,56.10,26.01,55.04,53.76,54.97,53.69
"2e0f7f14-aa4d-4da2-ab4b-91e60030ada4","d0a50b1c-a334-4d26-9089-0f8d05063665","D17","BIGC","BIGC.AOS.reaeration.station.04","BIGC_S4_20170627","2017-06-27T17:54Z",331,"2017-06-27T17:55:00Z",79.20,77.00,14.28,96.83,99.59,97.57,100.36
"56485c99-973b-42a3-8ac1-4383474ad4c0","d0a50b1c-a334-4d26-9089-0f8d05063665","D17","BIGC","BIGC.AOS.reaeration.station.04","BIGC_S4_20170627","2017-06-27T17:54Z",526,"2017-06-27T18:27:30Z",80.10,77.70,14.72,96.68,99.67,97.42,100.43
"f54457b5-30c8-48ea-b129-0ca6d1a07a6c","d0a50b1c-a334-4d26-9089-0f8d05063665","D17","BIGC","BIGC.AOS.reaeration.station.04","BIGC_S4_20170627","2017-06-27T17:54Z",1289,"2017-06-27T20:34:40Z",91.20,89.70,17.51,104.67,106.43,105.39,107.15
"5ee653a3-e31e-433f-b23d-8e29f7ac7519","d0a50b1c-a334-4d26-9089-0f8d05063665","D17","BIGC","BIGC.AOS.reaeration.station.04","BIGC_S4_20170627","2017-06-27T17:54Z",421,"2017-06-27T18:10:00Z",79.60,77.30,14.46,96.78,99.66,97.53,100.43
"532ee706-e5c5-41dd-be4b-3be25aed3720","d0a50b1c-a334-4d26-9089-0f8d05063665","D17","BIGC","BIGC.AOS.reaeration.station.04","BIGC_S4_20170627","2017-06-27T17:54Z",2013,"2017-06-27T22:35:20Z",53.20,54.20,25.92,53.26,52.28,53.20,52.22
"5e78841d-8e46-4e55-be01-536781fcf2b2","d0a50b1c-a334-4d26-9089-0f8d05063665","D17","BIGC","BIGC.AOS.reaeration.station.04","BIGC_S4_20170627","2017-06-27T17:54Z",1783,"2017-06-27T21:57:00Z",51.20,52.40,25.19,52.21,51.01,52.20,51.00
"8b71457e-33df-4623-a91b-845c8d4e1000","d0a50b1c-a334-4d26-9089-0f8d05063665","D17","BIGC","BIGC.AOS.reaeration.station.04","BIGC_S4_20170627","2017-06-27T17:54Z",2244,"2017-06-27T23:13:50Z",54.80,56.10,26.02,55.03,53.75,54.96,53.68
"687ba3c3-048e-43cf-9542-f242cc12d6b3","d0a50b1c-a334-4d26-9089-0f8d05063665","D17","BIGC","BIGC.AOS.reaeration.station.04","BIGC_S4_20170627","2017-06-27T17:54Z",2232,"2017-06-27T23:11:50Z",54.80,56.10,26.02,55.03,53.75,54.96,53.68
"353eb729-dfd2-41b5-b349-54ee8d70c31f","d0a50b1c-a334-4d26-9089-0f8d05063665","D17","BIGC","BIGC.AOS.reaeration.station.04","BIGC_S4_20170627","2017-06-27T17:54Z",1214,"2017-06-27T20:22:10Z",90.60,88.90,17.27,104.30,106.29,105.02,107.03
"34bc9fed-da9b-408f-83a7-27b57e8a0dbb","d0a50b1c-a334-4d26-9089-0f8d05063665","D17","BIGC","BIGC.AOS.reaeration.station.04","BIGC_S4_20170627","2017-06-27T17:54Z",1927,"2017-06-27T22:21:00Z",52.60,53.50,25.76,52.73,51.85,52.68,51.80
"70f80e88-b673-4611-9e8c-4570c8425b4f","d0a50b1c-a334-4d26-9089-0f8d05063665","D17","BIGC","BIGC.AOS.reaeration.station.04","BIGC_S4_20170627","2017-06-27T17:54Z",563,"2017-06-27T18:33:40Z",80.40,78.10,14.83,96.93,99.78,97.67,100.55
"a05dc11e-1589-4c9c-b2bf-97fffc8e1ffa","d0a50b1c-a334-4d26-9089-0f8d05063665","D17","BIGC","BIGC.AOS.reaeration.station.04","BIGC_S4_20170627","2017-06-27T17:54Z",919,"2017-06-27T19:33:00Z",87.40,85.60,16.29,102.68,104.84,103.44,105.61
"432e3c53-3d64-4e84-bd8b-df885310217e","d0a50b1c-a334-4d26-9089-0f8d05063665","D17","BIGC","BIGC.AOS.reaeration.station.04","BIGC_S4_20170627","2017-06-27T17:54Z",1971,"2017-06-27T22:28:20Z",52.90,53.80,25.86,52.93,52.05,52.87,51.99
"c7778a10-7fe9-4f8b-acc1-a68fff617cfe","d0a50b1c-a334-4d26-9089-0f8d05063665","D17","BIGC","BIGC.AOS.reaeration.station.04","BIGC_S4_20170627","2017-06-27T17:54Z",876,"2017-06-27T19:25:50Z",87.10,85.20,16.14,102.55,104.84,103.31,105.62
"45f31fe7-d737-4995-8cd6-ad43eb495f37","d0a50b1c-a334-4d26-9089-0f8d05063665","D17","BIGC","BIGC.AOS.reaeration.station.04","BIGC_S4_20170627","2017-06-27T17:54Z",551,"2017-06-27T18:31:40Z",80.20,78.10,14.79,97.02,99.63,97.76,100.39
"50844602-c449-4f59-b0b2-e7bafc4de107","d0a50b1c-a334-4d26-9089-0f8d05063665","D17","BIGC","BIGC.AOS.reaeration.station.04","BIGC_S4_20170627","2017-06-27T17:54Z",542,"2017-06-27T18:30:10Z",80.10,78.10,14.77,97.07,99.55,97.81,100.31
"29ba4bd1-9306-4e6f-95c2-d3c555421f52","d0a50b1c-a334-4d26-9089-0f8d05063665","D17","BIGC","BIGC.AOS.reaeration.station.04","BIGC_S4_20170627","2017-06-27T17:54Z",1720,"2017-06-27T21:46:30Z",50.90,51.60,24.82,51.78,51.08,51.79,51.09
"f192d2d4-e996-441a-bf27-47085e18c4a9","d0a50b1c-a334-4d26-9089-0f8d05063665","D17","BIGC","BIGC.AOS.reaeration.station.04","BIGC_S4_20170627","2017-06-27T17:54Z",1998,"2017-06-27T22:32:50Z",53.10,54.20,25.90,53.28,52.20,53.22,52.14
"9807c0ae-adec-45d3-b94b-ad49b1d3032d","d0a50b1c-a334-4d26-9089-0f8d05063665","D17","BIGC","BIGC.AOS.reaeration.station.04","BIGC_S4_20170627","2017-06-27T17:54Z",1910,"2017-06-27T22:18:10Z",52.40,53.50,25.71,52.78,51.70,52.74,51.65
"3f26b32a-1621-4d79-a9c3-594628cde005","d0a50b1c-a334-4d26-9089-0f8d05063665","D17","BIGC","BIGC.AOS.reaeration.station.04","BIGC_S4_20170627","2017-06-27T17:54Z",428,"2017-06-27T18:11:10Z",79.60,77.30,14.46,96.78,99.66,97.53,100.43
"764953ca-9e9d-4161-9611-d207a79184a2","d0a50b1c-a334-4d26-9089-0f8d05063665","D17","BIGC","BIGC.AOS.reaeration.station.04","BIGC_S4_20170627","2017-06-27T17:54Z",1165,"2017-06-27T20:14:00Z",90.20,88.20,17.09,103.90,106.25,104.63,107.00
"88952842-09ad-4e67-af24-77d47584abe1","d0a50b1c-a334-4d26-9089-0f8d05063665","D17","BIGC","BIGC.AOS.reaeration.station.04","BIGC_S4_20170627","2017-06-27T17:54Z",910,"2017-06-27T19:31:30Z",87.30,85.20,16.27,102.25,104.77,103.00,105.54
"2ee9321c-cd0d-4408-9120-8d1da97c9a3b","d0a50b1c-a334-4d26-9089-0f8d05063665","D17","BIGC","BIGC.AOS.reaeration.station.04","BIGC_S4_20170627","2017-06-27T17:54Z",2375,"2017-06-27T23:35:40Z",54.80,56.10,26.01,55.04,53.76,54.97,53.69
"68269b3e-0ed6-4fa2-898f-73232cde2167","d0a50b1c-a334-4d26-9089-0f8d05063665","D17","BIGC","BIGC.AOS.reaeration.station.04","BIGC_S4_20170627","2017-06-27T17:54Z",75,"2017-06-27T17:12:20Z",78.50,76.20,13.91,96.68,99.60,97.42,100.36
"a7b13c1a-bd53-41fb-9374-31de863c0d3b","d0a50b1c-a334-4d26-9089-0f8d05063665","D17","BIGC","BIGC.AOS.reaeration.station.04","BIGC_S4_20170627","2017-06-27T17:54Z",2168,"2017-06-27T23:01:10Z",54.40,55.30,26.01,54.25,53.37,54.18,53.30
"8586a6d7-d776-422b-ba6f-d67a220aebef","d0a50b1c-a334-4d26-9089-0f8d05063665","D17","BIGC","BIGC.AOS.reaeration.station.04","BIGC_S4_20170627","2017-06-27T17:54Z",860,"2017-06-27T19:23:10Z",87.00,85.20,16.08,102.70,104.87,103.46,105.64
"8189e79b-bd82-4255-9cce-1aa7ae1c3de9","d0a50b1c-a334-4d26-9089-0f8d05063665","D17","BIGC","BIGC.AOS.reaeration.station.04","BIGC_S4_20170627","2017-06-27T17:54Z",1870,"2017-06-27T22:11:30Z",52.00,53.10,25.58,52.52,51.43,52.48,51.39
"527a43a5-77cf-4a85-8af2-d760a21c54ab","d0a50b1c-a334-4d26-9089-0f8d05063665","D17","BIGC","BIGC.AOS.reaeration.station.04","BIGC_S4_20170627","2017-06-27T17:54Z",801,"2017-06-27T19:13:20Z",86.40,84.10,15.83,101.96,104.75,102.72,105.53
"c61e098e-6f5a-45c7-8f06-42bf55cb1434","d0a50b1c-a334-4d26-9089-0f8d05063665","D17","BIGC","BIGC.AOS.reaeration.station.04","BIGC_S4_20170627","2017-06-27T17:54Z",1459,"2017-06-27T21:03:00Z",49.20,50.30,21.72,53.66,52.49,53.86,52.68
"6a799eff-984a-4ced-b5c1-e7df04ce0525","d0a50b1c-a334-4d26-9089-0f8d05063665","D17","BIGC","BIGC.AOS.reaeration.station.04","BIGC_S4_20170627","2017-06-27T17:54Z",71,"2017-06-27T17:11:40Z",78.50,76.20,13.91,96.68,99.60,97.42,100.36
"d06f551c-3ef0-41d4-a9f2-019f3b3793c4","d0a50b1c-a334-4d26-9089-0f8d05063665","D17","BIGC","BIGC.AOS.reaeration.station.04","BIGC_S4_20170627","2017-06-27T17:54Z",1218,"2017-06-27T20:22:50Z",90.70,88.90,17.27,104.30,106.41,105.02,107.15
"4a1c61e3-8455-47b5-9ae5-9ae324a9ba1e","d0a50b1c-a334-4d26-9089-0f8d05063665","D17","BIGC","BIGC.AOS.reaeration.station.04","BIGC_S4_20170627","2017-06-27T17:54Z",1820,"2017-06-27T22:03:10Z",51.50,52.40,25.37,52.03,51.14,52.01,51.12
"409e944e-b8f2-4eda-93b7-aadec6266124","d0a50b1c-a334-4d26-9089-0f8d05063665","D17","BIGC","BIGC.AOS.reaeration.station.04","BIGC_S4_20170627","2017-06-27T17:54Z",9,"2017-06-27T17:01:20Z",78.50,76.20,13.87,96.77,99.69,97.51,100.46
"9b4569a7-4355-4d10-8569-cd46a01f8097","d0a50b1c-a334-4d26-9089-0f8d05063665","D17","BIGC","BIGC.AOS.reaeration.station.04","BIGC_S4_20170627","2017-06-27T17:54Z",2227,"2017-06-27T23:11:00Z",54.80,56.10,26.02,55.03,53.75,54.96,53.68
"9c8ccbab-da99-466e-89b7-35433dea316b","d0a50b1c-a334-4d26-9089-0f8d05063665","D17","BIGC","BIGC.AOS.reaeration.station.04","BIGC_S4_20170627","2017-06-27T17:54Z",1246,"2017-06-27T20:27:30Z",90.90,89.30,17.37,104.53,106.41,105.25,107.14
"461f4656-5be9-494a-950f-4c7d43b1d79a","d0a50b1c-a334-4d26-9089-0f8d05063665","D17","BIGC","BIGC.AOS.reaeration.station.04","BIGC_S4_20170627","2017-06-27T17:54Z",2008,"2017-06-27T22:34:30Z",53.10,54.20,25.92,53.26,52.18,53.20,52.12
"b18d295f-b362-4fc2-ab7c-d97f44722b50","d0a50b1c-a334-4d26-9089-0f8d05063665","D17","BIGC","BIGC.AOS.reaeration.station.04","BIGC_S4_20170627","2017-06-27T17:54Z",1182,"2017-06-27T20:16:50Z",90.30,88.50,17.16,104.09,106.20,104.81,106.95
"28802f52-8a69-4138-8ef1-a1dcedf31a88","d0a50b1c-a334-4d26-9089-0f8d05063665","D17","BIGC","BIGC.AOS.reaeration.station.04","BIGC_S4_20170627","2017-06-27T17:54Z",351,"2017-06-27T17:58:20Z",79.30,77.00,14.31,96.76,99.65,97.50,100.41
"1f6d8ced-8706-48b6-aca2-77b522161a01","d0a50b1c-a334-4d26-9089-0f8d05063665","D17","BIGC","BIGC.AOS.reaeration.station.04","BIGC_S4_20170627","2017-06-27T17:54Z",2243,"2017-06-27T23:13:40Z",54.80,56.10,26.02,55.03,53.75,54.96,53.68
"6b4ad1a5-13e0-4775-b366-6e8c1424ffb8","d0a50b1c-a334-4d26-9089-0f8d05063665","D17","BIGC","BIGC.AOS.reaeration.station.04","BIGC_S4_20170627","2017-06-27T17:54Z",1738,"2017-06-27T21:49:30Z",51.00,52.40,24.93,52.47,51.07,52.47,51.07
"3b697c74-6482-41f9-b5a5-09f868219b13","d0a50b1c-a334-4d26-9089-0f8d05063665","D17","BIGC","BIGC.AOS.reaeration.station.04","BIGC_S4_20170627","2017-06-27T17:54Z",1937,"2017-06-27T22:22:40Z",52.50,53.50,25.78,52.71,51.73,52.66,51.68
"fdd0940d-d252-44eb-a371-49ffc9b6087a","d0a50b1c-a334-4d26-9089-0f8d05063665","D17","BIGC","BIGC.AOS.reaeration.station.04","BIGC_S4_20170627","2017-06-27T17:54Z",17,"2017-06-27T17:02:40Z",78.50,76.20,13.87,96.77,99.69,97.51,100.46
"b11030a3-a0fe-450f-889e-18f54a5b50a8","d0a50b1c-a334-4d26-9089-0f8d05063665","D17","BIGC","BIGC.AOS.reaeration.station.04","BIGC_S4_20170627","2017-06-27T17:54Z",1009,"2017-06-27T19:48:00Z",87.30,85.20,16.58,101.53,104.03,102.26,104.78
"11f4d9f0-b45b-42ae-a8fe-d6c33956e9e5","d0a50b1c-a334-4d26-9089-0f8d05063665","D17","BIGC","BIGC.AOS.reaeration.station.04","BIGC_S4_20170627","2017-06-27T17:54Z",1884,"2017-06-27T22:13:50Z",52.00,53.10,25.63,52.47,51.38,52.43,51.34
"c127915d-2c42-4b9e-8fc2-e0d85d7787c7","d0a50b1c-a334-4d26-9089-0f8d05063665","D17","BIGC","BIGC.AOS.reaeration.station.04","BIGC_S4_20170627","2017-06-27T17:54Z",2053,"2017-06-27T22:42:00Z",53.70,54.60,25.97,53.61,52.72,53.54,52.66
"2b3576b3-89c0-4a83-876e-08c209c6f892","d0a50b1c-a334-4d26-9089-0f8d05063665","D17","BIGC","BIGC.AOS.reaeration.station.04","BIGC_S4_20170627","2017-06-27T17:54Z",579,"2017-06-27T18:36:20Z",80.40,78.10,14.89,96.79,99.64,97.53,100.40
"de8ba483-4505-4b71-80aa-7db602ed6cca","d0a50b1c-a334-4d26-9089-0f8d05063665","D17","BIGC","BIGC.AOS.reaeration.station.04","BIGC_S4_20170627","2017-06-27T17:54Z",934,"2017-06-27T19:35:30Z",87.40,85.60,16.34,102.56,104.72,103.32,105.49
"27b8681d-0211-4b35-ba6a-8eaea0187981","d0a50b1c-a334-4d26-9089-0f8d05063665","D17","BIGC","BIGC.AOS.reaeration.station.04","BIGC_S4_20170627","2017-06-27T17:54Z",1730,"2017-06-27T21:48:10Z",50.90,51.60,24.88,51.72,51.02,51.73,51.02
"6265cbc7-8855-4b2f-935c-c7b6b4514db6","d0a50b1c-a334-4d26-9089-0f8d05063665","D17","BIGC","BIGC.AOS.reaeration.station.04","BIGC_S4_20170627","2017-06-27T17:54Z",2292,"2017-06-27T23:21:50Z",54.90,56.10,26.01,55.04,53.86,54.97,53.79
"9d8ff97c-045f-43b7-9091-be960f1532f8","d0a50b1c-a334-4d26-9089-0f8d05063665","D17","BIGC","BIGC.AOS.reaeration.station.04","BIGC_S4_20170627","2017-06-27T17:54Z",311,"2017-06-27T17:51:40Z",79.20,77.00,14.26,96.87,99.64,97.62,100.40
"e0d5b86b-cab6-47ee-86b0-7bf7a693fbd6","d0a50b1c-a334-4d26-9089-0f8d05063665","D17","BIGC","BIGC.AOS.reaeration.station.04","BIGC_S4_20170627","2017-06-27T17:54Z",1272,"2017-06-27T20:31:50Z",91.10,89.30,17.46,104.32,106.43,105.04,107.15
"55558862-e974-437b-9cd5-5b721c817826","d0a50b1c-a334-4d26-9089-0f8d05063665","D17","BIGC","BIGC.AOS.reaeration.station.04","BIGC_S4_20170627","2017-06-27T17:54Z",512,"2017-06-27T18:25:10Z",80.00,77.70,14.67,96.80,99.66,97.54,100.43
"37a83631-5916-4aaa-aaf7-6af6d3061b73","d0a50b1c-a334-4d26-9089-0f8d05063665","D17","BIGC","BIGC.AOS.reaeration.station.04","BIGC_S4_20170627","2017-06-27T17:54Z",491,"2017-06-27T18:21:40Z",79.90,77.70,14.61,96.94,99.68,97.68,100.45
"6caf09dd-11c5-4356-8efa-d40fc110c2ae","d0a50b1c-a334-4d26-9089-0f8d05063665","D17","BIGC","BIGC.AOS.reaeration.station.04","BIGC_S4_20170627","2017-06-27T17:54Z",1150,"2017-06-27T20:11:30Z",89.70,87.80,17.04,103.54,105.78,104.27,106.53
"eea592f9-5754-4c79-9b5f-1a2beaefbfd8","d0a50b1c-a334-4d26-9089-0f8d05063665","D17","BIGC","BIGC.AOS.reaeration.station.04","BIGC_S4_20170627","2017-06-27T17:54Z",439,"2017-06-27T18:13:00Z",79.70,77.30,14.48,96.74,99.74,97.48,100.51
"a359c737-87b0-4352-acc6-526c14452749","d0a50b1c-a334-4d26-9089-0f8d05063665","D17","BIGC","BIGC.AOS.reaeration.station.04","BIGC_S4_20170627","2017-06-27T17:54Z",1891,"2017-06-27T22:15:00Z",52.20,53.10,25.65,52.45,51.56,52.41,51.52
"b9e72dec-1882-4288-ade6-18821bb0cd20","d0a50b1c-a334-4d26-9089-0f8d05063665","D17","BIGC","BIGC.AOS.reaeration.station.04","BIGC_S4_20170627","2017-06-27T17:54Z",1051,"2017-06-27T19:55:00Z",85.60,83.20,16.71,98.85,101.70,99.56,102.43
"96bfbbc1-73e0-40f0-a5d7-dcc62c25cfd4","d0a50b1c-a334-4d26-9089-0f8d05063665","D17","BIGC","BIGC.AOS.reaeration.station.04","BIGC_S4_20170627","2017-06-27T17:54Z",2151,"2017-06-27T22:58:20Z",54.30,55.30,26.01,54.25,53.27,54.18,53.21
"3f3fa2a4-c5fa-40fb-8ff6-6676557c8989","d0a50b1c-a334-4d26-9089-0f8d05063665","D17","BIGC","BIGC.AOS.reaeration.station.04","BIGC_S4_20170627","2017-06-27T17:54Z",250,"2017-06-27T17:41:30Z",79.00,76.60,14.14,96.65,99.68,97.39,100.44
"027fdc8f-cbe6-41f1-bec6-7e775fe408d2","d0a50b1c-a334-4d26-9089-0f8d05063665","D17","BIGC","BIGC.AOS.reaeration.station.04","BIGC_S4_20170627","2017-06-27T17:54Z",865,"2017-06-27T19:24:00Z",87.00,85.20,16.09,102.67,104.84,103.43,105.62
"39652aca-89eb-41c5-8999-97e9325710bc","d0a50b1c-a334-4d26-9089-0f8d05063665","D17","BIGC","BIGC.AOS.reaeration.station.04","BIGC_S4_20170627","2017-06-27T17:54Z",519,"2017-06-27T18:26:20Z",80.00,77.70,14.68,96.78,99.64,97.52,100.40
"a7723e3e-42e7-44e6-ad32-09477ab7caa1","d0a50b1c-a334-4d26-9089-0f8d05063665","D17","BIGC","BIGC.AOS.reaeration.station.04","BIGC_S4_20170627","2017-06-27T17:54Z",1876,"2017-06-27T22:12:30Z",52.10,52.70,25.61,52.09,51.50,52.05,51.46
"3cd085e0-93de-4d76-9c8d-4a9bd0f4f440","d0a50b1c-a334-4d26-9089-0f8d05063665","D17","BIGC","BIGC.AOS.reaeration.station.04","BIGC_S4_20170627","2017-06-27T17:54Z",2609,"2017-06-28T00:14:40Z",46.90,48.20,24.96,48.24,46.94,48.24,46.94
"d70058b3-1369-4d2b-9764-8fc4f5fdca58","d0a50b1c-a334-4d26-9089-0f8d05063665","D17","BIGC","BIGC.AOS.reaeration.station.04","BIGC_S4_20170627","2017-06-27T17:54Z",1992,"2017-06-27T22:31:50Z",53.00,54.20,25.89,53.29,52.11,53.23,52.06
"b0aa678b-cfcb-447c-83c6-eafd3f41d921","d0a50b1c-a334-4d26-9089-0f8d05063665","D17","BIGC","BIGC.AOS.reaeration.station.04","BIGC_S4_20170627","2017-06-27T17:54Z",2526,"2017-06-28T00:00:50Z",54.10,56.10,26.02,55.03,53.07,54.96,53.00
"64f11b6f-2f75-423a-848c-5bdb248bfcc9","d0a50b1c-a334-4d26-9089-0f8d05063665","D17","BIGC","BIGC.AOS.reaeration.station.04","BIGC_S4_20170627","2017-06-27T17:54Z",1096,"2017-06-27T20:02:30Z",86.60,84.40,16.87,99.92,102.52,100.63,103.25
"888ca80b-7990-49cc-ac44-c32f556d87c1","d0a50b1c-a334-4d26-9089-0f8d05063665","D17","BIGC","BIGC.AOS.reaeration.station.04","BIGC_S4_20170627","2017-06-27T17:54Z",533,"2017-06-27T18:28:40Z",80.10,77.70,14.73,96.66,99.65,97.40,100.41
"75376b25-16bf-48d2-92c2-cc738008662e","d0a50b1c-a334-4d26-9089-0f8d05063665","D17","BIGC","BIGC.AOS.reaeration.station.04","BIGC_S4_20170627","2017-06-27T17:54Z",1825,"2017-06-27T22:04:00Z",51.50,52.40,25.39,52.01,51.12,51.99,51.09
"dbd9babe-e892-4b6b-b969-5acb6960769e","d0a50b1c-a334-4d26-9089-0f8d05063665","D17","BIGC","BIGC.AOS.reaeration.station.04","BIGC_S4_20170627","2017-06-27T17:54Z",1251,"2017-06-27T20:28:20Z",90.90,89.70,17.38,104.98,106.38,105.70,107.12
"59c3678c-3680-46fb-8e39-cb0c7d476e56","d0a50b1c-a334-4d26-9089-0f8d05063665","D17","BIGC","BIGC.AOS.reaeration.station.04","BIGC_S4_20170627","2017-06-27T17:54Z",2039,"2017-06-27T22:39:40Z",53.50,54.60,25.95,53.63,52.55,53.56,52.48
"d65eb32b-4a25-49ce-9140-365edab60a88","d0a50b1c-a334-4d26-9089-0f8d05063665","D17","BIGC","BIGC.AOS.reaeration.station.04","BIGC_S4_20170627","2017-06-27T17:54Z",2611,"2017-06-28T00:15:00Z",46.20,47.50,24.89,47.60,46.30,47.61,46.30
"2b75c84e-cf2d-4a04-a7a3-928a034a7cd7","d0a50b1c-a334-4d26-9089-0f8d05063665","D17","BIGC","BIGC.AOS.reaeration.station.04","BIGC_S4_20170627","2017-06-27T17:54Z",356,"2017-06-27T17:59:10Z",79.40,77.00,14.33,96.71,99.72,97.45,100.49
"a8efed19-cd9b-4b95-beb1-feafdb957033","d0a50b1c-a334-4d26-9089-0f8d05063665","D17","BIGC","BIGC.AOS.reaeration.station.04","BIGC_S4_20170627","2017-06-27T17:54Z",1405,"2017-06-27T20:54:00Z",48.20,48.90,20.25,53.78,53.01,54.05,53.27
"dbe32141-6138-42a0-9da9-685aca602831","d0a50b1c-a334-4d26-9089-0f8d05063665","D17","BIGC","BIGC.AOS.reaeration.station.04","BIGC_S4_20170627","2017-06-27T17:54Z",498,"2017-06-27T18:22:50Z",79.90,77.70,14.64,96.87,99.61,97.61,100.37
"df644d79-7324-4715-95e4-60aeca52df2e","d0a50b1c-a334-4d26-9089-0f8d05063665","D17","BIGC","BIGC.AOS.reaeration.station.04","BIGC_S4_20170627","2017-06-27T17:54Z",1916,"2017-06-27T22:19:10Z",52.40,53.50,25.72,52.77,51.69,52.73,51.64
"b3d8e1c5-48c9-4198-9f22-fb3c0149bfcd","d0a50b1c-a334-4d26-9089-0f8d05063665","D17","BIGC","BIGC.AOS.reaeration.station.04","BIGC_S4_20170627","2017-06-27T17:54Z",1573,"2017-06-27T21:22:00Z",50.20,51.30,23.53,52.78,51.65,52.87,51.74
"5ea8b7ce-9cae-4f3c-8ed3-d4f2050bb222","d0a50b1c-a334-4d26-9089-0f8d05063665","D17","BIGC","BIGC.AOS.reaeration.station.04","BIGC_S4_20170627","2017-06-27T17:54Z",1378,"2017-06-27T20:49:30Z",47.30,48.10,19.24,54.05,53.15,54.36,53.45
"51fa69ae-1535-42f6-b77a-f70c4f84d208","d0a50b1c-a334-4d26-9089-0f8d05063665","D17","BIGC","BIGC.AOS.reaeration.station.04","BIGC_S4_20170627","2017-06-27T17:54Z",1141,"2017-06-27T20:10:00Z",89.50,87.80,17.01,103.61,105.62,104.34,106.36
"beddfde1-36a6-4e1b-8be1-fc9b6a679e4b","d0a50b1c-a334-4d26-9089-0f8d05063665","D17","BIGC","BIGC.AOS.reaeration.station.04","BIGC_S4_20170627","2017-06-27T17:54Z",789,"2017-06-27T19:11:20Z",86.20,84.10,15.77,102.10,104.65,102.86,105.43
"2c7cdc8b-38e5-4b8c-8961-0f38f5eda953","d0a50b1c-a334-4d26-9089-0f8d05063665","D17","BIGC","BIGC.AOS.reaeration.station.04","BIGC_S4_20170627","2017-06-27T17:54Z",1580,"2017-06-27T21:23:10Z",50.20,51.30,23.61,52.70,51.57,52.79,51.65
"096d51e2-1c8f-472d-ae29-0d4e183c553d","d0a50b1c-a334-4d26-9089-0f8d05063665","D17","BIGC","BIGC.AOS.reaeration.station.04","BIGC_S4_20170627","2017-06-27T17:54Z",1029,"2017-06-27T19:51:20Z",86.60,84.80,16.64,100.91,103.06,101.64,103.80
"12800181-3295-4c78-930e-ce9d2a5286e7","d0a50b1c-a334-4d26-9089-0f8d05063665","D17","BIGC","BIGC.AOS.reaeration.station.04","BIGC_S4_20170627","2017-06-27T17:54Z",2239,"2017-06-27T23:13:00Z",54.80,56.10,26.02,55.03,53.75,54.96,53.68
"7707c7b4-b94a-4e54-89a5-ca670b765b43","d0a50b1c-a334-4d26-9089-0f8d05063665","D17","BIGC","BIGC.AOS.reaeration.station.04","BIGC_S4_20170627","2017-06-27T17:54Z",812,"2017-06-27T19:15:10Z",86.60,84.50,15.88,102.32,104.87,103.09,105.65
"7e5fa295-128d-490b-9532-2da0d809371d","d0a50b1c-a334-4d26-9089-0f8d05063665","D17","BIGC","BIGC.AOS.reaeration.station.04","BIGC_S4_20170627","2017-06-27T17:54Z",787,"2017-06-27T19:11:00Z",86.20,84.10,15.77,102.10,104.65,102.86,105.43
"160eb999-f300-4a92-8550-d032cad74c5f","d0a50b1c-a334-4d26-9089-0f8d05063665","D17","BIGC","BIGC.AOS.reaeration.station.04","BIGC_S4_20170627","2017-06-27T17:54Z",1229,"2017-06-27T20:24:40Z",90.70,88.90,17.32,104.18,106.29,104.90,107.03
"c80d0928-c2b3-42d7-ac0c-b76f1166fde7","d0a50b1c-a334-4d26-9089-0f8d05063665","D17","BIGC","BIGC.AOS.reaeration.station.04","BIGC_S4_20170627","2017-06-27T17:54Z",1596,"2017-06-27T21:25:50Z",50.40,51.30,23.79,52.51,51.59,52.59,51.67
"e6b303d9-a495-4434-94de-c2c5b12afefa","d0a50b1c-a334-4d26-9089-0f8d05063665","D17","BIGC","BIGC.AOS.reaeration.station.04","BIGC_S4_20170627","2017-06-27T17:54Z",2603,"2017-06-28T00:13:40Z",48.40,50.10,25.14,49.97,48.27,49.96,48.26
"231b6fd6-ad39-4c88-9dec-5ca4c63a49d3","d0a50b1c-a334-4d26-9089-0f8d05063665","D17","BIGC","BIGC.AOS.reaeration.station.04","BIGC_S4_20170627","2017-06-27T17:54Z",2172,"2017-06-27T23:01:50Z",54.40,55.30,26.01,54.25,53.37,54.18,53.30
"4266ecc6-524c-4592-9c52-4b96fe03ded2","d0a50b1c-a334-4d26-9089-0f8d05063665","D17","BIGC","BIGC.AOS.reaeration.station.04","BIGC_S4_20170627","2017-06-27T17:54Z",786,"2017-06-27T19:10:50Z",86.20,84.10,15.77,102.10,104.65,102.86,105.43
"07467ddd-e149-4d73-a8c7-746f6fdeff2e","d0a50b1c-a334-4d26-9089-0f8d05063665","D17","BIGC","BIGC.AOS.reaeration.station.04","BIGC_S4_20170627","2017-06-27T17:54Z",1652,"2017-06-27T21:35:10Z",50.70,51.30,24.34,51.95,51.35,52.00,51.39
"45bbf928-c030-4590-979f-47ebb5b3c593","d0a50b1c-a334-4d26-9089-0f8d05063665","D17","BIGC","BIGC.AOS.reaeration.station.04","BIGC_S4_20170627","2017-06-27T17:54Z",2529,"2017-06-28T00:01:20Z",54.00,55.70,26.02,54.64,52.97,54.57,52.90
"497305a5-9f67-4f5e-b113-b5881d5746cf","d0a50b1c-a334-4d26-9089-0f8d05063665","D17","BIGC","BIGC.AOS.reaeration.station.04","BIGC_S4_20170627","2017-06-27T17:54Z",853,"2017-06-27T19:22:00Z",86.90,85.20,16.06,102.74,104.79,103.50,105.57
"7f907905-42e7-40c3-ad0c-847891387532","d0a50b1c-a334-4d26-9089-0f8d05063665","D17","BIGC","BIGC.AOS.reaeration.station.04","BIGC_S4_20170627","2017-06-27T17:54Z",1245,"2017-06-27T20:27:20Z",90.80,88.90,17.38,104.04,106.27,104.76,107.00
"86e387a5-3056-40da-b056-3b757684d3b9","d0a50b1c-a334-4d26-9089-0f8d05063665","D17","BIGC","BIGC.AOS.reaeration.station.04","BIGC_S4_20170627","2017-06-27T17:54Z",619,"2017-06-27T18:43:00Z",80.80,78.40,15.04,96.82,99.78,97.56,100.54
"3cd60d6c-8e5f-429b-8ab3-91b0e8c2a9a9","d0a50b1c-a334-4d26-9089-0f8d05063665","D17","BIGC","BIGC.AOS.reaeration.station.04","BIGC_S4_20170627","2017-06-27T17:54Z",1277,"2017-06-27T20:32:40Z",91.10,89.30,17.47,104.30,106.40,105.01,107.13
"5c2a28d5-8f66-4458-901b-38cfa5da5a3c","d0a50b1c-a334-4d26-9089-0f8d05063665","D17","BIGC","BIGC.AOS.reaeration.station.04","BIGC_S4_20170627","2017-06-27T17:54Z",681,"2017-06-27T18:53:20Z",81.30,78.80,15.29,96.74,99.81,97.48,100.57
"d33f668d-1803-4437-b1cb-765ef1bf316f","d0a50b1c-a334-4d26-9089-0f8d05063665","D17","BIGC","BIGC.AOS.reaeration.station.04","BIGC_S4_20170627","2017-06-27T17:54Z",191,"2017-06-27T17:31:40Z",78.80,76.60,14.05,96.86,99.64,97.60,100.40
"7d340156-a40a-41d1-8cd5-0bb552a92a92","d0a50b1c-a334-4d26-9089-0f8d05063665","D17","BIGC","BIGC.AOS.reaeration.station.04","BIGC_S4_20170627","2017-06-27T17:54Z",57,"2017-06-27T17:09:20Z",78.50,76.20,13.90,96.70,99.62,97.44,100.38
"bdfb751f-4dc6-4845-95e3-2c64f8201e58","d0a50b1c-a334-4d26-9089-0f8d05063665","D17","BIGC","BIGC.AOS.reaeration.station.04","BIGC_S4_20170627","2017-06-27T17:54Z",567,"2017-06-27T18:34:20Z",80.30,78.10,14.85,96.88,99.61,97.62,100.37
"84c312de-6407-491b-9ba8-b968a08f693e","d0a50b1c-a334-4d26-9089-0f8d05063665","D17","BIGC","BIGC.AOS.reaeration.station.04","BIGC_S4_20170627","2017-06-27T17:54Z",1270,"2017-06-27T20:31:30Z",91.00,89.30,17.46,104.32,106.31,105.04,107.04
"2223376a-debb-41a8-b21d-a205fed90459","d0a50b1c-a334-4d26-9089-0f8d05063665","D17","BIGC","BIGC.AOS.reaeration.station.04","BIGC_S4_20170627","2017-06-27T17:54Z",255,"2017-06-27T17:42:20Z",79.00,76.60,14.15,96.62,99.65,97.37,100.42
"a754af24-62a4-456c-9362-0422506a3b6b","d0a50b1c-a334-4d26-9089-0f8d05063665","D17","BIGC","BIGC.AOS.reaeration.station.04","BIGC_S4_20170627","2017-06-27T17:54Z",2196,"2017-06-27T23:05:50Z",54.60,55.70,26.02,54.64,53.56,54.57,53.49
"b5b8640f-f26a-4f67-899a-3fd23acee04a","d0a50b1c-a334-4d26-9089-0f8d05063665","D17","BIGC","BIGC.AOS.reaeration.station.04","BIGC_S4_20170627","2017-06-27T17:54Z",523,"2017-06-27T18:27:00Z",80.10,77.70,14.71,96.71,99.69,97.45,100.46
"80e5724e-5883-47af-9b94-0289c135bba9","d0a50b1c-a334-4d26-9089-0f8d05063665","D17","BIGC","BIGC.AOS.reaeration.station.04","BIGC_S4_20170627","2017-06-27T17:54Z",1542,"2017-06-27T21:16:50Z",50.20,51.30,23.15,53.18,52.04,53.29,52.15
"a99b563f-7dc9-4e3d-9a65-51bdd2908e31","d0a50b1c-a334-4d26-9089-0f8d05063665","D17","BIGC","BIGC.AOS.reaeration.station.04","BIGC_S4_20170627","2017-06-27T17:54Z",1151,"2017-06-27T20:11:40Z",89.70,87.80,17.04,103.54,105.78,104.27,106.53
"d8d7b8ed-c517-418c-9361-a10ea875ef69","d0a50b1c-a334-4d26-9089-0f8d05063665","D17","BIGC","BIGC.AOS.reaeration.station.04","BIGC_S4_20170627","2017-06-27T17:54Z",2220,"2017-06-27T23:09:50Z",54.70,56.10,26.02,55.03,53.65,54.96,53.59
"fd7b951c-88ae-452b-b0ef-cfc159e8fd49","d0a50b1c-a334-4d26-9089-0f8d05063665","D17","BIGC","BIGC.AOS.reaeration.station.04","BIGC_S4_20170627","2017-06-27T17:54Z",36,"2017-06-27T17:05:50Z",78.50,76.20,13.89,96.73,99.64,97.47,100.41
"9d5e850d-2bcc-439c-a10c-b34e943c8675","d0a50b1c-a334-4d26-9089-0f8d05063665","D17","BIGC","BIGC.AOS.reaeration.station.04","BIGC_S4_20170627","2017-06-27T17:54Z",617,"2017-06-27T18:42:40Z",80.80,78.40,15.03,96.84,99.81,97.58,100.57
"954171c7-a9b8-414e-926b-cad20ff46548","d0a50b1c-a334-4d26-9089-0f8d05063665","D17","BIGC","BIGC.AOS.reaeration.station.04","BIGC_S4_20170627","2017-06-27T17:54Z",1709,"2017-06-27T21:44:40Z",51.00,51.60,24.75,51.85,51.24,51.86,51.26
"dd9cfeaf-d01c-4510-96cb-82c3cae9d5fb","d0a50b1c-a334-4d26-9089-0f8d05063665","D17","BIGC","BIGC.AOS.reaeration.station.04","BIGC_S4_20170627","2017-06-27T17:54Z",1290,"2017-06-27T20:34:50Z",91.10,89.30,17.51,104.21,106.31,104.92,107.03
"40b8f6bb-208a-4c96-82db-18d4b1864586","d0a50b1c-a334-4d26-9089-0f8d05063665","D17","BIGC","BIGC.AOS.reaeration.station.04","BIGC_S4_20170627","2017-06-27T17:54Z",1491,"2017-06-27T21:08:20Z",49.70,50.30,22.36,52.97,52.34,53.13,52.50
"67a2daa8-5492-4d31-b1fc-04e3ed62bad1","d0a50b1c-a334-4d26-9089-0f8d05063665","D17","BIGC","BIGC.AOS.reaeration.station.04","BIGC_S4_20170627","2017-06-27T17:54Z",740,"2017-06-27T19:03:10Z",84.60,82.60,15.55,100.79,103.23,101.55,104.01
"bbd6d824-e509-49ca-b58d-0486bca70784","d0a50b1c-a334-4d26-9089-0f8d05063665","D17","BIGC","BIGC.AOS.reaeration.station.04","BIGC_S4_20170627","2017-06-27T17:54Z",1185,"2017-06-27T20:17:20Z",90.40,88.50,17.16,104.09,106.32,104.81,107.06
"0123e8ff-9bb5-4c51-ba8d-9785875dfd2e","d0a50b1c-a334-4d26-9089-0f8d05063665","D17","BIGC","BIGC.AOS.reaeration.station.04","BIGC_S4_20170627","2017-06-27T17:54Z",616,"2017-06-27T18:42:30Z",80.70,78.40,15.04,96.82,99.66,97.56,100.42
"a69862e2-04e6-4d90-a61b-59a3fa3a7126","d0a50b1c-a334-4d26-9089-0f8d05063665","D17","BIGC","BIGC.AOS.reaeration.station.04","BIGC_S4_20170627","2017-06-27T17:54Z",2263,"2017-06-27T23:17:00Z",54.90,56.50,26.02,55.42,53.85,55.35,53.78
"a15c4f53-4277-43aa-bb3e-f5f343092311","d0a50b1c-a334-4d26-9089-0f8d05063665","D17","BIGC","BIGC.AOS.reaeration.station.04","BIGC_S4_20170627","2017-06-27T17:54Z",641,"2017-06-27T18:46:40Z",81.00,78.80,15.14,97.08,99.79,97.82,100.55
"0ac49cc5-94e3-4202-b55c-d4624223bbec","d0a50b1c-a334-4d26-9089-0f8d05063665","D17","BIGC","BIGC.AOS.reaeration.station.04","BIGC_S4_20170627","2017-06-27T17:54Z",596,"2017-06-27T18:39:10Z",80.50,78.10,14.95,96.65,99.62,97.39,100.38
"df0d46d1-2c8c-4003-ac25-26a30b68dccf","d0a50b1c-a334-4d26-9089-0f8d05063665","D17","BIGC","BIGC.AOS.reaeration.station.04","BIGC_S4_20170627","2017-06-27T17:54Z",1058,"2017-06-27T19:56:10Z",85.30,83.20,16.73,98.81,101.30,99.52,102.03
"ec501d03-6491-497d-8c8d-24b3376a6d28","d0a50b1c-a334-4d26-9089-0f8d05063665","D17","BIGC","BIGC.AOS.reaeration.station.04","BIGC_S4_20170627","2017-06-27T17:54Z",440,"2017-06-27T18:13:10Z",79.70,77.30,14.48,96.74,99.74,97.48,100.51
"99a15d81-2409-4cc5-b7ce-e003c7df5a08","d0a50b1c-a334-4d26-9089-0f8d05063665","D17","BIGC","BIGC.AOS.reaeration.station.04","BIGC_S4_20170627","2017-06-27T17:54Z",2476,"2017-06-27T23:52:30Z",54.40,56.10,26.02,55.03,53.36,54.96,53.29
"8131bbf1-74f0-4681-ac5d-356c4be24c1f","d0a50b1c-a334-4d26-9089-0f8d05063665","D17","BIGC","BIGC.AOS.reaeration.station.04","BIGC_S4_20170627","2017-06-27T17:54Z",2224,"2017-06-27T23:10:30Z",54.80,56.10,26.02,55.03,53.75,54.96,53.68
"dfceadb1-886c-4178-875a-7b0c33f1870a","d0a50b1c-a334-4d26-9089-0f8d05063665","D17","BIGC","BIGC.AOS.reaeration.station.04","BIGC_S4_20170627","2017-06-27T17:54Z",1109,"2017-06-27T20:04:40Z",87.80,85.90,16.90,101.62,103.87,102.34,104.61
"a07c6c7e-2a72-429a-8ad0-84d7859b8c40","d0a50b1c-a334-4d26-9089-0f8d05063665","D17","BIGC","BIGC.AOS.reaeration.station.04","BIGC_S4_20170627","2017-06-27T17:54Z",507,"2017-06-27T18:24:20Z",80.00,77.30,14.66,96.32,99.69,97.06,100.45
"d2512f67-9850-4245-a82b-57dafb3137c7","d0a50b1c-a334-4d26-9089-0f8d05063665","D17","BIGC","BIGC.AOS.reaeration.station.04","BIGC_S4_20170627","2017-06-27T17:54Z",2453,"2017-06-27T23:48:40Z",54.60,56.10,26.02,55.03,53.56,54.96,53.49
"09502de5-5be1-4483-b038-75867d6b6a82","d0a50b1c-a334-4d26-9089-0f8d05063665","D17","BIGC","BIGC.AOS.reaeration.station.04","BIGC_S4_20170627","2017-06-27T17:54Z",1370,"2017-06-27T20:48:10Z",47.10,47.80,18.92,54.08,53.29,54.40,53.61
"1c8dbde9-ab75-4d28-b488-e4a32e79e220","d0a50b1c-a334-4d26-9089-0f8d05063665","D17","BIGC","BIGC.AOS.reaeration.station.04","BIGC_S4_20170627","2017-06-27T17:54Z",2349,"2017-06-27T23:31:20Z",54.90,56.50,26.01,55.43,53.86,55.36,53.79
"3758f26e-8c4c-486c-bd93-d3e9a3d25684","d0a50b1c-a334-4d26-9089-0f8d05063665","D17","BIGC","BIGC.AOS.reaeration.station.04","BIGC_S4_20170627","2017-06-27T17:54Z",1551,"2017-06-27T21:18:20Z",50.20,51.00,23.28,52.73,51.91,52.84,52.01
"bdd14faf-3075-4771-ba7a-444447fdba87","d0a50b1c-a334-4d26-9089-0f8d05063665","D17","BIGC","BIGC.AOS.reaeration.station.04","BIGC_S4_20170627","2017-06-27T17:54Z",1546,"2017-06-27T21:17:30Z",50.20,51.30,23.21,53.12,51.98,53.23,52.09
"78b39b9e-9e90-47f2-9bb0-e06c0d30f538","d0a50b1c-a334-4d26-9089-0f8d05063665","D17","BIGC","BIGC.AOS.reaeration.station.04","BIGC_S4_20170627","2017-06-27T17:54Z",312,"2017-06-27T17:51:50Z",79.20,77.00,14.27,96.85,99.62,97.59,100.38
"216774e3-d14f-4579-b631-72b78353ff44","d0a50b1c-a334-4d26-9089-0f8d05063665","D17","BIGC","BIGC.AOS.reaeration.station.04","BIGC_S4_20170627","2017-06-27T17:54Z",886,"2017-06-27T19:27:30Z",87.20,85.20,16.17,102.48,104.89,103.24,105.66
"1b0bea9a-aefa-46e3-b209-145e4f10d04d","d0a50b1c-a334-4d26-9089-0f8d05063665","D17","BIGC","BIGC.AOS.reaeration.station.04","BIGC_S4_20170627","2017-06-27T17:54Z",247,"2017-06-27T17:41:00Z",79.00,76.60,14.14,96.65,99.68,97.39,100.44
"f1cc7dc9-1b90-4591-82f8-b5a7a3f0766f","d0a50b1c-a334-4d26-9089-0f8d05063665","D17","BIGC","BIGC.AOS.reaeration.station.04","BIGC_S4_20170627","2017-06-27T17:54Z",97,"2017-06-27T17:16:00Z",78.50,76.20,13.93,96.63,99.55,97.37,100.31
"45c6876b-a283-4ff6-aa0f-96f7f6ed6585","d0a50b1c-a334-4d26-9089-0f8d05063665","D17","BIGC","BIGC.AOS.reaeration.station.04","BIGC_S4_20170627","2017-06-27T17:54Z",972,"2017-06-27T19:41:50Z",87.60,85.90,16.46,102.64,104.67,103.39,105.44
"baf38992-9973-4646-ad3c-8000f3f504d5","d0a50b1c-a334-4d26-9089-0f8d05063665","D17","BIGC","BIGC.AOS.reaeration.station.04","BIGC_S4_20170627","2017-06-27T17:54Z",1670,"2017-06-27T21:38:10Z",50.80,51.60,24.48,52.12,51.31,52.15,51.34
"638c1c21-16b3-46b1-b837-73c88f1dc442","d0a50b1c-a334-4d26-9089-0f8d05063665","D17","BIGC","BIGC.AOS.reaeration.station.04","BIGC_S4_20170627","2017-06-27T17:54Z",887,"2017-06-27T19:27:40Z",87.20,85.20,16.19,102.44,104.84,103.19,105.61
"bed59781-409e-425c-9292-32a6104ada67","d0a50b1c-a334-4d26-9089-0f8d05063665","D17","BIGC","BIGC.AOS.reaeration.station.04","BIGC_S4_20170627","2017-06-27T17:54Z",1325,"2017-06-27T20:40:40Z",90.50,88.50,17.62,103.02,105.35,103.72,106.06
"2fa5bb50-dae0-4768-ab6e-867285de36c5","d0a50b1c-a334-4d26-9089-0f8d05063665","D17","BIGC","BIGC.AOS.reaeration.station.04","BIGC_S4_20170627","2017-06-27T17:54Z",2605,"2017-06-28T00:14:00Z",48.10,49.70,25.15,49.56,47.96,49.55,47.95
"38fc1533-216d-4e84-abfc-e93d651e7eb6","d0a50b1c-a334-4d26-9089-0f8d05063665","D17","BIGC","BIGC.AOS.reaeration.station.04","BIGC_S4_20170627","2017-06-27T17:54Z",2088,"2017-06-27T22:47:50Z",53.90,55.00,26.00,53.97,52.89,53.90,52.82
"799acb4b-46f0-44da-a60c-4e42cd8e3ee9","d0a50b1c-a334-4d26-9089-0f8d05063665","D17","BIGC","BIGC.AOS.reaeration.station.04","BIGC_S4_20170627","2017-06-27T17:54Z",1942,"2017-06-27T22:23:30Z",52.60,53.50,25.80,52.69,51.81,52.64,51.76
"5e913f38-b4b7-420d-8abc-5c4dc09c5cf8","d0a50b1c-a334-4d26-9089-0f8d05063665","D17","BIGC","BIGC.AOS.reaeration.station.04","BIGC_S4_20170627","2017-06-27T17:54Z",954,"2017-06-27T19:38:50Z",87.50,85.60,16.41,102.40,104.67,103.15,105.44
"ee89a7f5-125a-4bb3-83b3-9f74a07c7ef0","d0a50b1c-a334-4d26-9089-0f8d05063665","D17","BIGC","BIGC.AOS.reaeration.station.04","BIGC_S4_20170627","2017-06-27T17:54Z",400,"2017-06-27T18:06:30Z",79.40,77.00,14.40,96.55,99.56,97.29,100.32
"c169f668-a44e-4033-a1e7-e8965f9bec8a","d0a50b1c-a334-4d26-9089-0f8d05063665","D17","BIGC","BIGC.AOS.reaeration.station.04","BIGC_S4_20170627","2017-06-27T17:54Z",2319,"2017-06-27T23:26:20Z",54.80,56.10,26.01,55.04,53.76,54.97,53.69
"e4458258-e9df-4e15-a6ce-9f19f806d2cf","d0a50b1c-a334-4d26-9089-0f8d05063665","D17","BIGC","BIGC.AOS.reaeration.station.04","BIGC_S4_20170627","2017-06-27T17:54Z",1003,"2017-06-27T19:47:00Z",87.50,85.50,16.56,101.93,104.32,102.67,105.07
"327419c9-3435-466b-b841-9ee176edc90a","d0a50b1c-a334-4d26-9089-0f8d05063665","D17","BIGC","BIGC.AOS.reaeration.station.04","BIGC_S4_20170627","2017-06-27T17:54Z",842,"2017-06-27T19:20:10Z",86.90,84.80,16.01,102.38,104.91,103.14,105.69
"956c44c1-4780-4a5b-b344-7cb466b1f787","d0a50b1c-a334-4d26-9089-0f8d05063665","D17","BIGC","BIGC.AOS.reaeration.station.04","BIGC_S4_20170627","2017-06-27T17:54Z",1797,"2017-06-27T21:59:20Z",51.30,52.40,25.26,52.14,51.05,52.12,51.03
"f0213309-25cb-433e-a2cc-dca7460af527","d0a50b1c-a334-4d26-9089-0f8d05063665","D17","BIGC","BIGC.AOS.reaeration.station.04","BIGC_S4_20170627","2017-06-27T17:54Z",1260,"2017-06-27T20:29:50Z",90.90,89.30,17.41,104.44,106.31,105.16,107.04
"5939f68b-9ffa-4cd1-b580-ccc11343e66d","d0a50b1c-a334-4d26-9089-0f8d05063665","D17","BIGC","BIGC.AOS.reaeration.station.04","BIGC_S4_20170627","2017-06-27T17:54Z",2028,"2017-06-27T22:37:50Z",53.30,54.20,25.94,53.24,52.36,53.18,52.30
"66b70cf6-98de-4e25-a03b-928c611c86e4","d0a50b1c-a334-4d26-9089-0f8d05063665","D17","BIGC","BIGC.AOS.reaeration.station.04","BIGC_S4_20170627","2017-06-27T17:54Z",1789,"2017-06-27T21:58:00Z",51.30,52.40,25.22,52.18,51.09,52.17,51.07
"eae8343b-b57f-41be-b9d6-0132e1f4e911","d0a50b1c-a334-4d26-9089-0f8d05063665","D17","BIGC","BIGC.AOS.reaeration.station.04","BIGC_S4_20170627","2017-06-27T17:54Z",663,"2017-06-27T18:50:20Z",81.10,78.80,15.21,96.92,99.75,97.66,100.51
"377c2344-61c7-4322-b7db-eb6cd53930b9","d0a50b1c-a334-4d26-9089-0f8d05063665","D17","BIGC","BIGC.AOS.reaeration.station.04","BIGC_S4_20170627","2017-06-27T17:54Z",2014,"2017-06-27T22:35:30Z",53.30,54.20,25.93,53.25,52.37,53.19,52.31
"f9756d15-d37c-4adb-adad-4340b92691c8","d0a50b1c-a334-4d26-9089-0f8d05063665","D17","BIGC","BIGC.AOS.reaeration.station.04","BIGC_S4_20170627","2017-06-27T17:54Z",2283,"2017-06-27T23:20:20Z",54.90,56.10,26.01,55.04,53.86,54.97,53.79
"ee7cc431-40eb-4819-bc7a-d73fdb1a72c7","d0a50b1c-a334-4d26-9089-0f8d05063665","D17","BIGC","BIGC.AOS.reaeration.station.04","BIGC_S4_20170627","2017-06-27T17:54Z",527,"2017-06-27T18:27:40Z",80.10,77.70,14.71,96.71,99.69,97.45,100.46
"59bb51d8-2379-4d73-a01d-e7fe3f602f4a","d0a50b1c-a334-4d26-9089-0f8d05063665","D17","BIGC","BIGC.AOS.reaeration.station.04","BIGC_S4_20170627","2017-06-27T17:54Z",869,"2017-06-27T19:24:40Z",87.00,85.20,16.12,102.60,104.77,103.36,105.54
"21868c21-a470-4b40-9a00-3458dc883aef","d0a50b1c-a334-4d26-9089-0f8d05063665","D17","BIGC","BIGC.AOS.reaeration.station.04","BIGC_S4_20170627","2017-06-27T17:54Z",532,"2017-06-27T18:28:30Z",80.10,77.70,14.73,96.66,99.65,97.40,100.41
"9375ddfc-2bc3-43e9-b720-37e52ddfc018","d0a50b1c-a334-4d26-9089-0f8d05063665","D17","BIGC","BIGC.AOS.reaeration.station.04","BIGC_S4_20170627","2017-06-27T17:54Z",2,"2017-06-27T17:00:10Z",78.50,76.20,13.90,96.70,99.62,97.44,100.38
"cb6bc901-d8ba-4c36-a710-3c4570d57ab3","d0a50b1c-a334-4d26-9089-0f8d05063665","D17","BIGC","BIGC.AOS.reaeration.station.04","BIGC_S4_20170627","2017-06-27T17:54Z",2411,"2017-06-27T23:41:40Z",54.80,56.10,26.01,55.04,53.76,54.97,53.69
"62f1c48f-30a7-4940-8f98-1fd278dccf2b","d0a50b1c-a334-4d26-9089-0f8d05063665","D17","BIGC","BIGC.AOS.reaeration.station.04","BIGC_S4_20170627","2017-06-27T17:54Z",2568,"2017-06-28T00:07:50Z",53.30,54.90,26.03,53.84,52.27,53.77,52.20
"ef010663-40d7-41ec-b601-e17e4aaf8cb8","d0a50b1c-a334-4d26-9089-0f8d05063665","D17","BIGC","BIGC.AOS.reaeration.station.04","BIGC_S4_20170627","2017-06-27T17:54Z",2639,"2017-06-28T00:19:30Z",36.70,37.70,24.79,37.85,36.85,37.86,36.86
"68f1696a-1f0f-4fdc-b978-471443405b99","d0a50b1c-a334-4d26-9089-0f8d05063665","D17","BIGC","BIGC.AOS.reaeration.station.04","BIGC_S4_20170627","2017-06-27T17:54Z",1581,"2017-06-27T21:23:20Z",50.20,51.30,23.61,52.70,51.57,52.79,51.65
"dfeb8a9a-e4a8-4223-952e-43f297b0b3d9","d0a50b1c-a334-4d26-9089-0f8d05063665","D17","BIGC","BIGC.AOS.reaeration.station.04","BIGC_S4_20170627","2017-06-27T17:54Z",1089,"2017-06-27T20:01:20Z",86.10,83.60,16.84,99.04,102.00,99.74,102.72
"ff57cb44-ce6c-4591-9e6f-3afcc131680d","d0a50b1c-a334-4d26-9089-0f8d05063665","D17","BIGC","BIGC.AOS.reaeration.station.04","BIGC_S4_20170627","2017-06-27T17:54Z",196,"2017-06-27T17:32:30Z",78.90,76.60,14.06,96.83,99.74,97.58,100.51
"52992fa9-a918-4648-9681-4ccccfeaed12","d0a50b1c-a334-4d26-9089-0f8d05063665","D17","BIGC","BIGC.AOS.reaeration.station.04","BIGC_S4_20170627","2017-06-27T17:54Z",2510,"2017-06-27T23:58:10Z",54.20,56.10,26.02,55.03,53.16,54.96,53.10
"eeb87a91-8127-417f-8f97-d5c8d796d8da","d0a50b1c-a334-4d26-9089-0f8d05063665","D17","BIGC","BIGC.AOS.reaeration.station.04","BIGC_S4_20170627","2017-06-27T17:54Z",980,"2017-06-27T19:43:10Z",87.60,85.60,16.50,102.19,104.58,102.93,105.34
"0960aadc-2ba1-4593-819a-abaaa994895e","d0a50b1c-a334-4d26-9089-0f8d05063665","D17","BIGC","BIGC.AOS.reaeration.station.04","BIGC_S4_20170627","2017-06-27T17:54Z",838,"2017-06-27T19:19:30Z",86.80,84.80,15.98,102.45,104.87,103.21,105.65
"53c20d6f-be0a-4dfa-a9cd-f622bd485d41","d0a50b1c-a334-4d26-9089-0f8d05063665","D17","BIGC","BIGC.AOS.reaeration.station.04","BIGC_S4_20170627","2017-06-27T17:54Z",149,"2017-06-27T17:24:40Z",78.70,76.20,14.00,96.47,99.63,97.21,100.40
"808bb855-da7f-4a01-bc82-1c2154f12e32","d0a50b1c-a334-4d26-9089-0f8d05063665","D17","BIGC","BIGC.AOS.reaeration.station.04","BIGC_S4_20170627","2017-06-27T17:54Z",2536,"2017-06-28T00:02:30Z",54.00,55.30,26.02,54.24,52.97,54.17,52.90
"4f606916-ffd2-47be-8871-89a8b6719733","d0a50b1c-a334-4d26-9089-0f8d05063665","D17","BIGC","BIGC.AOS.reaeration.station.04","BIGC_S4_20170627","2017-06-27T17:54Z",1885,"2017-06-27T22:14:00Z",52.20,53.10,25.63,52.47,51.58,52.43,51.54
"53c63dd9-3a3f-4f19-9974-f788dfbba454","d0a50b1c-a334-4d26-9089-0f8d05063665","D17","BIGC","BIGC.AOS.reaeration.station.04","BIGC_S4_20170627","2017-06-27T17:54Z",1424,"2017-06-27T20:57:10Z",48.60,49.20,20.84,53.45,52.79,53.68,53.03
"ec046a61-893f-4033-8ef1-ea382e97294e","d0a50b1c-a334-4d26-9089-0f8d05063665","D17","BIGC","BIGC.AOS.reaeration.station.04","BIGC_S4_20170627","2017-06-27T17:54Z",705,"2017-06-27T18:57:20Z",81.60,79.20,15.40,96.98,99.92,97.72,100.68
"2d1a6f24-bde0-4c13-a8fb-78239da46216","d0a50b1c-a334-4d26-9089-0f8d05063665","D17","BIGC","BIGC.AOS.reaeration.station.04","BIGC_S4_20170627","2017-06-27T17:54Z",1579,"2017-06-27T21:23:00Z",50.20,51.30,23.60,52.71,51.58,52.80,51.66
"134391c2-f312-4e64-9bed-02eb6a95938f","d0a50b1c-a334-4d26-9089-0f8d05063665","D17","BIGC","BIGC.AOS.reaeration.station.04","BIGC_S4_20170627","2017-06-27T17:54Z",1492,"2017-06-27T21:08:30Z",49.70,50.30,22.39,52.94,52.31,53.10,52.46
"bc4f153e-650d-432f-a298-66d36ca76aad","d0a50b1c-a334-4d26-9089-0f8d05063665","D17","BIGC","BIGC.AOS.reaeration.station.04","BIGC_S4_20170627","2017-06-27T17:54Z",825,"2017-06-27T19:17:20Z",86.70,84.50,15.94,102.18,104.84,102.94,105.62
"aee47c7e-1f4f-4499-bb70-587915585009","d0a50b1c-a334-4d26-9089-0f8d05063665","D17","BIGC","BIGC.AOS.reaeration.station.04","BIGC_S4_20170627","2017-06-27T17:54Z",1205,"2017-06-27T20:20:40Z",90.50,88.90,17.24,104.37,106.25,105.09,106.99
"65a73710-60bf-45c7-98c1-ac2620e84ba4","d0a50b1c-a334-4d26-9089-0f8d05063665","D17","BIGC","BIGC.AOS.reaeration.station.04","BIGC_S4_20170627","2017-06-27T17:54Z",485,"2017-06-27T18:20:40Z",79.90,77.70,14.59,96.98,99.73,97.73,100.49
"b0d5a227-a5cf-4605-803a-40037da2b3cd","d0a50b1c-a334-4d26-9089-0f8d05063665","D17","BIGC","BIGC.AOS.reaeration.station.04","BIGC_S4_20170627","2017-06-27T17:54Z",1560,"2017-06-27T21:19:50Z",50.30,51.30,23.39,52.93,51.90,53.03,51.99
"2c6fadb1-2886-43b6-a80f-f60fe5668f08","d0a50b1c-a334-4d26-9089-0f8d05063665","D17","BIGC","BIGC.AOS.reaeration.station.04","BIGC_S4_20170627","2017-06-27T17:54Z",282,"2017-06-27T17:46:50Z",79.10,77.00,14.20,97.01,99.66,97.76,100.42
"6d9e0971-44c7-466c-895d-5cfe237b92ca","d0a50b1c-a334-4d26-9089-0f8d05063665","D17","BIGC","BIGC.AOS.reaeration.station.04","BIGC_S4_20170627","2017-06-27T17:54Z",2356,"2017-06-27T23:32:30Z",54.90,56.50,26.01,55.43,53.86,55.36,53.79
"bf3457bf-210f-4d14-90b0-f1081c718026","d0a50b1c-a334-4d26-9089-0f8d05063665","D17","BIGC","BIGC.AOS.reaeration.station.04","BIGC_S4_20170627","2017-06-27T17:54Z",1194,"2017-06-27T20:18:50Z",90.40,88.50,17.20,103.99,106.23,104.72,106.97
"47cfff64-c08f-43e5-b7e9-bceaae50f81a","d0a50b1c-a334-4d26-9089-0f8d05063665","D17","BIGC","BIGC.AOS.reaeration.station.04","BIGC_S4_20170627","2017-06-27T17:54Z",289,"2017-06-27T17:48:00Z",79.10,77.00,14.21,96.99,99.63,97.73,100.40
"4e299a97-b13c-4e2a-ad59-2f4cc4556e45","d0a50b1c-a334-4d26-9089-0f8d05063665","D17","BIGC","BIGC.AOS.reaeration.station.04","BIGC_S4_20170627","2017-06-27T17:54Z",1254,"2017-06-27T20:28:50Z",90.90,89.30,17.40,104.46,106.34,105.18,107.07
"873cc166-11b7-4b73-8e1f-7ca2d81414f5","d0a50b1c-a334-4d26-9089-0f8d05063665","D17","BIGC","BIGC.AOS.reaeration.station.04","BIGC_S4_20170627","2017-06-27T17:54Z",1640,"2017-06-27T21:33:10Z",50.60,51.30,24.23,52.07,51.36,52.11,51.40
"b9d2e169-c68a-45a5-b0c1-c6df31bf8e5e","d0a50b1c-a334-4d26-9089-0f8d05063665","D17","BIGC","BIGC.AOS.reaeration.station.04","BIGC_S4_20170627","2017-06-27T17:54Z",41,"2017-06-27T17:06:40Z",78.40,76.20,13.89,96.73,99.52,97.47,100.28
"dbe06b4a-9a56-4e3e-a0e4-aab279029427","d0a50b1c-a334-4d26-9089-0f8d05063665","D17","BIGC","BIGC.AOS.reaeration.station.04","BIGC_S4_20170627","2017-06-27T17:54Z",909,"2017-06-27T19:31:20Z",87.30,85.20,16.26,102.27,104.79,103.02,105.56
"63b1313b-609d-41db-9f0e-47dfaccd6d86","d0a50b1c-a334-4d26-9089-0f8d05063665","D17","BIGC","BIGC.AOS.reaeration.station.04","BIGC_S4_20170627","2017-06-27T17:54Z",2033,"2017-06-27T22:38:40Z",53.40,54.60,25.95,53.63,52.45,53.56,52.39
"a54a50cc-1cdf-4f69-bf97-7e207714701b","d0a50b1c-a334-4d26-9089-0f8d05063665","D17","BIGC","BIGC.AOS.reaeration.station.04","BIGC_S4_20170627","2017-06-27T17:54Z",1410,"2017-06-27T20:54:50Z",48.20,49.20,20.41,53.93,52.83,54.19,53.09
"1ad2aace-dee0-47db-b621-2862c3007de0","d0a50b1c-a334-4d26-9089-0f8d05063665","D17","BIGC","BIGC.AOS.reaeration.station.04","BIGC_S4_20170627","2017-06-27T17:54Z",583,"2017-06-27T18:37:00Z",80.50,78.10,14.91,96.74,99.72,97.48,100.48
"0c5dd20d-754c-4125-9056-9842f0307ca2","d0a50b1c-a334-4d26-9089-0f8d05063665","D17","BIGC","BIGC.AOS.reaeration.station.04","BIGC_S4_20170627","2017-06-27T17:54Z",2363,"2017-06-27T23:33:40Z",54.80,56.10,26.01,55.04,53.76,54.97,53.69
"fd3f0b01-56e5-4fd3-8e09-e91555d0408a","d0a50b1c-a334-4d26-9089-0f8d05063665","D17","BIGC","BIGC.AOS.reaeration.station.04","BIGC_S4_20170627","2017-06-27T17:54Z",993,"2017-06-27T19:45:20Z",87.70,85.90,16.53,102.48,104.63,103.22,105.38
"904f2d74-a0fc-44de-9e70-a0a2fe45ed0b","d0a50b1c-a334-4d26-9089-0f8d05063665","D17","BIGC","BIGC.AOS.reaeration.station.04","BIGC_S4_20170627","2017-06-27T17:54Z",696,"2017-06-27T18:55:50Z",81.30,78.80,15.36,96.58,99.65,97.32,100.40
"fd34f437-cb74-4b22-a3ea-4ae8a212c801","d0a50b1c-a334-4d26-9089-0f8d05063665","D17","BIGC","BIGC.AOS.reaeration.station.04","BIGC_S4_20170627","2017-06-27T17:54Z",2455,"2017-06-27T23:49:00Z",54.60,56.10,26.02,55.03,53.56,54.96,53.49
"0bfd7310-b177-44f5-ba8c-695f556704a6","d0a50b1c-a334-4d26-9089-0f8d05063665","D17","BIGC","BIGC.AOS.reaeration.station.04","BIGC_S4_20170627","2017-06-27T17:54Z",2389,"2017-06-27T23:38:00Z",54.80,56.10,26.01,55.04,53.76,54.97,53.69
"47f65a2a-8070-4431-9c1d-dbb1f686c84b","d0a50b1c-a334-4d26-9089-0f8d05063665","D17","BIGC","BIGC.AOS.reaeration.station.04","BIGC_S4_20170627","2017-06-27T17:54Z",2588,"2017-06-28T00:11:10Z",51.60,53.10,25.59,52.51,51.02,52.47,50.99
"05ecbf89-55d2-46cf-af2a-236f2d2c773d","d0a50b1c-a334-4d26-9089-0f8d05063665","D17","BIGC","BIGC.AOS.reaeration.station.04","BIGC_S4_20170627","2017-06-27T17:54Z",820,"2017-06-27T19:16:30Z",86.70,84.80,15.91,102.62,104.92,103.38,105.70
"5510fbbe-8d24-4cbb-8133-e0887c444771","d0a50b1c-a334-4d26-9089-0f8d05063665","D17","BIGC","BIGC.AOS.reaeration.station.04","BIGC_S4_20170627","2017-06-27T17:54Z",815,"2017-06-27T19:15:40Z",86.60,84.10,15.89,101.82,104.84,102.58,105.62
"5014afeb-5abb-4844-b182-52a97cd42f50","d0a50b1c-a334-4d26-9089-0f8d05063665","D17","BIGC","BIGC.AOS.reaeration.station.04","BIGC_S4_20170627","2017-06-27T17:54Z",200,"2017-06-27T17:33:10Z",78.80,76.60,14.10,96.74,99.52,97.48,100.28
"5f3bf15a-f991-4fae-b897-830b7a963216","d0a50b1c-a334-4d26-9089-0f8d05063665","D17","BIGC","BIGC.AOS.reaeration.station.04","BIGC_S4_20170627","2017-06-27T17:54Z",274,"2017-06-27T17:45:30Z",79.10,77.00,14.20,97.01,99.66,97.76,100.42
"8503d2f2-04f0-430a-b06c-8001cbc7aee7","d0a50b1c-a334-4d26-9089-0f8d05063665","D17","BIGC","BIGC.AOS.reaeration.station.04","BIGC_S4_20170627","2017-06-27T17:54Z",1722,"2017-06-27T21:46:50Z",51.00,52.00,24.83,52.17,51.17,52.18,51.18
"1296e241-8965-4807-b33c-027a03d0cff3","d0a50b1c-a334-4d26-9089-0f8d05063665","D17","BIGC","BIGC.AOS.reaeration.station.04","BIGC_S4_20170627","2017-06-27T17:54Z",1395,"2017-06-27T20:52:20Z",47.90,48.50,19.89,53.75,53.08,54.03,53.36
"670d17d0-b7a9-4378-948c-754625deef75","d0a50b1c-a334-4d26-9089-0f8d05063665","D17","BIGC","BIGC.AOS.reaeration.station.04","BIGC_S4_20170627","2017-06-27T17:54Z",1874,"2017-06-27T22:12:10Z",52.10,53.10,25.59,52.51,51.52,52.47,51.48
"d8946660-5439-4198-a602-db8520b97c1d","d0a50b1c-a334-4d26-9089-0f8d05063665","D17","BIGC","BIGC.AOS.reaeration.station.04","BIGC_S4_20170627","2017-06-27T17:54Z",903,"2017-06-27T19:30:20Z",87.20,85.60,16.23,102.82,104.75,103.58,105.52
"663dbcf8-0337-4a02-bb3d-3a5119b4c970","d0a50b1c-a334-4d26-9089-0f8d05063665","D17","BIGC","BIGC.AOS.reaeration.station.04","BIGC_S4_20170627","2017-06-27T17:54Z",1655,"2017-06-27T21:35:40Z",50.60,51.30,24.37,51.92,51.22,51.96,51.26
"d988fb0a-a220-41f1-8ed1-a4066244bdaa","d0a50b1c-a334-4d26-9089-0f8d05063665","D17","BIGC","BIGC.AOS.reaeration.station.04","BIGC_S4_20170627","2017-06-27T17:54Z",1786,"2017-06-27T21:57:30Z",51.20,52.40,25.20,52.20,51.01,52.19,50.99
"155c774c-f5c0-4d58-b3c3-5bf2c507e3e9","d0a50b1c-a334-4d26-9089-0f8d05063665","D17","BIGC","BIGC.AOS.reaeration.station.04","BIGC_S4_20170627","2017-06-27T17:54Z",682,"2017-06-27T18:53:30Z",81.30,79.20,15.30,97.21,99.79,97.95,100.54
"cefe7c9a-e5c1-4b6f-9cf6-acd345b27d6f","d0a50b1c-a334-4d26-9089-0f8d05063665","D17","BIGC","BIGC.AOS.reaeration.station.04","BIGC_S4_20170627","2017-06-27T17:54Z",1869,"2017-06-27T22:11:20Z",52.00,52.70,25.58,52.12,51.43,52.09,51.39
"7aa84dd0-a99e-4a8f-afef-6161328a749b","d0a50b1c-a334-4d26-9089-0f8d05063665","D17","BIGC","BIGC.AOS.reaeration.station.04","BIGC_S4_20170627","2017-06-27T17:54Z",805,"2017-06-27T19:14:00Z",86.40,84.10,15.84,101.93,104.72,102.70,105.50
"20eabf98-40da-48b9-8242-2e5214e662a9","d0a50b1c-a334-4d26-9089-0f8d05063665","D17","BIGC","BIGC.AOS.reaeration.station.04","BIGC_S4_20170627","2017-06-27T17:54Z",2066,"2017-06-27T22:44:10Z",53.60,54.60,25.99,53.59,52.61,53.52,52.54
"ac2d50e7-95d6-4ae4-ae4f-a706420bdae5","d0a50b1c-a334-4d26-9089-0f8d05063665","D17","BIGC","BIGC.AOS.reaeration.station.04","BIGC_S4_20170627","2017-06-27T17:54Z",87,"2017-06-27T17:14:20Z",78.50,76.20,13.93,96.63,99.55,97.37,100.31
"78190071-032b-4b9d-9ed7-1e9a2098578e","d0a50b1c-a334-4d26-9089-0f8d05063665","D17","BIGC","BIGC.AOS.reaeration.station.04","BIGC_S4_20170627","2017-06-27T17:54Z",1877,"2017-06-27T22:12:40Z",52.00,52.70,25.61,52.09,51.40,52.05,51.36
"c7472700-b5ff-43ca-84b2-a739c684f966","d0a50b1c-a334-4d26-9089-0f8d05063665","D17","BIGC","BIGC.AOS.reaeration.station.04","BIGC_S4_20170627","2017-06-27T17:54Z",2204,"2017-06-27T23:07:10Z",54.60,56.10,26.02,55.03,53.56,54.96,53.49
"c1d29181-f311-4236-94d3-38449b21453b","d0a50b1c-a334-4d26-9089-0f8d05063665","D17","BIGC","BIGC.AOS.reaeration.station.04","BIGC_S4_20170627","2017-06-27T17:54Z",1159,"2017-06-27T20:13:00Z",90.00,88.20,17.08,103.92,106.04,104.65,106.79
"22e1a02c-7a85-4ab1-9d1f-c350e4f3237b","d0a50b1c-a334-4d26-9089-0f8d05063665","D17","BIGC","BIGC.AOS.reaeration.station.04","BIGC_S4_20170627","2017-06-27T17:54Z",594,"2017-06-27T18:38:50Z",80.50,78.10,14.93,96.70,99.67,97.44,100.43
"e84779ee-1776-4fdf-856c-3daf91042257","d0a50b1c-a334-4d26-9089-0f8d05063665","D17","BIGC","BIGC.AOS.reaeration.station.04","BIGC_S4_20170627","2017-06-27T17:54Z",543,"2017-06-27T18:30:20Z",80.20,78.10,14.77,97.07,99.68,97.81,100.44
"4576a602-dba5-4e8e-a1b4-6554332b2ba7","d0a50b1c-a334-4d26-9089-0f8d05063665","D17","BIGC","BIGC.AOS.reaeration.station.04","BIGC_S4_20170627","2017-06-27T17:54Z",1804,"2017-06-27T22:00:30Z",51.30,52.40,25.28,52.12,51.03,52.10,51.01
"9c9af5ba-2360-4e6c-9462-5ff70acef8f3","d0a50b1c-a334-4d26-9089-0f8d05063665","D17","BIGC","BIGC.AOS.reaeration.station.04","BIGC_S4_20170627","2017-06-27T17:54Z",110,"2017-06-27T17:18:10Z",78.60,75.90,13.96,96.18,99.60,96.92,100.37
"1d93a3b5-dd94-4950-a553-8108dbf2b777","d0a50b1c-a334-4d26-9089-0f8d05063665","D17","BIGC","BIGC.AOS.reaeration.station.04","BIGC_S4_20170627","2017-06-27T17:54Z",2189,"2017-06-27T23:04:40Z",54.60,56.10,26.01,55.04,53.57,54.97,53.50
"254e993f-a76c-4e6f-b89f-aadcfcf73688","d0a50b1c-a334-4d26-9089-0f8d05063665","D17","BIGC","BIGC.AOS.reaeration.station.04","BIGC_S4_20170627","2017-06-27T17:54Z",278,"2017-06-27T17:46:10Z",79.00,76.60,14.20,96.51,99.53,97.25,100.30
"e787f814-3385-4382-95d7-05d0b974731e","d0a50b1c-a334-4d26-9089-0f8d05063665","D17","BIGC","BIGC.AOS.reaeration.station.04","BIGC_S4_20170627","2017-06-27T17:54Z",878,"2017-06-27T19:26:10Z",87.20,85.20,16.15,102.53,104.94,103.29,105.71
"faff1d94-d6b6-49a3-973c-00ff00db80f7","d0a50b1c-a334-4d26-9089-0f8d05063665","D17","BIGC","BIGC.AOS.reaeration.station.04","BIGC_S4_20170627","2017-06-27T17:54Z",2078,"2017-06-27T22:46:10Z",53.80,55.00,25.99,53.98,52.80,53.91,52.74
"6c4a2158-8754-4347-bc5f-b747cc188077","d0a50b1c-a334-4d26-9089-0f8d05063665","D17","BIGC","BIGC.AOS.reaeration.station.04","BIGC_S4_20170627","2017-06-27T17:54Z",1486,"2017-06-27T21:07:30Z",49.60,50.60,22.27,53.38,52.33,53.55,52.49
"704fca93-3f33-4e9c-850e-fbd5335eaf9f","d0a50b1c-a334-4d26-9089-0f8d05063665","D17","BIGC","BIGC.AOS.reaeration.station.04","BIGC_S4_20170627","2017-06-27T17:54Z",63,"2017-06-27T17:10:20Z",78.50,76.20,13.90,96.70,99.62,97.44,100.38
"17f55197-14cc-4f63-b66e-22c021218d6b","d0a50b1c-a334-4d26-9089-0f8d05063665","D17","BIGC","BIGC.AOS.reaeration.station.04","BIGC_S4_20170627","2017-06-27T17:54Z",1764,"2017-06-27T21:53:50Z",51.10,52.00,25.08,51.92,51.02,51.92,51.02
"19f70bca-b19a-4960-9def-2ea5fe0f5b95","d0a50b1c-a334-4d26-9089-0f8d05063665","D17","BIGC","BIGC.AOS.reaeration.station.04","BIGC_S4_20170627","2017-06-27T17:54Z",2129,"2017-06-27T22:54:40Z",54.20,55.30,26.00,54.26,53.18,54.20,53.12
"c565a5c8-ffb6-498c-8992-994efca68c34","d0a50b1c-a334-4d26-9089-0f8d05063665","D17","BIGC","BIGC.AOS.reaeration.station.04","BIGC_S4_20170627","2017-06-27T17:54Z",1440,"2017-06-27T20:59:50Z",48.90,49.90,21.27,53.73,52.65,53.95,52.86
"ebe1d44b-89b4-4ea2-aac7-f8274d9ec048","d0a50b1c-a334-4d26-9089-0f8d05063665","D17","BIGC","BIGC.AOS.reaeration.station.04","BIGC_S4_20170627","2017-06-27T17:54Z",1156,"2017-06-27T20:12:30Z",89.90,87.80,17.06,103.50,105.97,104.22,106.72
"71f9d2a9-59e9-484e-9b02-baa5a55b6eee","d0a50b1c-a334-4d26-9089-0f8d05063665","D17","BIGC","BIGC.AOS.reaeration.station.04","BIGC_S4_20170627","2017-06-27T17:54Z",1735,"2017-06-27T21:49:00Z",51.10,52.00,24.91,52.09,51.19,52.10,51.19
"ee5fde4e-7726-4617-933a-2089367f361c","d0a50b1c-a334-4d26-9089-0f8d05063665","D17","BIGC","BIGC.AOS.reaeration.station.04","BIGC_S4_20170627","2017-06-27T17:54Z",2007,"2017-06-27T22:34:20Z",53.20,53.80,25.92,52.87,52.28,52.81,52.22
"d7662b55-8e8c-454c-9b4c-5b506365f0cd","d0a50b1c-a334-4d26-9089-0f8d05063665","D17","BIGC","BIGC.AOS.reaeration.station.04","BIGC_S4_20170627","2017-06-27T17:54Z",1042,"2017-06-27T19:53:30Z",86.10,83.60,16.69,99.37,102.34,100.09,103.08
"29f2e796-0369-4c2e-9757-2d23a03a1daa","d0a50b1c-a334-4d26-9089-0f8d05063665","D17","BIGC","BIGC.AOS.reaeration.station.04","BIGC_S4_20170627","2017-06-27T17:54Z",826,"2017-06-27T19:17:30Z",86.70,84.80,15.94,102.55,104.84,103.31,105.62
"3a4c3b0f-64d5-49af-adbc-0a2ce321e1db","d0a50b1c-a334-4d26-9089-0f8d05063665","D17","BIGC","BIGC.AOS.reaeration.station.04","BIGC_S4_20170627","2017-06-27T17:54Z",479,"2017-06-27T18:19:40Z",79.80,77.70,14.58,97.01,99.63,97.75,100.39
"4baa403a-9fff-443e-96cf-376d187254da","d0a50b1c-a334-4d26-9089-0f8d05063665","D17","BIGC","BIGC.AOS.reaeration.station.04","BIGC_S4_20170627","2017-06-27T17:54Z",2122,"2017-06-27T22:53:30Z",54.10,55.70,26.00,54.66,53.09,54.59,53.02
"f1a5983f-785a-4577-bf11-264fbbeb3a8e","d0a50b1c-a334-4d26-9089-0f8d05063665","D17","BIGC","BIGC.AOS.reaeration.station.04","BIGC_S4_20170627","2017-06-27T17:54Z",1781,"2017-06-27T21:56:40Z",51.20,52.00,25.18,51.82,51.02,51.81,51.01
"f4ce4bab-7cdb-41ac-b137-13aef69e4223","d0a50b1c-a334-4d26-9089-0f8d05063665","D17","BIGC","BIGC.AOS.reaeration.station.04","BIGC_S4_20170627","2017-06-27T17:54Z",1420,"2017-06-27T20:56:30Z",48.50,49.20,20.72,53.58,52.82,53.82,53.06
"823a5f28-cba6-4db4-9141-a922e807981a","d0a50b1c-a334-4d26-9089-0f8d05063665","D17","BIGC","BIGC.AOS.reaeration.station.04","BIGC_S4_20170627","2017-06-27T17:54Z",226,"2017-06-27T17:37:30Z",78.90,76.60,14.11,96.72,99.62,97.46,100.39
"42e020d9-be0f-4e61-8287-2cc12b8effda","d0a50b1c-a334-4d26-9089-0f8d05063665","D17","BIGC","BIGC.AOS.reaeration.station.04","BIGC_S4_20170627","2017-06-27T17:54Z",1898,"2017-06-27T22:16:10Z",52.30,53.50,25.68,52.81,51.63,52.77,51.59
"e504a8b8-a413-4b39-be3f-689dd90b7d70","d0a50b1c-a334-4d26-9089-0f8d05063665","D17","BIGC","BIGC.AOS.reaeration.station.04","BIGC_S4_20170627","2017-06-27T17:54Z",462,"2017-06-27T18:16:50Z",79.80,77.30,14.54,96.60,99.72,97.34,100.49
"a4064bee-4923-46e8-b6a0-bb1627734767","d0a50b1c-a334-4d26-9089-0f8d05063665","D17","BIGC","BIGC.AOS.reaeration.station.04","BIGC_S4_20170627","2017-06-27T17:54Z",408,"2017-06-27T18:07:50Z",79.50,77.00,14.42,96.50,99.63,97.24,100.40
"07245975-819e-4fe5-a5e4-485f206c67d1","d0a50b1c-a334-4d26-9089-0f8d05063665","D17","BIGC","BIGC.AOS.reaeration.station.04","BIGC_S4_20170627","2017-06-27T17:54Z",1557,"2017-06-27T21:19:20Z",50.30,51.30,23.35,52.97,51.94,53.07,52.04
"f0fd183b-8fa6-4881-8845-e2d2fe5978cc","d0a50b1c-a334-4d26-9089-0f8d05063665","D17","BIGC","BIGC.AOS.reaeration.station.04","BIGC_S4_20170627","2017-06-27T17:54Z",2230,"2017-06-27T23:11:30Z",54.80,56.10,26.02,55.03,53.75,54.96,53.68
"774aef01-8baa-498a-9d1f-7bbf7f94d093","d0a50b1c-a334-4d26-9089-0f8d05063665","D17","BIGC","BIGC.AOS.reaeration.station.04","BIGC_S4_20170627","2017-06-27T17:54Z",593,"2017-06-27T18:38:40Z",80.50,78.40,14.95,97.02,99.62,97.77,100.38
"cc3c50a8-25a7-4f70-a99a-4c76625f8270","d0a50b1c-a334-4d26-9089-0f8d05063665","D17","BIGC","BIGC.AOS.reaeration.station.04","BIGC_S4_20170627","2017-06-27T17:54Z",2150,"2017-06-27T22:58:10Z",54.30,55.30,26.01,54.25,53.27,54.18,53.21
"5655ac23-fd8e-44bf-ba88-f97f18f085f6","d0a50b1c-a334-4d26-9089-0f8d05063665","D17","BIGC","BIGC.AOS.reaeration.station.04","BIGC_S4_20170627","2017-06-27T17:54Z",849,"2017-06-27T19:21:20Z",86.90,84.80,16.04,102.31,104.84,103.07,105.62
"81e21335-6ded-456b-97a5-2f309cf72b25","d0a50b1c-a334-4d26-9089-0f8d05063665","D17","BIGC","BIGC.AOS.reaeration.station.04","BIGC_S4_20170627","2017-06-27T17:54Z",1295,"2017-06-27T20:35:40Z",91.10,89.30,17.53,104.16,106.26,104.87,106.98
"89657a74-dc53-4e06-80ff-8da0c3007a95","d0a50b1c-a334-4d26-9089-0f8d05063665","D17","BIGC","BIGC.AOS.reaeration.station.04","BIGC_S4_20170627","2017-06-27T17:54Z",11,"2017-06-27T17:01:40Z",78.50,76.20,13.87,96.77,99.69,97.51,100.46
"ccd6078b-b0b8-4df5-9c82-30948294241c","d0a50b1c-a334-4d26-9089-0f8d05063665","D17","BIGC","BIGC.AOS.reaeration.station.04","BIGC_S4_20170627","2017-06-27T17:54Z",1074,"2017-06-27T19:58:50Z",85.80,83.60,16.78,99.17,101.78,99.88,102.51
"8dc9f398-2f38-4e46-b083-05e25979f129","d0a50b1c-a334-4d26-9089-0f8d05063665","D17","BIGC","BIGC.AOS.reaeration.station.04","BIGC_S4_20170627","2017-06-27T17:54Z",1743,"2017-06-27T21:50:20Z",51.10,51.60,24.95,51.65,51.15,51.65,51.15
"f14c9486-b65f-4c81-86c9-fb6e86464dcc","d0a50b1c-a334-4d26-9089-0f8d05063665","D17","BIGC","BIGC.AOS.reaeration.station.04","BIGC_S4_20170627","2017-06-27T17:54Z",78,"2017-06-27T17:12:50Z",78.50,76.20,13.92,96.65,99.57,97.40,100.34
"9de7c68d-0051-4ab9-be56-fdff70ccba88","d0a50b1c-a334-4d26-9089-0f8d05063665","D17","BIGC","BIGC.AOS.reaeration.station.04","BIGC_S4_20170627","2017-06-27T17:54Z",2265,"2017-06-27T23:17:20Z",54.90,56.10,26.02,55.03,53.85,54.96,53.78
"6a395f5e-1a8b-4bc3-9e7f-b211e337a490","d0a50b1c-a334-4d26-9089-0f8d05063665","D17","BIGC","BIGC.AOS.reaeration.station.04","BIGC_S4_20170627","2017-06-27T17:54Z",1629,"2017-06-27T21:31:20Z",50.60,51.30,24.14,52.16,51.45,52.21,51.50
"3eb696fa-eb17-4ce0-99a7-2724a3e91c1a","d0a50b1c-a334-4d26-9089-0f8d05063665","D17","BIGC","BIGC.AOS.reaeration.station.04","BIGC_S4_20170627","2017-06-27T17:54Z",261,"2017-06-27T17:43:20Z",79.00,76.60,14.16,96.60,99.63,97.34,100.39
"d09830cf-66b1-41b5-9e62-994f83155889","d0a50b1c-a334-4d26-9089-0f8d05063665","D17","BIGC","BIGC.AOS.reaeration.station.04","BIGC_S4_20170627","2017-06-27T17:54Z",924,"2017-06-27T19:33:50Z",87.40,85.60,16.32,102.61,104.77,103.36,105.54
"cefa58df-0e67-4e74-868e-f36f695647cc","d0a50b1c-a334-4d26-9089-0f8d05063665","D17","BIGC","BIGC.AOS.reaeration.station.04","BIGC_S4_20170627","2017-06-27T17:54Z",1811,"2017-06-27T22:01:40Z",51.40,52.40,25.33,52.07,51.08,52.05,51.06
"c7d17423-8d9e-4b7f-a5b3-94952252f4f8","d0a50b1c-a334-4d26-9089-0f8d05063665","D17","BIGC","BIGC.AOS.reaeration.station.04","BIGC_S4_20170627","2017-06-27T17:54Z",915,"2017-06-27T19:32:20Z",87.20,85.20,16.28,102.23,104.63,102.98,105.39
"84f36297-3798-4115-a0e6-adda823ee89e","d0a50b1c-a334-4d26-9089-0f8d05063665","D17","BIGC","BIGC.AOS.reaeration.station.04","BIGC_S4_20170627","2017-06-27T17:54Z",1933,"2017-06-27T22:22:00Z",52.60,53.50,25.77,52.72,51.84,52.67,51.79
"4fa6bf1c-7bb8-4b77-865c-5ddd85a2632d","d0a50b1c-a334-4d26-9089-0f8d05063665","D17","BIGC","BIGC.AOS.reaeration.station.04","BIGC_S4_20170627","2017-06-27T17:54Z",2177,"2017-06-27T23:02:40Z",54.50,55.70,26.01,54.65,53.47,54.58,53.40
"b32efc7d-9bd4-462f-8624-3a86ac5aed3f","d0a50b1c-a334-4d26-9089-0f8d05063665","D17","BIGC","BIGC.AOS.reaeration.station.04","BIGC_S4_20170627","2017-06-27T17:54Z",2397,"2017-06-27T23:39:20Z",54.80,56.10,26.01,55.04,53.76,54.97,53.69
"af222645-5406-4a1b-9fc7-0b9fdfa26e3a","d0a50b1c-a334-4d26-9089-0f8d05063665","D17","BIGC","BIGC.AOS.reaeration.station.04","BIGC_S4_20170627","2017-06-27T17:54Z",2483,"2017-06-27T23:53:40Z",54.50,56.10,26.02,55.03,53.46,54.96,53.39
"a66ad1fd-9d3b-45c2-a62c-031537d0ecd7","d0a50b1c-a334-4d26-9089-0f8d05063665","D17","BIGC","BIGC.AOS.reaeration.station.04","BIGC_S4_20170627","2017-06-27T17:54Z",1067,"2017-06-27T19:57:40Z",85.60,83.20,16.77,98.72,101.57,99.42,102.29
"3380df93-6128-4a23-b298-040b07b4d902","d0a50b1c-a334-4d26-9089-0f8d05063665","D17","BIGC","BIGC.AOS.reaeration.station.04","BIGC_S4_20170627","2017-06-27T17:54Z",465,"2017-06-27T18:17:20Z",79.70,77.30,14.54,96.60,99.60,97.34,100.36
"c32b0eed-5979-4d3e-9940-7266c1da8c9c","d0a50b1c-a334-4d26-9089-0f8d05063665","D17","BIGC","BIGC.AOS.reaeration.station.04","BIGC_S4_20170627","2017-06-27T17:54Z",2089,"2017-06-27T22:48:00Z",54.00,54.60,25.99,53.59,53.00,53.52,52.93
"5370f16b-e67d-4325-bd55-08fe4a4f87f9","d0a50b1c-a334-4d26-9089-0f8d05063665","D17","BIGC","BIGC.AOS.reaeration.station.04","BIGC_S4_20170627","2017-06-27T17:54Z",1719,"2017-06-27T21:46:20Z",51.00,51.60,24.81,51.79,51.19,51.80,51.20
"5557d23b-a84f-43a9-a894-7db85c0e552f","d0a50b1c-a334-4d26-9089-0f8d05063665","D17","BIGC","BIGC.AOS.reaeration.station.04","BIGC_S4_20170627","2017-06-27T17:54Z",1189,"2017-06-27T20:18:00Z",90.30,88.50,17.18,104.04,106.16,104.77,106.90
"0a87ebc9-0157-4939-9780-16decc1e03d5","d0a50b1c-a334-4d26-9089-0f8d05063665","D17","BIGC","BIGC.AOS.reaeration.station.04","BIGC_S4_20170627","2017-06-27T17:54Z",2166,"2017-06-27T23:00:50Z",54.50,55.30,26.01,54.25,53.47,54.18,53.40
"27df0f4c-771d-40f1-886b-b3f1bd324f2c","d0a50b1c-a334-4d26-9089-0f8d05063665","D17","BIGC","BIGC.AOS.reaeration.station.04","BIGC_S4_20170627","2017-06-27T17:54Z",711,"2017-06-27T18:58:20Z",82.00,79.90,15.42,97.79,100.36,98.53,101.12
"0c791fcc-29fe-4ff9-bfbb-7454a08228f2","d0a50b1c-a334-4d26-9089-0f8d05063665","D17","BIGC","BIGC.AOS.reaeration.station.04","BIGC_S4_20170627","2017-06-27T17:54Z",297,"2017-06-27T17:49:20Z",79.10,77.00,14.22,96.96,99.61,97.71,100.37
"ea71a8e3-4926-45bb-ae17-7e13008e6914","d0a50b1c-a334-4d26-9089-0f8d05063665","D17","BIGC","BIGC.AOS.reaeration.station.04","BIGC_S4_20170627","2017-06-27T17:54Z",2219,"2017-06-27T23:09:40Z",54.80,56.10,26.02,55.03,53.75,54.96,53.68
"692c2940-71dc-421f-b1cb-d6ea85e629f9","d0a50b1c-a334-4d26-9089-0f8d05063665","D17","BIGC","BIGC.AOS.reaeration.station.04","BIGC_S4_20170627","2017-06-27T17:54Z",1070,"2017-06-27T19:58:10Z",85.70,83.20,16.77,98.72,101.68,99.42,102.41
"fa375696-657f-4229-a955-6dd8b32f61d3","d0a50b1c-a334-4d26-9089-0f8d05063665","D17","BIGC","BIGC.AOS.reaeration.station.04","BIGC_S4_20170627","2017-06-27T17:54Z",1568,"2017-06-27T21:21:10Z",50.40,51.30,23.47,52.84,51.92,52.94,52.01
"0c363719-0ce8-4db8-ad93-26fd1b5dd84f","d0a50b1c-a334-4d26-9089-0f8d05063665","D17","BIGC","BIGC.AOS.reaeration.station.04","BIGC_S4_20170627","2017-06-27T17:54Z",1758,"2017-06-27T21:52:50Z",51.20,52.40,25.04,52.36,51.16,52.36,51.16
"8ccd06d6-20f7-44a6-bde4-e0a92a49751c","d0a50b1c-a334-4d26-9089-0f8d05063665","D17","BIGC","BIGC.AOS.reaeration.station.04","BIGC_S4_20170627","2017-06-27T17:54Z",1257,"2017-06-27T20:29:20Z",90.90,89.70,17.40,104.93,106.34,105.65,107.07
"7862519c-865a-45e8-ab56-9a7cfa8498ff","d0a50b1c-a334-4d26-9089-0f8d05063665","D17","BIGC","BIGC.AOS.reaeration.station.04","BIGC_S4_20170627","2017-06-27T17:54Z",1105,"2017-06-27T20:04:00Z",87.40,85.50,16.90,101.15,103.40,101.87,104.13
"1ed7efcd-9431-4aac-b5a2-c7d4dda4f367","d0a50b1c-a334-4d26-9089-0f8d05063665","D17","BIGC","BIGC.AOS.reaeration.station.04","BIGC_S4_20170627","2017-06-27T17:54Z",1715,"2017-06-27T21:45:40Z",51.00,51.60,24.78,51.82,51.22,51.83,51.23
"5e51ed6c-62f7-4d25-a9b2-f292fd52e971","d0a50b1c-a334-4d26-9089-0f8d05063665","D17","BIGC","BIGC.AOS.reaeration.station.04","BIGC_S4_20170627","2017-06-27T17:54Z",998,"2017-06-27T19:46:10Z",87.70,85.50,16.54,101.98,104.60,102.72,105.36
"bd7a32f9-316e-4ae5-8e37-2eb0f08a995b","d0a50b1c-a334-4d26-9089-0f8d05063665","D17","BIGC","BIGC.AOS.reaeration.station.04","BIGC_S4_20170627","2017-06-27T17:54Z",2598,"2017-06-28T00:12:50Z",49.40,50.90,25.31,50.60,49.11,50.58,49.09
"4ffd9a3b-fcd2-425c-86b4-93a3c10d8f20","d0a50b1c-a334-4d26-9089-0f8d05063665","D17","BIGC","BIGC.AOS.reaeration.station.04","BIGC_S4_20170627","2017-06-27T17:54Z",2050,"2017-06-27T22:41:30Z",53.60,54.60,25.97,53.61,52.63,53.54,52.56
"41b09fb1-ec2d-43c2-95ee-4ad03b5dd5f2","d0a50b1c-a334-4d26-9089-0f8d05063665","D17","BIGC","BIGC.AOS.reaeration.station.04","BIGC_S4_20170627","2017-06-27T17:54Z",2317,"2017-06-27T23:26:00Z",55.00,56.10,26.01,55.04,53.96,54.97,53.89
"8d0592c8-da28-41af-b880-723cce2ce3ca","d0a50b1c-a334-4d26-9089-0f8d05063665","D17","BIGC","BIGC.AOS.reaeration.station.04","BIGC_S4_20170627","2017-06-27T17:54Z",1094,"2017-06-27T20:02:10Z",86.40,84.00,16.85,99.49,102.33,100.20,103.06
"f66b81ce-9f8d-4659-aabd-e335509dbbc2","d0a50b1c-a334-4d26-9089-0f8d05063665","D17","BIGC","BIGC.AOS.reaeration.station.04","BIGC_S4_20170627","2017-06-27T17:54Z",488,"2017-06-27T18:21:10Z",79.90,77.30,14.62,96.42,99.66,97.15,100.42
"d4b6cfbc-9723-4d15-a911-4b5e95fb4636","d0a50b1c-a334-4d26-9089-0f8d05063665","D17","BIGC","BIGC.AOS.reaeration.station.04","BIGC_S4_20170627","2017-06-27T17:54Z",412,"2017-06-27T18:08:30Z",79.60,77.30,14.43,96.85,99.74,97.60,100.50
"fc3f3c8b-119d-401b-9238-6a3962a4b539","d0a50b1c-a334-4d26-9089-0f8d05063665","D17","BIGC","BIGC.AOS.reaeration.station.04","BIGC_S4_20170627","2017-06-27T17:54Z",2213,"2017-06-27T23:08:40Z",54.80,56.10,26.01,55.04,53.76,54.97,53.69
"7a1f5bad-d191-4530-b72c-46442f1d496c","d0a50b1c-a334-4d26-9089-0f8d05063665","D17","BIGC","BIGC.AOS.reaeration.station.04","BIGC_S4_20170627","2017-06-27T17:54Z",1432,"2017-06-27T20:58:30Z",48.70,49.60,21.06,53.64,52.66,53.86,52.89
"dcc55fce-adf4-4819-8e63-a6a4d68584aa","d0a50b1c-a334-4d26-9089-0f8d05063665","D17","BIGC","BIGC.AOS.reaeration.station.04","BIGC_S4_20170627","2017-06-27T17:54Z",1035,"2017-06-27T19:52:20Z",86.20,84.40,16.66,100.39,102.53,101.11,103.27
"971f1e05-58e0-4e00-a37f-5fbf86a1bb70","d0a50b1c-a334-4d26-9089-0f8d05063665","D17","BIGC","BIGC.AOS.reaeration.station.04","BIGC_S4_20170627","2017-06-27T17:54Z",1210,"2017-06-27T20:21:30Z",90.60,88.50,17.25,103.88,106.34,104.60,107.08
"02cf8fdb-6e6d-4b04-8b83-bbb26e947dba","d0a50b1c-a334-4d26-9089-0f8d05063665","D17","BIGC","BIGC.AOS.reaeration.station.04","BIGC_S4_20170627","2017-06-27T17:54Z",1507,"2017-06-27T21:11:00Z",49.90,50.60,22.64,52.99,52.26,53.13,52.40
"4ee7d2fd-62e5-4cf0-aabb-e963c0821a9d","d0a50b1c-a334-4d26-9089-0f8d05063665","D17","BIGC","BIGC.AOS.reaeration.station.04","BIGC_S4_20170627","2017-06-27T17:54Z",1905,"2017-06-27T22:17:20Z",52.30,53.10,25.70,52.40,51.61,52.35,51.57
"41f297b7-8026-473e-88a8-16ca6e74b8de","d0a50b1c-a334-4d26-9089-0f8d05063665","D17","BIGC","BIGC.AOS.reaeration.station.04","BIGC_S4_20170627","2017-06-27T17:54Z",2632,"2017-06-28T00:18:30Z",38.80,40.00,24.75,40.19,38.99,40.20,39.00
"24f3d247-6636-40d8-8c1b-bd4c2887d42e","d0a50b1c-a334-4d26-9089-0f8d05063665","D17","BIGC","BIGC.AOS.reaeration.station.04","BIGC_S4_20170627","2017-06-27T17:54Z",2048,"2017-06-27T22:41:10Z",53.60,54.60,25.96,53.62,52.63,53.55,52.57
"e24c28be-078a-4b23-8ce5-502463bc463f","d0a50b1c-a334-4d26-9089-0f8d05063665","D17","BIGC","BIGC.AOS.reaeration.station.04","BIGC_S4_20170627","2017-06-27T17:54Z",1261,"2017-06-27T20:30:00Z",90.90,88.90,17.41,103.97,106.31,104.69,107.04
"b884ad72-dc0c-4626-88a0-b9eb156dd99d","d0a50b1c-a334-4d26-9089-0f8d05063665","D17","BIGC","BIGC.AOS.reaeration.station.04","BIGC_S4_20170627","2017-06-27T17:54Z",296,"2017-06-27T17:49:10Z",79.20,77.00,14.23,96.94,99.71,97.69,100.48
"3c19be5d-26c6-4ebc-88d2-0c793c60369d","d0a50b1c-a334-4d26-9089-0f8d05063665","D17","BIGC","BIGC.AOS.reaeration.station.04","BIGC_S4_20170627","2017-06-27T17:54Z",1953,"2017-06-27T22:25:20Z",52.70,53.80,25.82,52.97,51.89,52.92,51.83
"1c4f8d62-806f-4b11-aa7f-46dafcdc08a0","d0a50b1c-a334-4d26-9089-0f8d05063665","D17","BIGC","BIGC.AOS.reaeration.station.04","BIGC_S4_20170627","2017-06-27T17:54Z",1282,"2017-06-27T20:33:30Z",91.10,89.30,17.49,104.25,106.36,104.97,107.08
"0cb459a4-9045-44df-bfd7-9e1b05a9dd09","d0a50b1c-a334-4d26-9089-0f8d05063665","D17","BIGC","BIGC.AOS.reaeration.station.04","BIGC_S4_20170627","2017-06-27T17:54Z",390,"2017-06-27T18:04:50Z",79.50,77.30,14.39,96.95,99.71,97.69,100.47
"a4850dae-ada8-41f0-b626-f0a7b66f567d","d0a50b1c-a334-4d26-9089-0f8d05063665","D17","BIGC","BIGC.AOS.reaeration.station.04","BIGC_S4_20170627","2017-06-27T17:54Z",1056,"2017-06-27T19:55:50Z",85.40,83.20,16.71,98.85,101.47,99.56,102.19
"dbce5f7a-7381-4232-acd6-50869ffe45f1","d0a50b1c-a334-4d26-9089-0f8d05063665","D17","BIGC","BIGC.AOS.reaeration.station.04","BIGC_S4_20170627","2017-06-27T17:54Z",4,"2017-06-27T17:00:30Z",78.50,76.20,13.89,96.73,99.64,97.47,100.41
"bb4a21ba-4baf-423d-86e8-a0278d6d16fb","d0a50b1c-a334-4d26-9089-0f8d05063665","D17","BIGC","BIGC.AOS.reaeration.station.04","BIGC_S4_20170627","2017-06-27T17:54Z",654,"2017-06-27T18:48:50Z",81.10,78.80,15.17,97.01,99.85,97.75,100.61
"88a1c280-a8bf-42bc-b5e3-324681d5dcbb","d0a50b1c-a334-4d26-9089-0f8d05063665","D17","BIGC","BIGC.AOS.reaeration.station.04","BIGC_S4_20170627","2017-06-27T17:54Z",2361,"2017-06-27T23:33:20Z",54.90,56.10,26.01,55.04,53.86,54.97,53.79
"ecc1d5af-afd9-4961-9d40-2df024138cce","d0a50b1c-a334-4d26-9089-0f8d05063665","D17","BIGC","BIGC.AOS.reaeration.station.04","BIGC_S4_20170627","2017-06-27T17:54Z",2116,"2017-06-27T22:52:30Z",54.10,55.00,26.00,53.97,53.09,53.90,53.02
"f91067d6-eb28-47a2-9bcc-29e8bc3485d5","d0a50b1c-a334-4d26-9089-0f8d05063665","D17","BIGC","BIGC.AOS.reaeration.station.04","BIGC_S4_20170627","2017-06-27T17:54Z",600,"2017-06-27T18:39:50Z",80.60,78.40,14.96,97.00,99.72,97.74,100.49
"39cbaaec-abb8-4e47-8aa3-9e3d71120b47","d0a50b1c-a334-4d26-9089-0f8d05063665","D17","BIGC","BIGC.AOS.reaeration.station.04","BIGC_S4_20170627","2017-06-27T17:54Z",1286,"2017-06-27T20:34:10Z",91.10,89.70,17.50,104.70,106.33,105.41,107.06
"593098e6-6211-41e1-a119-3f3396a1acb4","d0a50b1c-a334-4d26-9089-0f8d05063665","D17","BIGC","BIGC.AOS.reaeration.station.04","BIGC_S4_20170627","2017-06-27T17:54Z",2584,"2017-06-28T00:10:30Z",53.50,54.90,26.03,53.84,52.47,53.77,52.40
"ca67ae03-0f63-4eff-a5b6-6674402f40c5","d0a50b1c-a334-4d26-9089-0f8d05063665","D17","BIGC","BIGC.AOS.reaeration.station.04","BIGC_S4_20170627","2017-06-27T17:54Z",2335,"2017-06-27T23:29:00Z",54.90,56.10,26.01,55.04,53.86,54.97,53.79
"70d3e3db-dc36-477c-b773-336506220fa2","d0a50b1c-a334-4d26-9089-0f8d05063665","D17","BIGC","BIGC.AOS.reaeration.station.04","BIGC_S4_20170627","2017-06-27T17:54Z",1195,"2017-06-27T20:19:00Z",90.40,88.50,17.20,103.99,106.23,104.72,106.97
"a0d3436f-2786-4a61-8ed0-394c699b184c","d0a50b1c-a334-4d26-9089-0f8d05063665","D17","BIGC","BIGC.AOS.reaeration.station.04","BIGC_S4_20170627","2017-06-27T17:54Z",1628,"2017-06-27T21:31:10Z",50.50,51.30,24.13,52.17,51.35,52.22,51.41
"c49782f6-9a3e-458c-b20a-8db79d13465c","d0a50b1c-a334-4d26-9089-0f8d05063665","D17","BIGC","BIGC.AOS.reaeration.station.04","BIGC_S4_20170627","2017-06-27T17:54Z",743,"2017-06-27T19:03:40Z",84.90,82.60,15.57,100.75,103.55,101.50,104.33
"0d33bd31-0e1e-4b55-884c-535b9dca87b3","d0a50b1c-a334-4d26-9089-0f8d05063665","D17","BIGC","BIGC.AOS.reaeration.station.04","BIGC_S4_20170627","2017-06-27T17:54Z",1511,"2017-06-27T21:11:40Z",49.90,50.60,22.71,52.91,52.18,53.05,52.32
"49ec1778-d1f7-44d6-b245-9ad829de5c1e","d0a50b1c-a334-4d26-9089-0f8d05063665","D17","BIGC","BIGC.AOS.reaeration.station.04","BIGC_S4_20170627","2017-06-27T17:54Z",1249,"2017-06-27T20:28:00Z",90.90,89.30,17.38,104.51,106.38,105.23,107.12
"04b78354-24ab-4dc5-9561-67966d0c40af","d0a50b1c-a334-4d26-9089-0f8d05063665","D17","BIGC","BIGC.AOS.reaeration.station.04","BIGC_S4_20170627","2017-06-27T17:54Z",949,"2017-06-27T19:38:00Z",87.50,85.60,16.40,102.42,104.70,103.17,105.46
"ffa2d829-c3ca-450f-9703-ce115ed2450c","d0a50b1c-a334-4d26-9089-0f8d05063665","D17","BIGC","BIGC.AOS.reaeration.station.04","BIGC_S4_20170627","2017-06-27T17:54Z",2560,"2017-06-28T00:06:30Z",53.60,54.90,26.03,53.84,52.57,53.77,52.50
"5e022258-a285-41e1-a05b-9fbb99e40a7e","d0a50b1c-a334-4d26-9089-0f8d05063665","D17","BIGC","BIGC.AOS.reaeration.station.04","BIGC_S4_20170627","2017-06-27T17:54Z",1613,"2017-06-27T21:28:40Z",50.40,51.30,23.97,52.33,51.41,52.39,51.47
"0db85a82-2aa1-4beb-bc1e-0c315667205f","d0a50b1c-a334-4d26-9089-0f8d05063665","D17","BIGC","BIGC.AOS.reaeration.station.04","BIGC_S4_20170627","2017-06-27T17:54Z",1149,"2017-06-27T20:11:20Z",89.80,87.80,17.04,103.54,105.90,104.27,106.65
"9d84b4ae-b1bc-4c64-91ab-399bf9cf1477","d0a50b1c-a334-4d26-9089-0f8d05063665","D17","BIGC","BIGC.AOS.reaeration.station.04","BIGC_S4_20170627","2017-06-27T17:54Z",397,"2017-06-27T18:06:00Z",79.50,77.00,14.41,96.52,99.66,97.27,100.42
"86efdb91-743f-413b-8731-4bb01adac561","d0a50b1c-a334-4d26-9089-0f8d05063665","D17","BIGC","BIGC.AOS.reaeration.station.04","BIGC_S4_20170627","2017-06-27T17:54Z",1982,"2017-06-27T22:30:10Z",53.10,54.20,25.88,53.30,52.22,53.25,52.16
"77157512-4ec8-4e5f-8673-128932404c6f","d0a50b1c-a334-4d26-9089-0f8d05063665","D17","BIGC","BIGC.AOS.reaeration.station.04","BIGC_S4_20170627","2017-06-27T17:54Z",1520,"2017-06-27T21:13:10Z",50.00,50.60,22.85,52.77,52.14,52.90,52.27
"434bf210-7b60-4207-ad4f-67971e745ed5","d0a50b1c-a334-4d26-9089-0f8d05063665","D17","BIGC","BIGC.AOS.reaeration.station.04","BIGC_S4_20170627","2017-06-27T17:54Z",620,"2017-06-27T18:43:10Z",80.80,78.40,15.05,96.80,99.76,97.53,100.52
"102a9cd5-fc4a-4ed5-94db-0fa7094d6a12","d0a50b1c-a334-4d26-9089-0f8d05063665","D17","BIGC","BIGC.AOS.reaeration.station.04","BIGC_S4_20170627","2017-06-27T17:54Z",771,"2017-06-27T19:08:20Z",85.90,83.70,15.70,101.78,104.45,102.54,105.24
"ee91b090-f14a-4985-a9ec-10c89499760b","d0a50b1c-a334-4d26-9089-0f8d05063665","D17","BIGC","BIGC.AOS.reaeration.station.04","BIGC_S4_20170627","2017-06-27T17:54Z",2477,"2017-06-27T23:52:40Z",54.50,56.10,26.02,55.03,53.46,54.96,53.39
"99cc2ebf-b9cf-4ab1-9754-98e3f1f0b3ba","d0a50b1c-a334-4d26-9089-0f8d05063665","D17","BIGC","BIGC.AOS.reaeration.station.04","BIGC_S4_20170627","2017-06-27T17:54Z",2456,"2017-06-27T23:49:10Z",54.60,56.10,26.02,55.03,53.56,54.96,53.49
"12d19d0e-8ce2-4f4e-aa39-9353cb1abac7","d0a50b1c-a334-4d26-9089-0f8d05063665","D17","BIGC","BIGC.AOS.reaeration.station.04","BIGC_S4_20170627","2017-06-27T17:54Z",1642,"2017-06-27T21:33:30Z",50.60,51.30,24.26,52.04,51.33,52.08,51.37
"1c4f8660-ac78-4d26-a517-058ccec5bfcc","d0a50b1c-a334-4d26-9089-0f8d05063665","D17","BIGC","BIGC.AOS.reaeration.station.04","BIGC_S4_20170627","2017-06-27T17:54Z",84,"2017-06-27T17:13:50Z",78.50,76.20,13.92,96.65,99.57,97.40,100.34
"25cd8473-82ce-4d44-ae71-8cc644820107","d0a50b1c-a334-4d26-9089-0f8d05063665","D17","BIGC","BIGC.AOS.reaeration.station.04","BIGC_S4_20170627","2017-06-27T17:54Z",1571,"2017-06-27T21:21:40Z",50.20,51.30,23.51,52.80,51.67,52.89,51.76
"a4cc2203-a604-4df6-a6f7-eee3bb49094f","d0a50b1c-a334-4d26-9089-0f8d05063665","D17","BIGC","BIGC.AOS.reaeration.station.04","BIGC_S4_20170627","2017-06-27T17:54Z",333,"2017-06-27T17:55:20Z",79.20,77.00,14.28,96.83,99.59,97.57,100.36
"46d1ce4f-f20d-4fb3-a6f0-4c11736cc0a8","d0a50b1c-a334-4d26-9089-0f8d05063665","D17","BIGC","BIGC.AOS.reaeration.station.04","BIGC_S4_20170627","2017-06-27T17:54Z",2061,"2017-06-27T22:43:20Z",53.60,54.60,25.97,53.61,52.63,53.54,52.56
"71bbc655-5cd1-497c-beee-2d2855589cc9","d0a50b1c-a334-4d26-9089-0f8d05063665","D17","BIGC","BIGC.AOS.reaeration.station.04","BIGC_S4_20170627","2017-06-27T17:54Z",1120,"2017-06-27T20:06:30Z",88.60,86.30,16.95,101.98,104.70,102.70,105.44
"03417f66-87a2-4402-8391-ceab0481f0d5","d0a50b1c-a334-4d26-9089-0f8d05063665","D17","BIGC","BIGC.AOS.reaeration.station.04","BIGC_S4_20170627","2017-06-27T17:54Z",1036,"2017-06-27T19:52:30Z",86.30,84.00,16.66,99.92,102.65,100.64,103.39
"24bbf051-0304-4583-81d2-ad79ffc89ed6","d0a50b1c-a334-4d26-9089-0f8d05063665","D17","BIGC","BIGC.AOS.reaeration.station.04","BIGC_S4_20170627","2017-06-27T17:54Z",1725,"2017-06-27T21:47:20Z",51.10,52.00,24.85,52.15,51.25,52.16,51.26
"1202a678-e7b3-4dab-9caa-2a12281f7877","d0a50b1c-a334-4d26-9089-0f8d05063665","D17","BIGC","BIGC.AOS.reaeration.station.04","BIGC_S4_20170627","2017-06-27T17:54Z",383,"2017-06-27T18:03:40Z",79.40,77.00,14.37,96.62,99.63,97.36,100.39
"7f126d21-c678-431a-b226-f6b1ff06c989","d0a50b1c-a334-4d26-9089-0f8d05063665","D17","BIGC","BIGC.AOS.reaeration.station.04","BIGC_S4_20170627","2017-06-27T17:54Z",1040,"2017-06-27T19:53:10Z",86.00,83.60,16.68,99.40,102.25,100.11,102.98
"aee4a8ce-a442-4ef2-9762-57fe950cfd3a","d0a50b1c-a334-4d26-9089-0f8d05063665","D17","BIGC","BIGC.AOS.reaeration.station.04","BIGC_S4_20170627","2017-06-27T17:54Z",1664,"2017-06-27T21:37:10Z",50.70,52.00,24.44,52.56,51.25,52.60,51.28
"5f525896-e66b-49eb-be0f-1ab38fdf63f2","d0a50b1c-a334-4d26-9089-0f8d05063665","D17","BIGC","BIGC.AOS.reaeration.station.04","BIGC_S4_20170627","2017-06-27T17:54Z",2328,"2017-06-27T23:27:50Z",54.90,56.10,26.01,55.04,53.86,54.97,53.79
"69091767-45a2-441d-b037-0a66dcaac40c","d0a50b1c-a334-4d26-9089-0f8d05063665","D17","BIGC","BIGC.AOS.reaeration.station.04","BIGC_S4_20170627","2017-06-27T17:54Z",2594,"2017-06-28T00:12:10Z",50.10,51.60,25.27,51.34,49.84,51.32,49.83
"37ca6b78-2fd3-4cf0-b976-40709807c2c5","d0a50b1c-a334-4d26-9089-0f8d05063665","D17","BIGC","BIGC.AOS.reaeration.station.04","BIGC_S4_20170627","2017-06-27T17:54Z",1435,"2017-06-27T20:59:00Z",48.80,49.60,21.13,53.56,52.70,53.78,52.92
"c321464b-4ea6-4f32-8b32-5ea139fe0929","d0a50b1c-a334-4d26-9089-0f8d05063665","D17","BIGC","BIGC.AOS.reaeration.station.04","BIGC_S4_20170627","2017-06-27T17:54Z",1168,"2017-06-27T20:14:30Z",90.20,88.50,17.10,104.23,106.23,104.96,106.97
"e683aeb6-80d4-47ba-b85a-6499498ae2a0","d0a50b1c-a334-4d26-9089-0f8d05063665","D17","BIGC","BIGC.AOS.reaeration.station.04","BIGC_S4_20170627","2017-06-27T17:54Z",1220,"2017-06-27T20:23:10Z",90.60,88.90,17.30,104.23,106.22,104.95,106.96
"82ef0613-e20d-4602-8d5a-efa2331f43e3","d0a50b1c-a334-4d26-9089-0f8d05063665","D17","BIGC","BIGC.AOS.reaeration.station.04","BIGC_S4_20170627","2017-06-27T17:54Z",371,"2017-06-27T18:01:40Z",79.40,77.00,14.35,96.66,99.68,97.41,100.44
"415352ea-26ef-498c-a3ee-5152b05c34f3","d0a50b1c-a334-4d26-9089-0f8d05063665","D17","BIGC","BIGC.AOS.reaeration.station.04","BIGC_S4_20170627","2017-06-27T17:54Z",1238,"2017-06-27T20:26:10Z",90.80,88.90,17.33,104.16,106.39,104.88,107.12
"0bea5963-cf09-4486-a5bb-c4816b135983","d0a50b1c-a334-4d26-9089-0f8d05063665","D17","BIGC","BIGC.AOS.reaeration.station.04","BIGC_S4_20170627","2017-06-27T17:54Z",379,"2017-06-27T18:03:00Z",79.40,77.00,14.36,96.64,99.65,97.38,100.42
"fe2b4ec5-a212-4abc-bf01-7fbbd801cd1a","d0a50b1c-a334-4d26-9089-0f8d05063665","D17","BIGC","BIGC.AOS.reaeration.station.04","BIGC_S4_20170627","2017-06-27T17:54Z",204,"2017-06-27T17:33:50Z",78.80,76.60,14.09,96.76,99.54,97.51,100.31
"c4e49427-ef8f-4a08-b861-c116338ceae6","d0a50b1c-a334-4d26-9089-0f8d05063665","D17","BIGC","BIGC.AOS.reaeration.station.04","BIGC_S4_20170627","2017-06-27T17:54Z",1312,"2017-06-27T20:38:30Z",91.20,90.00,17.57,104.88,106.28,105.60,107.00
"9a9c01b9-ad38-40fd-92d5-25c17dd1d805","d0a50b1c-a334-4d26-9089-0f8d05063665","D17","BIGC","BIGC.AOS.reaeration.station.04","BIGC_S4_20170627","2017-06-27T17:54Z",1092,"2017-06-27T20:01:50Z",86.20,84.00,16.85,99.49,102.09,100.20,102.82
"21ba0a0a-ecb4-45bb-bb8a-5a591c295966","d0a50b1c-a334-4d26-9089-0f8d05063665","D17","BIGC","BIGC.AOS.reaeration.station.04","BIGC_S4_20170627","2017-06-27T17:54Z",1693,"2017-06-27T21:42:00Z",50.80,51.60,24.64,51.96,51.15,51.98,51.17
"2702fc96-1372-477a-9b4f-ad851d47c13b","d0a50b1c-a334-4d26-9089-0f8d05063665","D17","BIGC","BIGC.AOS.reaeration.station.04","BIGC_S4_20170627","2017-06-27T17:54Z",1327,"2017-06-27T20:41:00Z",90.50,88.90,17.62,103.49,105.35,104.19,106.06
"2e1c2526-30da-4356-a170-90fbd5bef0d7","d0a50b1c-a334-4d26-9089-0f8d05063665","D17","BIGC","BIGC.AOS.reaeration.station.04","BIGC_S4_20170627","2017-06-27T17:54Z",1695,"2017-06-27T21:42:20Z",50.90,51.60,24.66,51.94,51.23,51.96,51.25
"4cbb0b50-06a9-44e4-a24e-52714efbc1b6","d0a50b1c-a334-4d26-9089-0f8d05063665","D17","BIGC","BIGC.AOS.reaeration.station.04","BIGC_S4_20170627","2017-06-27T17:54Z",1705,"2017-06-27T21:44:00Z",50.90,51.60,24.72,51.88,51.17,51.90,51.19
"ee19abed-982d-44b4-bd59-7d3ea48b39ca","d0a50b1c-a334-4d26-9089-0f8d05063665","D17","BIGC","BIGC.AOS.reaeration.station.04","BIGC_S4_20170627","2017-06-27T17:54Z",1449,"2017-06-27T21:01:20Z",49.00,49.90,21.48,53.50,52.53,53.70,52.73
"cefd20e8-d07a-44d9-98ce-99304791a005","d0a50b1c-a334-4d26-9089-0f8d05063665","D17","BIGC","BIGC.AOS.reaeration.station.04","BIGC_S4_20170627","2017-06-27T17:54Z",2503,"2017-06-27T23:57:00Z",54.20,55.30,26.02,54.24,53.16,54.17,53.10
"434672a3-bef0-4bfe-abef-068cc3a95533","d0a50b1c-a334-4d26-9089-0f8d05063665","D17","BIGC","BIGC.AOS.reaeration.station.04","BIGC_S4_20170627","2017-06-27T17:54Z",784,"2017-06-27T19:10:30Z",86.20,84.10,15.76,102.12,104.67,102.89,105.46
"d1267f5f-03f3-4920-8aaa-b598bbace75d","d0a50b1c-a334-4d26-9089-0f8d05063665","D17","BIGC","BIGC.AOS.reaeration.station.04","BIGC_S4_20170627","2017-06-27T17:54Z",2252,"2017-06-27T23:15:10Z",54.90,56.10,26.02,55.03,53.85,54.96,53.78
"387ae1c0-cbc4-4678-8545-0c6d22a4fcf3","d0a50b1c-a334-4d26-9089-0f8d05063665","D17","BIGC","BIGC.AOS.reaeration.station.04","BIGC_S4_20170627","2017-06-27T17:54Z",2431,"2017-06-27T23:45:00Z",54.80,56.10,26.01,55.04,53.76,54.97,53.69
"38b8d69e-c64e-4256-8eb2-9683fc26e4c7","d0a50b1c-a334-4d26-9089-0f8d05063665","D17","BIGC","BIGC.AOS.reaeration.station.04","BIGC_S4_20170627","2017-06-27T17:54Z",43,"2017-06-27T17:07:00Z",78.50,76.20,13.89,96.73,99.64,97.47,100.41
"bc7c8efd-64a1-490f-b127-01154e93769f","d0a50b1c-a334-4d26-9089-0f8d05063665","D17","BIGC","BIGC.AOS.reaeration.station.04","BIGC_S4_20170627","2017-06-27T17:54Z",1940,"2017-06-27T22:23:10Z",52.60,53.50,25.80,52.69,51.81,52.64,51.76
"b1417cfd-665c-40b2-81fb-9a00a1220913","d0a50b1c-a334-4d26-9089-0f8d05063665","D17","BIGC","BIGC.AOS.reaeration.station.04","BIGC_S4_20170627","2017-06-27T17:54Z",92,"2017-06-27T17:15:10Z",78.50,76.20,13.93,96.63,99.55,97.37,100.31
"842483a0-ec4a-4aa0-8250-f57d8e14fe31","d0a50b1c-a334-4d26-9089-0f8d05063665","D17","BIGC","BIGC.AOS.reaeration.station.04","BIGC_S4_20170627","2017-06-27T17:54Z",197,"2017-06-27T17:32:40Z",78.90,76.60,14.06,96.83,99.74,97.58,100.51
"da444d48-99e8-47bb-af43-308029ea8f92","d0a50b1c-a334-4d26-9089-0f8d05063665","D17","BIGC","BIGC.AOS.reaeration.station.04","BIGC_S4_20170627","2017-06-27T17:54Z",608,"2017-06-27T18:41:10Z",80.60,78.10,14.99,96.56,99.65,97.30,100.41
"67bd39ac-1191-4220-b363-cc70a2253c92","d0a50b1c-a334-4d26-9089-0f8d05063665","D17","BIGC","BIGC.AOS.reaeration.station.04","BIGC_S4_20170627","2017-06-27T17:54Z",612,"2017-06-27T18:41:50Z",80.70,78.40,15.02,96.86,99.71,97.60,100.47
"d4e902b4-a0f2-4fdf-827d-0bcdf07a1465","d0a50b1c-a334-4d26-9089-0f8d05063665","D17","BIGC","BIGC.AOS.reaeration.station.04","BIGC_S4_20170627","2017-06-27T17:54Z",1259,"2017-06-27T20:29:40Z",91.00,89.30,17.41,104.44,106.43,105.16,107.16
"444dd462-71c2-4e09-8378-5a6dd1d21e73","d0a50b1c-a334-4d26-9089-0f8d05063665","D17","BIGC","BIGC.AOS.reaeration.station.04","BIGC_S4_20170627","2017-06-27T17:54Z",1237,"2017-06-27T20:26:00Z",90.80,88.90,17.34,104.14,106.36,104.85,107.10
"e42a9b2e-5e83-4b1d-81d2-013447b9d8d2","d0a50b1c-a334-4d26-9089-0f8d05063665","D17","BIGC","BIGC.AOS.reaeration.station.04","BIGC_S4_20170627","2017-06-27T17:54Z",2543,"2017-06-28T00:03:40Z",53.80,55.30,26.02,54.24,52.77,54.17,52.70
"f6e346c0-0f1b-4895-8bf8-72d4fab7574a","d0a50b1c-a334-4d26-9089-0f8d05063665","D17","BIGC","BIGC.AOS.reaeration.station.04","BIGC_S4_20170627","2017-06-27T17:54Z",277,"2017-06-27T17:46:00Z",79.10,77.00,14.20,97.01,99.66,97.76,100.42
"b588b35e-4a3d-4f42-b336-2da490f4cde1","d0a50b1c-a334-4d26-9089-0f8d05063665","D17","BIGC","BIGC.AOS.reaeration.station.04","BIGC_S4_20170627","2017-06-27T17:54Z",712,"2017-06-27T18:58:30Z",82.00,79.90,15.44,97.75,100.32,98.49,101.08
"4d0882ab-4155-4ffa-9cbe-e32ab20082b1","d0a50b1c-a334-4d26-9089-0f8d05063665","D17","BIGC","BIGC.AOS.reaeration.station.04","BIGC_S4_20170627","2017-06-27T17:54Z",468,"2017-06-27T18:17:50Z",79.80,77.30,14.55,96.58,99.70,97.32,100.46
"36434835-f1f2-4560-a186-e19ceede3f68","d0a50b1c-a334-4d26-9089-0f8d05063665","D17","BIGC","BIGC.AOS.reaeration.station.04","BIGC_S4_20170627","2017-06-27T17:54Z",2157,"2017-06-27T22:59:20Z",54.30,55.30,26.01,54.25,53.27,54.18,53.21
"5a752333-81aa-4074-999b-6297c601bfc6","d0a50b1c-a334-4d26-9089-0f8d05063665","D17","BIGC","BIGC.AOS.reaeration.station.04","BIGC_S4_20170627","2017-06-27T17:54Z",2195,"2017-06-27T23:05:40Z",54.50,56.10,26.02,55.03,53.46,54.96,53.39
"4c6338ed-c757-4277-80a0-c30e3e53b50d","d0a50b1c-a334-4d26-9089-0f8d05063665","D17","BIGC","BIGC.AOS.reaeration.station.04","BIGC_S4_20170627","2017-06-27T17:54Z",1756,"2017-06-27T21:52:30Z",51.10,52.00,25.02,51.98,51.08,51.98,51.08
"7252b396-82a4-4cf0-bd47-1b4172e0c164","d0a50b1c-a334-4d26-9089-0f8d05063665","D17","BIGC","BIGC.AOS.reaeration.station.04","BIGC_S4_20170627","2017-06-27T17:54Z",483,"2017-06-27T18:20:20Z",79.90,77.70,14.60,96.96,99.71,97.70,100.47
"fd4b5def-5b35-4d2e-84a5-51c30b42e998","d0a50b1c-a334-4d26-9089-0f8d05063665","D17","BIGC","BIGC.AOS.reaeration.station.04","BIGC_S4_20170627","2017-06-27T17:54Z",632,"2017-06-27T18:45:10Z",80.90,78.40,15.11,96.66,99.74,97.40,100.50
"e1aeaae0-abab-4fbf-8edd-ebc0a7c27514","d0a50b1c-a334-4d26-9089-0f8d05063665","D17","BIGC","BIGC.AOS.reaeration.station.04","BIGC_S4_20170627","2017-06-27T17:54Z",473,"2017-06-27T18:18:40Z",79.80,77.70,14.57,97.03,99.65,97.77,100.42
"b42e8918-1fc4-4164-ba57-ec29c188246f","d0a50b1c-a334-4d26-9089-0f8d05063665","D17","BIGC","BIGC.AOS.reaeration.station.04","BIGC_S4_20170627","2017-06-27T17:54Z",1498,"2017-06-27T21:09:30Z",49.70,50.60,22.48,53.16,52.21,53.31,52.36
"c3ccf23b-82fa-4157-9190-ed83f12192b8","d0a50b1c-a334-4d26-9089-0f8d05063665","D17","BIGC","BIGC.AOS.reaeration.station.04","BIGC_S4_20170627","2017-06-27T17:54Z",8,"2017-06-27T17:01:10Z",78.50,76.20,13.87,96.77,99.69,97.51,100.46
"6802dcf3-765c-4572-8133-43748d5a4402","d0a50b1c-a334-4d26-9089-0f8d05063665","D17","BIGC","BIGC.AOS.reaeration.station.04","BIGC_S4_20170627","2017-06-27T17:54Z",2365,"2017-06-27T23:34:00Z",54.80,56.10,26.01,55.04,53.76,54.97,53.69
"6fa444b6-017d-4bda-a659-70fb71076124","d0a50b1c-a334-4d26-9089-0f8d05063665","D17","BIGC","BIGC.AOS.reaeration.station.04","BIGC_S4_20170627","2017-06-27T17:54Z",721,"2017-06-27T19:00:00Z",82.90,81.10,15.47,99.15,101.35,99.90,102.11
"bf4b8193-d4c7-4a03-8113-ac81706c7c04","d0a50b1c-a334-4d26-9089-0f8d05063665","D17","BIGC","BIGC.AOS.reaeration.station.04","BIGC_S4_20170627","2017-06-27T17:54Z",1997,"2017-06-27T22:32:40Z",53.10,54.20,25.90,53.28,52.20,53.22,52.14
"88dd29c5-17f5-4380-b1c7-d2179167a57f","d0a50b1c-a334-4d26-9089-0f8d05063665","D17","BIGC","BIGC.AOS.reaeration.station.04","BIGC_S4_20170627","2017-06-27T17:54Z",137,"2017-06-27T17:22:40Z",78.60,76.20,13.99,96.49,99.53,97.23,100.29
"b7838e7b-94d3-421f-a5a8-0799dbaee8ee","d0a50b1c-a334-4d26-9089-0f8d05063665","D17","BIGC","BIGC.AOS.reaeration.station.04","BIGC_S4_20170627","2017-06-27T17:54Z",664,"2017-06-27T18:50:30Z",81.20,78.80,15.22,96.90,99.85,97.64,100.61
"5eb125e7-a999-4c8c-8060-e0fe70d5e102","d0a50b1c-a334-4d26-9089-0f8d05063665","D17","BIGC","BIGC.AOS.reaeration.station.04","BIGC_S4_20170627","2017-06-27T17:54Z",793,"2017-06-27T19:12:00Z",86.40,84.10,15.81,102.00,104.79,102.77,105.58
"7248139c-cac5-42db-8224-ac8041c5aa25","d0a50b1c-a334-4d26-9089-0f8d05063665","D17","BIGC","BIGC.AOS.reaeration.station.04","BIGC_S4_20170627","2017-06-27T17:54Z",1624,"2017-06-27T21:30:30Z",50.50,51.30,24.09,52.21,51.39,52.26,51.45
"f9e98d70-8030-4af6-a495-e8f6313d29ac","d0a50b1c-a334-4d26-9089-0f8d05063665","D17","BIGC","BIGC.AOS.reaeration.station.04","BIGC_S4_20170627","2017-06-27T17:54Z",1392,"2017-06-27T20:51:50Z",47.80,48.50,19.78,53.87,53.09,54.16,53.38
"3a9d71ea-93f0-4c0d-85fb-54b2e0aa7752","d0a50b1c-a334-4d26-9089-0f8d05063665","D17","BIGC","BIGC.AOS.reaeration.station.04","BIGC_S4_20170627","2017-06-27T17:54Z",1347,"2017-06-27T20:44:20Z",46.40,47.10,18.28,54.04,53.23,54.38,53.57
"eec3079d-5b37-4c5c-b81f-8f504bfcc97c","d0a50b1c-a334-4d26-9089-0f8d05063665","D17","BIGC","BIGC.AOS.reaeration.station.04","BIGC_S4_20170627","2017-06-27T17:54Z",132,"2017-06-27T17:21:50Z",78.60,76.20,13.98,96.51,99.55,97.26,100.32
"381c7de4-7b62-4bb9-ac67-6f2da22e2751","d0a50b1c-a334-4d26-9089-0f8d05063665","D17","BIGC","BIGC.AOS.reaeration.station.04","BIGC_S4_20170627","2017-06-27T17:54Z",1073,"2017-06-27T19:58:40Z",85.80,83.60,16.79,99.15,101.76,99.86,102.48
"87f7e134-3cdf-4dd3-8bc6-96e4288c8f72","d0a50b1c-a334-4d26-9089-0f8d05063665","D17","BIGC","BIGC.AOS.reaeration.station.04","BIGC_S4_20170627","2017-06-27T17:54Z",1355,"2017-06-27T20:45:40Z",46.30,47.10,18.37,53.93,53.01,54.27,53.35
"295bacca-16ed-4be3-b227-afde8bfa2246","d0a50b1c-a334-4d26-9089-0f8d05063665","D17","BIGC","BIGC.AOS.reaeration.station.04","BIGC_S4_20170627","2017-06-27T17:54Z",1252,"2017-06-27T20:28:30Z",90.90,89.30,17.39,104.49,106.36,105.21,107.09
"11e1286d-e7f3-4bae-890c-064772aa6045","d0a50b1c-a334-4d26-9089-0f8d05063665","D17","BIGC","BIGC.AOS.reaeration.station.04","BIGC_S4_20170627","2017-06-27T17:54Z",2092,"2017-06-27T22:48:30Z",53.90,55.00,26.00,53.97,52.89,53.90,52.82
"e4181848-a8b9-4794-b429-ec99e87f0b83","d0a50b1c-a334-4d26-9089-0f8d05063665","D17","BIGC","BIGC.AOS.reaeration.station.04","BIGC_S4_20170627","2017-06-27T17:54Z",16,"2017-06-27T17:02:30Z",78.40,76.20,13.87,96.77,99.57,97.51,100.33
"49dced3d-2201-4125-ad22-2b222a7cc6ac","d0a50b1c-a334-4d26-9089-0f8d05063665","D17","BIGC","BIGC.AOS.reaeration.station.04","BIGC_S4_20170627","2017-06-27T17:54Z",930,"2017-06-27T19:34:50Z",87.40,85.60,16.33,102.59,104.75,103.34,105.51
"e9fdd4c8-1237-42fc-b61d-2bd9716e6939","d0a50b1c-a334-4d26-9089-0f8d05063665","D17","BIGC","BIGC.AOS.reaeration.station.04","BIGC_S4_20170627","2017-06-27T17:54Z",1358,"2017-06-27T20:46:10Z",46.60,47.40,18.51,54.11,53.19,54.44,53.53
"d94e5851-7d76-4990-8e13-1f146791e071","d0a50b1c-a334-4d26-9089-0f8d05063665","D17","BIGC","BIGC.AOS.reaeration.station.04","BIGC_S4_20170627","2017-06-27T17:54Z",316,"2017-06-27T17:52:30Z",79.20,77.00,14.24,96.92,99.69,97.66,100.45
"297f2e23-577e-47cf-b22b-ca7df86af423","d0a50b1c-a334-4d26-9089-0f8d05063665","D17","BIGC","BIGC.AOS.reaeration.station.04","BIGC_S4_20170627","2017-06-27T17:54Z",1098,"2017-06-27T20:02:50Z",86.70,84.80,16.88,100.37,102.61,101.08,103.34
"781209ec-7a2b-4fa2-be1e-da67c468026c","d0a50b1c-a334-4d26-9089-0f8d05063665","D17","BIGC","BIGC.AOS.reaeration.station.04","BIGC_S4_20170627","2017-06-27T17:54Z",1643,"2017-06-27T21:33:40Z",50.60,51.70,24.27,52.43,51.32,52.48,51.36
"35a98426-2892-4558-b8bc-930f3a7eb33a","d0a50b1c-a334-4d26-9089-0f8d05063665","D17","BIGC","BIGC.AOS.reaeration.station.04","BIGC_S4_20170627","2017-06-27T17:54Z",1761,"2017-06-27T21:53:20Z",51.10,51.60,25.06,51.54,51.04,51.54,51.04
"d7f1d853-9070-4048-be89-db5caa07cfe4","d0a50b1c-a334-4d26-9089-0f8d05063665","D17","BIGC","BIGC.AOS.reaeration.station.04","BIGC_S4_20170627","2017-06-27T17:54Z",1227,"2017-06-27T20:24:20Z",90.70,88.50,17.31,103.74,106.32,104.45,107.05
"52504117-6be4-4550-811f-5ea87a169457","d0a50b1c-a334-4d26-9089-0f8d05063665","D17","BIGC","BIGC.AOS.reaeration.station.04","BIGC_S4_20170627","2017-06-27T17:54Z",198,"2017-06-27T17:32:50Z",78.80,76.60,14.08,96.79,99.57,97.53,100.33
"d05112f5-ef64-4d6f-877c-1cec2569f869","d0a50b1c-a334-4d26-9089-0f8d05063665","D17","BIGC","BIGC.AOS.reaeration.station.04","BIGC_S4_20170627","2017-06-27T17:54Z",689,"2017-06-27T18:54:40Z",81.30,78.80,15.33,96.65,99.72,97.38,100.47
"029cc1a8-bddb-481a-9b10-210009138ef8","d0a50b1c-a334-4d26-9089-0f8d05063665","D17","BIGC","BIGC.AOS.reaeration.station.04","BIGC_S4_20170627","2017-06-27T17:54Z",913,"2017-06-27T19:32:00Z",87.30,85.20,16.28,102.23,104.75,102.98,105.51
"67dd8ad4-285c-44ab-a3de-40e379eebc8e","d0a50b1c-a334-4d26-9089-0f8d05063665","D17","BIGC","BIGC.AOS.reaeration.station.04","BIGC_S4_20170627","2017-06-27T17:54Z",746,"2017-06-27T19:04:10Z",85.00,83.00,15.58,101.21,103.65,101.97,104.43
"11d6cd89-cbc1-4a6d-a331-467e3998ee0f","d0a50b1c-a334-4d26-9089-0f8d05063665","D17","BIGC","BIGC.AOS.reaeration.station.04","BIGC_S4_20170627","2017-06-27T17:54Z",2141,"2017-06-27T22:56:40Z",54.20,55.70,26.00,54.66,53.18,54.59,53.12
"dd1065cb-c577-4894-93b9-48aaa2e9ae9b","d0a50b1c-a334-4d26-9089-0f8d05063665","D17","BIGC","BIGC.AOS.reaeration.station.04","BIGC_S4_20170627","2017-06-27T17:54Z",2459,"2017-06-27T23:49:40Z",54.60,56.10,26.01,55.04,53.57,54.97,53.50
"4bede305-8173-43c6-aec5-b36d61c83b4b","d0a50b1c-a334-4d26-9089-0f8d05063665","D17","BIGC","BIGC.AOS.reaeration.station.04","BIGC_S4_20170627","2017-06-27T17:54Z",1753,"2017-06-27T21:52:00Z",51.20,52.00,25.01,51.99,51.19,51.99,51.19
"9d0f2c46-d418-4cd5-878c-4182449da2b5","d0a50b1c-a334-4d26-9089-0f8d05063665","D17","BIGC","BIGC.AOS.reaeration.station.04","BIGC_S4_20170627","2017-06-27T17:54Z",1204,"2017-06-27T20:20:30Z",90.60,88.50,17.22,103.95,106.41,104.67,107.15
"a4e18f76-cf76-489d-8d83-449f137b8cca","d0a50b1c-a334-4d26-9089-0f8d05063665","D17","BIGC","BIGC.AOS.reaeration.station.04","BIGC_S4_20170627","2017-06-27T17:54Z",1704,"2017-06-27T21:43:50Z",50.90,51.60,24.71,51.89,51.18,51.91,51.20
"152e1e96-8d86-47bd-8c28-1ae8afc7bab6","d0a50b1c-a334-4d26-9089-0f8d05063665","D17","BIGC","BIGC.AOS.reaeration.station.04","BIGC_S4_20170627","2017-06-27T17:54Z",2228,"2017-06-27T23:11:10Z",54.80,56.10,26.02,55.03,53.75,54.96,53.68
"0557cc77-2614-4b40-9ab0-424cc4403bff","d0a50b1c-a334-4d26-9089-0f8d05063665","D17","BIGC","BIGC.AOS.reaeration.station.04","BIGC_S4_20170627","2017-06-27T17:54Z",358,"2017-06-27T17:59:30Z",79.40,77.00,14.33,96.71,99.72,97.45,100.49
"96e3b347-25f8-40d8-b566-a0f1e37831c2","d0a50b1c-a334-4d26-9089-0f8d05063665","D17","BIGC","BIGC.AOS.reaeration.station.04","BIGC_S4_20170627","2017-06-27T17:54Z",1865,"2017-06-27T22:10:40Z",51.90,52.70,25.56,52.14,51.35,52.11,51.32
"e814a026-baa6-4b72-bc9b-fd8400669f5f","d0a50b1c-a334-4d26-9089-0f8d05063665","D17","BIGC","BIGC.AOS.reaeration.station.04","BIGC_S4_20170627","2017-06-27T17:54Z",1713,"2017-06-27T21:45:20Z",50.90,52.00,24.77,52.23,51.12,52.24,51.14
"6f5d1cb5-1b40-423c-a21a-89f96fab7b76","d0a50b1c-a334-4d26-9089-0f8d05063665","D17","BIGC","BIGC.AOS.reaeration.station.04","BIGC_S4_20170627","2017-06-27T17:54Z",902,"2017-06-27T19:30:10Z",87.20,85.20,16.23,102.34,104.75,103.10,105.52
"b6c8b952-3d17-4203-95d1-93ac159f3655","d0a50b1c-a334-4d26-9089-0f8d05063665","D17","BIGC","BIGC.AOS.reaeration.station.04","BIGC_S4_20170627","2017-06-27T17:54Z",1762,"2017-06-27T21:53:30Z",51.20,52.00,25.07,51.93,51.13,51.93,51.13
"49e8a307-a431-4a80-96ae-2badb5bda063","d0a50b1c-a334-4d26-9089-0f8d05063665","D17","BIGC","BIGC.AOS.reaeration.station.04","BIGC_S4_20170627","2017-06-27T17:54Z",2521,"2017-06-28T00:00:00Z",54.10,55.70,26.02,54.64,53.07,54.57,53.00
"58fe53f4-866d-47f5-9edf-1598c767d438","d0a50b1c-a334-4d26-9089-0f8d05063665","D17","BIGC","BIGC.AOS.reaeration.station.04","BIGC_S4_20170627","2017-06-27T17:54Z",1955,"2017-06-27T22:25:40Z",52.80,53.80,25.82,52.97,51.99,52.92,51.93
"29d5b53a-1dc9-42b2-821e-b1afda044eaf","d0a50b1c-a334-4d26-9089-0f8d05063665","D17","BIGC","BIGC.AOS.reaeration.station.04","BIGC_S4_20170627","2017-06-27T17:54Z",2520,"2017-06-27T23:59:50Z",54.10,55.30,26.02,54.24,53.07,54.17,53.00
"46f48bb9-6506-4dc8-8aa7-30f8009e0023","d0a50b1c-a334-4d26-9089-0f8d05063665","D17","BIGC","BIGC.AOS.reaeration.station.04","BIGC_S4_20170627","2017-06-27T17:54Z",2070,"2017-06-27T22:44:50Z",53.70,55.00,25.99,53.98,52.70,53.91,52.64
"d76b3e78-3aa3-4a79-9694-892fa5b962c6","d0a50b1c-a334-4d26-9089-0f8d05063665","D17","BIGC","BIGC.AOS.reaeration.station.04","BIGC_S4_20170627","2017-06-27T17:54Z",1575,"2017-06-27T21:22:20Z",50.20,50.90,23.55,52.35,51.63,52.44,51.72
"98135987-a0f3-4777-8a15-c6f939996d5c","d0a50b1c-a334-4d26-9089-0f8d05063665","D17","BIGC","BIGC.AOS.reaeration.station.04","BIGC_S4_20170627","2017-06-27T17:54Z",134,"2017-06-27T17:22:10Z",78.70,76.20,13.98,96.51,99.68,97.26,100.45
"ad7a9cbd-ec4c-4de9-aac8-7c7b442c499d","d0a50b1c-a334-4d26-9089-0f8d05063665","D17","BIGC","BIGC.AOS.reaeration.station.04","BIGC_S4_20170627","2017-06-27T17:54Z",1875,"2017-06-27T22:12:20Z",51.90,53.10,25.59,52.51,51.32,52.47,51.28
"546c93cb-dd01-4bf8-81a1-eaf52b6f9f7b","d0a50b1c-a334-4d26-9089-0f8d05063665","D17","BIGC","BIGC.AOS.reaeration.station.04","BIGC_S4_20170627","2017-06-27T17:54Z",2599,"2017-06-28T00:13:00Z",49.00,50.50,25.16,50.35,48.85,50.34,48.84
"fb3cff27-a6ed-41ee-a495-4ba1cfa6f91a","d0a50b1c-a334-4d26-9089-0f8d05063665","D17","BIGC","BIGC.AOS.reaeration.station.04","BIGC_S4_20170627","2017-06-27T17:54Z",766,"2017-06-27T19:07:30Z",85.70,83.30,15.67,101.36,104.28,102.12,105.07
"bb1699eb-03b4-471d-a616-ddf515df8ee2","d0a50b1c-a334-4d26-9089-0f8d05063665","D17","BIGC","BIGC.AOS.reaeration.station.04","BIGC_S4_20170627","2017-06-27T17:54Z",580,"2017-06-27T18:36:30Z",80.50,78.10,14.90,96.77,99.74,97.51,100.50
"d60f2653-f508-403b-b020-9101ca89f4da","d0a50b1c-a334-4d26-9089-0f8d05063665","D17","BIGC","BIGC.AOS.reaeration.station.04","BIGC_S4_20170627","2017-06-27T17:54Z",185,"2017-06-27T17:30:40Z",78.70,76.60,14.04,96.88,99.54,97.62,100.30
"89232d6f-4ce6-41e6-aadd-a2a36ce18161","d0a50b1c-a334-4d26-9089-0f8d05063665","D17","BIGC","BIGC.AOS.reaeration.station.04","BIGC_S4_20170627","2017-06-27T17:54Z",67,"2017-06-27T17:11:00Z",78.50,75.90,13.90,96.32,99.62,97.06,100.38
"a074519f-1c8f-4c1b-bb70-9fbd77a27df9","d0a50b1c-a334-4d26-9089-0f8d05063665","D17","BIGC","BIGC.AOS.reaeration.station.04","BIGC_S4_20170627","2017-06-27T17:54Z",2642,"2017-06-28T00:19:59Z",,,,,,,
"7b30ffe2-c38a-4edc-8848-dd7511712dd3","d0a50b1c-a334-4d26-9089-0f8d05063665","D17","BIGC","BIGC.AOS.reaeration.station.04","BIGC_S4_20170627","2017-06-27T17:54Z",286,"2017-06-27T17:47:30Z",79.10,76.60,14.21,96.48,99.63,97.23,100.40
"60b1300b-47e6-4d63-abd1-5575a72906ad","d0a50b1c-a334-4d26-9089-0f8d05063665","D17","BIGC","BIGC.AOS.reaeration.station.04","BIGC_S4_20170627","2017-06-27T17:54Z",1932,"2017-06-27T22:21:50Z",52.40,53.50,25.77,52.72,51.64,52.67,51.59
"3797df83-4a00-4b3a-972f-fbe14ab9c681","d0a50b1c-a334-4d26-9089-0f8d05063665","D17","BIGC","BIGC.AOS.reaeration.station.04","BIGC_S4_20170627","2017-06-27T17:54Z",1980,"2017-06-27T22:29:50Z",53.00,54.20,25.88,53.30,52.12,53.25,52.07
"4f7d5a05-cf43-4e9a-99ed-fd37c2ed5aea","d0a50b1c-a334-4d26-9089-0f8d05063665","D17","BIGC","BIGC.AOS.reaeration.station.04","BIGC_S4_20170627","2017-06-27T17:54Z",2064,"2017-06-27T22:43:50Z",53.60,54.60,25.99,53.59,52.61,53.52,52.54
"91237ff6-a561-4ed7-9595-45db62e87c0e","d0a50b1c-a334-4d26-9089-0f8d05063665","D17","BIGC","BIGC.AOS.reaeration.station.04","BIGC_S4_20170627","2017-06-27T17:54Z",592,"2017-06-27T18:38:30Z",80.60,78.10,14.93,96.70,99.79,97.44,100.56
"a8def061-2124-4458-8650-9f7c63e3f3a8","d0a50b1c-a334-4d26-9089-0f8d05063665","D17","BIGC","BIGC.AOS.reaeration.station.04","BIGC_S4_20170627","2017-06-27T17:54Z",249,"2017-06-27T17:41:20Z",79.00,76.60,14.15,96.62,99.65,97.37,100.42
"dc6c5c31-4fb0-4dad-8604-3252e412a2d3","d0a50b1c-a334-4d26-9089-0f8d05063665","D17","BIGC","BIGC.AOS.reaeration.station.04","BIGC_S4_20170627","2017-06-27T17:54Z",1517,"2017-06-27T21:12:40Z",50.00,51.40,22.80,53.65,52.19,53.79,52.32
"08fa3f44-53a0-48fa-babc-5127f25189e0","d0a50b1c-a334-4d26-9089-0f8d05063665","D17","BIGC","BIGC.AOS.reaeration.station.04","BIGC_S4_20170627","2017-06-27T17:54Z",2159,"2017-06-27T22:59:40Z",54.30,55.30,26.01,54.25,53.27,54.18,53.21
"f85e6aa0-4df2-4eca-ac16-a6c89370b2a4","d0a50b1c-a334-4d26-9089-0f8d05063665","D17","BIGC","BIGC.AOS.reaeration.station.04","BIGC_S4_20170627","2017-06-27T17:54Z",76,"2017-06-27T17:12:30Z",78.50,76.20,13.91,96.68,99.60,97.42,100.36
"84e08f18-9008-46b8-80df-81578e477abd","d0a50b1c-a334-4d26-9089-0f8d05063665","D17","BIGC","BIGC.AOS.reaeration.station.04","BIGC_S4_20170627","2017-06-27T17:54Z",1555,"2017-06-27T21:19:00Z",50.30,51.30,23.33,52.99,51.96,53.09,52.06
"4c0f05a2-ff96-417a-9cb9-a70b8aaccc06","d0a50b1c-a334-4d26-9089-0f8d05063665","D17","BIGC","BIGC.AOS.reaeration.station.04","BIGC_S4_20170627","2017-06-27T17:54Z",2255,"2017-06-27T23:15:40Z",54.80,56.10,26.02,55.03,53.75,54.96,53.68
"82c52258-623b-4e15-95a4-727840893fc4","d0a50b1c-a334-4d26-9089-0f8d05063665","D17","BIGC","BIGC.AOS.reaeration.station.04","BIGC_S4_20170627","2017-06-27T17:54Z",2454,"2017-06-27T23:48:50Z",54.60,56.10,26.01,55.04,53.57,54.97,53.50
"71d8b8fd-b8de-4462-82d8-836db513da3b","d0a50b1c-a334-4d26-9089-0f8d05063665","D17","BIGC","BIGC.AOS.reaeration.station.04","BIGC_S4_20170627","2017-06-27T17:54Z",553,"2017-06-27T18:32:00Z",80.20,77.70,14.80,96.50,99.61,97.24,100.37
"72e2a295-e92c-45ba-8fd9-6f47619c20f4","d0a50b1c-a334-4d26-9089-0f8d05063665","D17","BIGC","BIGC.AOS.reaeration.station.04","BIGC_S4_20170627","2017-06-27T17:54Z",555,"2017-06-27T18:32:20Z",80.20,78.10,14.80,97.00,99.61,97.74,100.37
"8f3ff9d0-d4d6-49fe-86d3-8b0bef4325a7","d0a50b1c-a334-4d26-9089-0f8d05063665","D17","BIGC","BIGC.AOS.reaeration.station.04","BIGC_S4_20170627","2017-06-27T17:54Z",1843,"2017-06-27T22:07:00Z",51.60,52.70,25.47,52.23,51.14,52.20,51.11
"d286c274-9f31-4562-bfb1-0bfffd53c465","d0a50b1c-a334-4d26-9089-0f8d05063665","D17","BIGC","BIGC.AOS.reaeration.station.04","BIGC_S4_20170627","2017-06-27T17:54Z",1880,"2017-06-27T22:13:10Z",52.10,53.10,25.62,52.48,51.49,52.44,51.45
"efab5304-264d-49ad-bbb5-586046dd7910","d0a50b1c-a334-4d26-9089-0f8d05063665","D17","BIGC","BIGC.AOS.reaeration.station.04","BIGC_S4_20170627","2017-06-27T17:54Z",27,"2017-06-27T17:04:20Z",78.40,76.20,13.89,96.73,99.52,97.47,100.28
"ec40d84c-cd77-4229-a662-59430b9b83c8","d0a50b1c-a334-4d26-9089-0f8d05063665","D17","BIGC","BIGC.AOS.reaeration.station.04","BIGC_S4_20170627","2017-06-27T17:54Z",1572,"2017-06-27T21:21:50Z",50.20,50.90,23.52,52.38,51.66,52.47,51.75
"8ea8d017-57a4-4881-bc5d-b587b5d8c481","d0a50b1c-a334-4d26-9089-0f8d05063665","D17","BIGC","BIGC.AOS.reaeration.station.04","BIGC_S4_20170627","2017-06-27T17:54Z",2308,"2017-06-27T23:24:30Z",54.90,56.50,26.01,55.43,53.86,55.36,53.79
"bee3f300-2373-4416-a45a-e472b5b54989","d0a50b1c-a334-4d26-9089-0f8d05063665","D17","BIGC","BIGC.AOS.reaeration.station.04","BIGC_S4_20170627","2017-06-27T17:54Z",449,"2017-06-27T18:14:40Z",79.70,77.30,14.51,96.67,99.67,97.41,100.43
"d220cfc2-5d41-4729-b7e1-3e6632191d77","d0a50b1c-a334-4d26-9089-0f8d05063665","D17","BIGC","BIGC.AOS.reaeration.station.04","BIGC_S4_20170627","2017-06-27T17:54Z",2644,"2017-06-28T00:20:10Z",36.40,37.70,24.87,37.79,36.49,37.80,36.50
"234bb3a1-8c9e-472d-bc7b-9f679b224208","d0a50b1c-a334-4d26-9089-0f8d05063665","D17","BIGC","BIGC.AOS.reaeration.station.04","BIGC_S4_20170627","2017-06-27T17:54Z",1851,"2017-06-27T22:08:20Z",51.70,52.70,25.50,52.20,51.21,52.17,51.18
"ab1a725f-b693-402f-9b59-8544247352b7","d0a50b1c-a334-4d26-9089-0f8d05063665","D17","BIGC","BIGC.AOS.reaeration.station.04","BIGC_S4_20170627","2017-06-27T17:54Z",384,"2017-06-27T18:03:50Z",79.40,77.00,14.37,96.62,99.63,97.36,100.39
"384010e0-35e0-4563-946b-c76d2459e332","d0a50b1c-a334-4d26-9089-0f8d05063665","D17","BIGC","BIGC.AOS.reaeration.station.04","BIGC_S4_20170627","2017-06-27T17:54Z",394,"2017-06-27T18:05:30Z",79.50,77.00,14.40,96.55,99.68,97.29,100.45
"b579bc41-dc1f-4377-83e5-7e80d7dd1d57","d0a50b1c-a334-4d26-9089-0f8d05063665","D17","BIGC","BIGC.AOS.reaeration.station.04","BIGC_S4_20170627","2017-06-27T17:54Z",2074,"2017-06-27T22:45:30Z",53.80,54.60,25.99,53.59,52.80,53.52,52.74
"2ebcbc6d-c1b5-4f87-b16b-4b1950cabc40","d0a50b1c-a334-4d26-9089-0f8d05063665","D17","BIGC","BIGC.AOS.reaeration.station.04","BIGC_S4_20170627","2017-06-27T17:54Z",1466,"2017-06-27T21:04:10Z",49.30,50.30,21.86,53.51,52.45,53.70,52.63
"567be0e4-9e0e-4cba-b6e9-18ad2e6c764a","d0a50b1c-a334-4d26-9089-0f8d05063665","D17","BIGC","BIGC.AOS.reaeration.station.04","BIGC_S4_20170627","2017-06-27T17:54Z",1902,"2017-06-27T22:16:50Z",52.30,53.10,25.69,52.41,51.62,52.36,51.58
"bb1b04f0-f092-407f-beda-36afb904fa1f","d0a50b1c-a334-4d26-9089-0f8d05063665","D17","BIGC","BIGC.AOS.reaeration.station.04","BIGC_S4_20170627","2017-06-27T17:54Z",889,"2017-06-27T19:28:00Z",87.20,85.20,16.19,102.44,104.84,103.19,105.61
"3bb2f86c-d3ef-453f-976b-436263dd980f","d0a50b1c-a334-4d26-9089-0f8d05063665","D17","BIGC","BIGC.AOS.reaeration.station.04","BIGC_S4_20170627","2017-06-27T17:54Z",2205,"2017-06-27T23:07:20Z",54.60,56.10,26.02,55.03,53.56,54.96,53.49
"54692504-6ad4-4159-a337-0d84c9c27835","d0a50b1c-a334-4d26-9089-0f8d05063665","D17","BIGC","BIGC.AOS.reaeration.station.04","BIGC_S4_20170627","2017-06-27T17:54Z",1190,"2017-06-27T20:18:10Z",90.40,88.50,17.19,104.02,106.25,104.74,106.99
"328a0635-3917-4867-ad93-daaf56ad75d6","d0a50b1c-a334-4d26-9089-0f8d05063665","D17","BIGC","BIGC.AOS.reaeration.station.04","BIGC_S4_20170627","2017-06-27T17:54Z",2638,"2017-06-28T00:19:20Z",37.10,38.50,24.79,38.66,37.25,38.66,37.26
"b7c6bd7d-79c9-429c-a81c-001daf1c7030","d0a50b1c-a334-4d26-9089-0f8d05063665","D17","BIGC","BIGC.AOS.reaeration.station.04","BIGC_S4_20170627","2017-06-27T17:54Z",2647,"2017-06-28T00:20:31Z",,,,,,,
"d9378771-bdd0-404a-9c5c-6d6195abe62a","d0a50b1c-a334-4d26-9089-0f8d05063665","D17","BIGC","BIGC.AOS.reaeration.station.04","BIGC_S4_20170627","2017-06-27T17:54Z",150,"2017-06-27T17:24:50Z",78.70,76.20,14.00,96.47,99.63,97.21,100.40
"5ef427b0-219d-45c5-a02b-ed6251321df2","d0a50b1c-a334-4d26-9089-0f8d05063665","D17","BIGC","BIGC.AOS.reaeration.station.04","BIGC_S4_20170627","2017-06-27T17:54Z",841,"2017-06-27T19:20:00Z",86.90,84.80,16.00,102.40,104.94,103.16,105.72
"442fc3e2-79e9-4ce0-8adc-8ad588ce5d54","d0a50b1c-a334-4d26-9089-0f8d05063665","D17","BIGC","BIGC.AOS.reaeration.station.04","BIGC_S4_20170627","2017-06-27T17:54Z",1155,"2017-06-27T20:12:20Z",89.90,87.80,17.07,103.47,105.95,104.20,106.69
"20171984-db17-42f3-9139-d8bb83490c7e","d0a50b1c-a334-4d26-9089-0f8d05063665","D17","BIGC","BIGC.AOS.reaeration.station.04","BIGC_S4_20170627","2017-06-27T17:54Z",1331,"2017-06-27T20:41:40Z",46.00,46.70,17.81,54.13,53.32,54.49,53.68
"7a9633b4-96ed-4dd4-b1d7-cc8570608517","d0a50b1c-a334-4d26-9089-0f8d05063665","D17","BIGC","BIGC.AOS.reaeration.station.04","BIGC_S4_20170627","2017-06-27T17:54Z",1954,"2017-06-27T22:25:30Z",52.70,53.80,25.82,52.97,51.89,52.92,51.83
"4a1e1e65-8e6f-40e9-b6cb-f8678bed85fc","d0a50b1c-a334-4d26-9089-0f8d05063665","D17","BIGC","BIGC.AOS.reaeration.station.04","BIGC_S4_20170627","2017-06-27T17:54Z",776,"2017-06-27T19:09:10Z",85.90,83.70,15.71,101.76,104.43,102.52,105.21
"a4588415-6b8b-4ae2-b4b6-8eace1873b1a","d0a50b1c-a334-4d26-9089-0f8d05063665","D17","BIGC","BIGC.AOS.reaeration.station.04","BIGC_S4_20170627","2017-06-27T17:54Z",1046,"2017-06-27T19:54:10Z",85.60,83.30,16.70,98.99,101.73,99.70,102.46
"67cb068b-bff3-459a-a131-d61faad4302d","d0a50b1c-a334-4d26-9089-0f8d05063665","D17","BIGC","BIGC.AOS.reaeration.station.04","BIGC_S4_20170627","2017-06-27T17:54Z",1729,"2017-06-27T21:48:00Z",51.10,52.00,24.88,52.12,51.22,52.13,51.22
"a88e1b42-bb4f-4e91-be43-05af4f48e937","d0a50b1c-a334-4d26-9089-0f8d05063665","D17","BIGC","BIGC.AOS.reaeration.station.04","BIGC_S4_20170627","2017-06-27T17:54Z",431,"2017-06-27T18:11:40Z",79.60,77.30,14.48,96.74,99.62,97.48,100.38
"be723390-7fff-4b22-b5c3-1c3c203af42a","d0a50b1c-a334-4d26-9089-0f8d05063665","D17","BIGC","BIGC.AOS.reaeration.station.04","BIGC_S4_20170627","2017-06-27T17:54Z",609,"2017-06-27T18:41:20Z",80.70,78.10,15.01,96.52,99.73,97.25,100.49
"9720e040-f628-4051-b696-4036aa35b691","d0a50b1c-a334-4d26-9089-0f8d05063665","D17","BIGC","BIGC.AOS.reaeration.station.04","BIGC_S4_20170627","2017-06-27T17:54Z",241,"2017-06-27T17:40:00Z",79.00,76.60,14.12,96.69,99.72,97.44,100.49
"ea515131-b76d-437d-a926-195bfee00d82","d0a50b1c-a334-4d26-9089-0f8d05063665","D17","BIGC","BIGC.AOS.reaeration.station.04","BIGC_S4_20170627","2017-06-27T17:54Z",894,"2017-06-27T19:28:50Z",87.20,85.20,16.21,102.39,104.79,103.14,105.56
"6c7735a2-25af-41c6-a5c4-e1398026fa1f","d0a50b1c-a334-4d26-9089-0f8d05063665","D17","BIGC","BIGC.AOS.reaeration.station.04","BIGC_S4_20170627","2017-06-27T17:54Z",2171,"2017-06-27T23:01:40Z",54.40,55.70,26.01,54.65,53.37,54.58,53.30
"d5c6525c-8bb4-4390-9b93-5df70e160ba0","d0a50b1c-a334-4d26-9089-0f8d05063665","D17","BIGC","BIGC.AOS.reaeration.station.04","BIGC_S4_20170627","2017-06-27T17:54Z",2398,"2017-06-27T23:39:30Z",54.80,56.10,26.01,55.04,53.76,54.97,53.69
"16b553be-6e4d-4433-9d64-949d7f9b9efb","d0a50b1c-a334-4d26-9089-0f8d05063665","D17","BIGC","BIGC.AOS.reaeration.station.04","BIGC_S4_20170627","2017-06-27T17:54Z",742,"2017-06-27T19:03:30Z",84.70,82.60,15.57,100.75,103.31,101.50,104.09
"d343df2f-3505-4f2b-8fc6-4d0eb4e5c428","d0a50b1c-a334-4d26-9089-0f8d05063665","D17","BIGC","BIGC.AOS.reaeration.station.04","BIGC_S4_20170627","2017-06-27T17:54Z",739,"2017-06-27T19:03:00Z",84.60,82.60,15.54,100.82,103.26,101.58,104.04
"8273409d-746f-4ab8-a3eb-456356658c1a","d0a50b1c-a334-4d26-9089-0f8d05063665","D17","BIGC","BIGC.AOS.reaeration.station.04","BIGC_S4_20170627","2017-06-27T17:54Z",1842,"2017-06-27T22:06:50Z",51.70,52.70,25.46,52.24,51.25,52.21,51.22
"234a9c9b-14c9-4371-b44c-cc44f335b9c4","d0a50b1c-a334-4d26-9089-0f8d05063665","D17","BIGC","BIGC.AOS.reaeration.station.04","BIGC_S4_20170627","2017-06-27T17:54Z",225,"2017-06-27T17:37:20Z",78.90,76.60,14.12,96.69,99.60,97.44,100.36
"dbe28244-438c-4f42-9515-bc404040330a","d0a50b1c-a334-4d26-9089-0f8d05063665","D17","BIGC","BIGC.AOS.reaeration.station.04","BIGC_S4_20170627","2017-06-27T17:54Z",1896,"2017-06-27T22:15:50Z",52.30,53.50,25.66,52.83,51.65,52.79,51.61
"8b13945e-15de-41bf-9dc0-a6ec9b099260","d0a50b1c-a334-4d26-9089-0f8d05063665","D17","BIGC","BIGC.AOS.reaeration.station.04","BIGC_S4_20170627","2017-06-27T17:54Z",988,"2017-06-27T19:44:30Z",87.60,85.90,16.52,102.50,104.53,103.25,105.29
"1a28b36e-d32c-436d-95cc-d072a6d5d12f","d0a50b1c-a334-4d26-9089-0f8d05063665","D17","BIGC","BIGC.AOS.reaeration.station.04","BIGC_S4_20170627","2017-06-27T17:54Z",1912,"2017-06-27T22:18:30Z",52.40,53.50,25.71,52.78,51.70,52.74,51.65
"89527fed-0303-467a-92c5-0820092e3451","d0a50b1c-a334-4d26-9089-0f8d05063665","D17","BIGC","BIGC.AOS.reaeration.station.04","BIGC_S4_20170627","2017-06-27T17:54Z",982,"2017-06-27T19:43:30Z",87.60,85.90,16.50,102.55,104.58,103.29,105.34
"52f8e4c9-b4e0-4937-8a77-032c98240759","d0a50b1c-a334-4d26-9089-0f8d05063665","D17","BIGC","BIGC.AOS.reaeration.station.04","BIGC_S4_20170627","2017-06-27T17:54Z",2492,"2017-06-27T23:55:10Z",54.50,56.10,26.02,55.03,53.46,54.96,53.39
"ac48538a-b05b-4075-919f-00740fd8b1b3","d0a50b1c-a334-4d26-9089-0f8d05063665","D17","BIGC","BIGC.AOS.reaeration.station.04","BIGC_S4_20170627","2017-06-27T17:54Z",1338,"2017-06-27T20:42:50Z",46.10,46.70,17.96,53.96,53.26,54.31,53.61
"6f33196f-c624-4db1-91cd-6140d3b68719","d0a50b1c-a334-4d26-9089-0f8d05063665","D17","BIGC","BIGC.AOS.reaeration.station.04","BIGC_S4_20170627","2017-06-27T17:54Z",1951,"2017-06-27T22:25:00Z",52.80,53.80,25.82,52.97,51.99,52.92,51.93
"816924fe-f64b-4d02-ba7c-c83aaa5caf15","d0a50b1c-a334-4d26-9089-0f8d05063665","D17","BIGC","BIGC.AOS.reaeration.station.04","BIGC_S4_20170627","2017-06-27T17:54Z",2379,"2017-06-27T23:36:20Z",54.80,56.50,26.01,55.43,53.76,55.36,53.69
"35d8a275-784a-49a3-b227-b4f2643d0053","d0a50b1c-a334-4d26-9089-0f8d05063665","D17","BIGC","BIGC.AOS.reaeration.station.04","BIGC_S4_20170627","2017-06-27T17:54Z",1004,"2017-06-27T19:47:10Z",87.50,85.50,16.57,101.91,104.29,102.65,105.05
"64d89a9e-b225-4bb6-b188-fab617583d8f","d0a50b1c-a334-4d26-9089-0f8d05063665","D17","BIGC","BIGC.AOS.reaeration.station.04","BIGC_S4_20170627","2017-06-27T17:54Z",2563,"2017-06-28T00:07:00Z",53.40,54.90,26.03,53.84,52.37,53.77,52.30
"d919dc1b-b7fa-4fb0-8287-36ca4cd3326b","d0a50b1c-a334-4d26-9089-0f8d05063665","D17","BIGC","BIGC.AOS.reaeration.station.04","BIGC_S4_20170627","2017-06-27T17:54Z",1537,"2017-06-27T21:16:00Z",50.20,51.00,23.09,52.93,52.10,53.05,52.22
"cadf6464-b499-432e-bf38-57f4d181a5c2","d0a50b1c-a334-4d26-9089-0f8d05063665","D17","BIGC","BIGC.AOS.reaeration.station.04","BIGC_S4_20170627","2017-06-27T17:54Z",2538,"2017-06-28T00:02:50Z",53.80,55.30,26.02,54.24,52.77,54.17,52.70
"7710bae7-b804-408b-b73c-57a9fca8f11b","d0a50b1c-a334-4d26-9089-0f8d05063665","D17","BIGC","BIGC.AOS.reaeration.station.04","BIGC_S4_20170627","2017-06-27T17:54Z",413,"2017-06-27T18:08:40Z",79.50,77.30,14.43,96.85,99.61,97.60,100.37
"caa3b6fe-b4e9-4bf3-853e-2468d63ada81","d0a50b1c-a334-4d26-9089-0f8d05063665","D17","BIGC","BIGC.AOS.reaeration.station.04","BIGC_S4_20170627","2017-06-27T17:54Z",1474,"2017-06-27T21:05:30Z",49.50,50.30,22.03,53.32,52.48,53.50,52.65
"4ca5f870-d5e1-45ea-87bc-6cadfd393508","d0a50b1c-a334-4d26-9089-0f8d05063665","D17","BIGC","BIGC.AOS.reaeration.station.04","BIGC_S4_20170627","2017-06-27T17:54Z",432,"2017-06-27T18:11:50Z",79.70,77.30,14.48,96.74,99.74,97.48,100.51
"bf255b00-d813-4979-82a4-3b324bc12fc4","d0a50b1c-a334-4d26-9089-0f8d05063665","D17","BIGC","BIGC.AOS.reaeration.station.04","BIGC_S4_20170627","2017-06-27T17:54Z",1481,"2017-06-27T21:06:40Z",49.50,50.60,22.17,53.49,52.33,53.66,52.49
"e0b5572a-cdfc-438b-9e8a-f9cff3088b0c","d0a50b1c-a334-4d26-9089-0f8d05063665","D17","BIGC","BIGC.AOS.reaeration.station.04","BIGC_S4_20170627","2017-06-27T17:54Z",1198,"2017-06-27T20:19:30Z",90.40,88.50,17.21,103.97,106.20,104.69,106.94
"0cfe05ca-1d41-4615-b519-5f770ef3b121","d0a50b1c-a334-4d26-9089-0f8d05063665","D17","BIGC","BIGC.AOS.reaeration.station.04","BIGC_S4_20170627","2017-06-27T17:54Z",1376,"2017-06-27T20:49:10Z",47.20,48.20,19.16,54.25,53.13,54.57,53.43
"a2f13414-c46e-470c-8bf5-99e51d7a2a54","d0a50b1c-a334-4d26-9089-0f8d05063665","D17","BIGC","BIGC.AOS.reaeration.station.04","BIGC_S4_20170627","2017-06-27T17:54Z",817,"2017-06-27T19:16:00Z",86.60,84.10,15.90,101.79,104.82,102.55,105.60
"992a90e6-4708-4075-bfb9-6d5f7908a2b4","d0a50b1c-a334-4d26-9089-0f8d05063665","D17","BIGC","BIGC.AOS.reaeration.station.04","BIGC_S4_20170627","2017-06-27T17:54Z",1513,"2017-06-27T21:12:00Z",49.90,51.00,22.73,53.31,52.16,53.45,52.30
"33f4460a-b1ea-4c94-9939-31cae7a1884a","d0a50b1c-a334-4d26-9089-0f8d05063665","D17","BIGC","BIGC.AOS.reaeration.station.04","BIGC_S4_20170627","2017-06-27T17:54Z",231,"2017-06-27T17:38:20Z",78.90,76.60,14.12,96.69,99.60,97.44,100.36
"8573ca22-b47c-4fb5-ad8b-0ca09f77a56e","d0a50b1c-a334-4d26-9089-0f8d05063665","D17","BIGC","BIGC.AOS.reaeration.station.04","BIGC_S4_20170627","2017-06-27T17:54Z",677,"2017-06-27T18:52:40Z",81.20,78.80,15.28,96.76,99.71,97.50,100.47
"371fe04d-4400-4b3f-8764-6ca047714fae","d0a50b1c-a334-4d26-9089-0f8d05063665","D17","BIGC","BIGC.AOS.reaeration.station.04","BIGC_S4_20170627","2017-06-27T17:54Z",2332,"2017-06-27T23:28:30Z",55.10,56.50,26.01,55.43,54.06,55.36,53.99
"f9e61199-5a54-4339-aef9-9b21e7185698","d0a50b1c-a334-4d26-9089-0f8d05063665","D17","BIGC","BIGC.AOS.reaeration.station.04","BIGC_S4_20170627","2017-06-27T17:54Z",1387,"2017-06-27T20:51:00Z",47.60,48.10,19.58,53.65,53.10,53.95,53.39
"c0517f33-d059-4e4c-8168-b09820d28f78","d0a50b1c-a334-4d26-9089-0f8d05063665","D17","BIGC","BIGC.AOS.reaeration.station.04","BIGC_S4_20170627","2017-06-27T17:54Z",1429,"2017-06-27T20:58:00Z",48.80,49.60,20.98,53.73,52.86,53.96,53.09
"e6b99035-fd82-416e-ab5c-608c290f9703","d0a50b1c-a334-4d26-9089-0f8d05063665","D17","BIGC","BIGC.AOS.reaeration.station.04","BIGC_S4_20170627","2017-06-27T17:54Z",2155,"2017-06-27T22:59:00Z",54.30,55.30,26.01,54.25,53.27,54.18,53.21
"8240399d-1565-4779-a844-aa9e584fd2e9","d0a50b1c-a334-4d26-9089-0f8d05063665","D17","BIGC","BIGC.AOS.reaeration.station.04","BIGC_S4_20170627","2017-06-27T17:54Z",40,"2017-06-27T17:06:30Z",78.40,76.20,13.89,96.73,99.52,97.47,100.28
"f7f4e121-4482-405e-860b-89f660d783c5","d0a50b1c-a334-4d26-9089-0f8d05063665","D17","BIGC","BIGC.AOS.reaeration.station.04","BIGC_S4_20170627","2017-06-27T17:54Z",2231,"2017-06-27T23:11:40Z",54.80,56.10,26.02,55.03,53.75,54.96,53.68
"e1fe9a51-6da7-49e4-a0f8-2f8a6125a3ed","d0a50b1c-a334-4d26-9089-0f8d05063665","D17","BIGC","BIGC.AOS.reaeration.station.04","BIGC_S4_20170627","2017-06-27T17:54Z",2112,"2017-06-27T22:51:50Z",54.00,55.00,26.00,53.97,52.99,53.90,52.92
"0595a7cd-b4a9-473a-b7c7-32392646778d","d0a50b1c-a334-4d26-9089-0f8d05063665","D17","BIGC","BIGC.AOS.reaeration.station.04","BIGC_S4_20170627","2017-06-27T17:54Z",693,"2017-06-27T18:55:20Z",81.40,79.20,15.35,97.10,99.79,97.83,100.55
"cc6befae-59c5-4a7a-837d-e8b24d38e1fe","d0a50b1c-a334-4d26-9089-0f8d05063665","D17","BIGC","BIGC.AOS.reaeration.station.04","BIGC_S4_20170627","2017-06-27T17:54Z",1002,"2017-06-27T19:46:50Z",87.60,85.50,16.56,101.93,104.44,102.67,105.19
"fd17d8da-5c7c-43d5-9219-a66cdd42965b","d0a50b1c-a334-4d26-9089-0f8d05063665","D17","BIGC","BIGC.AOS.reaeration.station.04","BIGC_S4_20170627","2017-06-27T17:54Z",1315,"2017-06-27T20:39:00Z",91.10,89.30,17.58,104.05,106.14,104.75,106.86
"691cdd48-8e35-4504-b68a-f80f8f33fb7a","d0a50b1c-a334-4d26-9089-0f8d05063665","D17","BIGC","BIGC.AOS.reaeration.station.04","BIGC_S4_20170627","2017-06-27T17:54Z",2065,"2017-06-27T22:44:00Z",53.80,54.60,25.97,53.61,52.82,53.54,52.76
"46630966-01d4-4cc6-b934-753d551050ba","d0a50b1c-a334-4d26-9089-0f8d05063665","D17","BIGC","BIGC.AOS.reaeration.station.04","BIGC_S4_20170627","2017-06-27T17:54Z",1027,"2017-06-27T19:51:00Z",86.60,84.40,16.64,100.44,103.06,101.16,103.80
"e989fcf7-2c10-4fa1-8bf6-26e4229cad3a","d0a50b1c-a334-4d26-9089-0f8d05063665","D17","BIGC","BIGC.AOS.reaeration.station.04","BIGC_S4_20170627","2017-06-27T17:54Z",932,"2017-06-27T19:35:10Z",87.40,85.60,16.34,102.56,104.72,103.32,105.49
"ab67ea33-ac2c-454c-958d-5c4c96484e03","d0a50b1c-a334-4d26-9089-0f8d05063665","D17","BIGC","BIGC.AOS.reaeration.station.04","BIGC_S4_20170627","2017-06-27T17:54Z",477,"2017-06-27T18:19:20Z",79.90,77.70,14.58,97.01,99.75,97.75,100.52
"1aafaf05-ad69-477b-b052-fdbeda26f968","d0a50b1c-a334-4d26-9089-0f8d05063665","D17","BIGC","BIGC.AOS.reaeration.station.04","BIGC_S4_20170627","2017-06-27T17:54Z",12,"2017-06-27T17:01:50Z",78.50,76.20,13.87,96.77,99.69,97.51,100.46
"9f473daf-563a-49ea-8f70-aab977a97b55","d0a50b1c-a334-4d26-9089-0f8d05063665","D17","BIGC","BIGC.AOS.reaeration.station.04","BIGC_S4_20170627","2017-06-27T17:54Z",38,"2017-06-27T17:06:10Z",78.40,76.20,13.89,96.73,99.52,97.47,100.28
"1505f675-3e32-4dd3-92dc-9a569218f3f1","d0a50b1c-a334-4d26-9089-0f8d05063665","D17","BIGC","BIGC.AOS.reaeration.station.04","BIGC_S4_20170627","2017-06-27T17:54Z",1593,"2017-06-27T21:25:20Z",50.30,51.30,23.76,52.54,51.52,52.62,51.60
"0c621958-857a-4108-ae16-d8a2bfb5f1ca","d0a50b1c-a334-4d26-9089-0f8d05063665","D17","BIGC","BIGC.AOS.reaeration.station.04","BIGC_S4_20170627","2017-06-27T17:54Z",586,"2017-06-27T18:37:30Z",80.50,78.10,14.91,96.74,99.72,97.48,100.48
"b015478a-8476-40c9-8ac6-f5e1cc3d26f4","d0a50b1c-a334-4d26-9089-0f8d05063665","D17","BIGC","BIGC.AOS.reaeration.station.04","BIGC_S4_20170627","2017-06-27T17:54Z",1152,"2017-06-27T20:11:50Z",89.80,87.80,17.04,103.54,105.90,104.27,106.65
"5d0d9efd-2a79-4d4a-aefd-1baf35b5885c","d0a50b1c-a334-4d26-9089-0f8d05063665","D17","BIGC","BIGC.AOS.reaeration.station.04","BIGC_S4_20170627","2017-06-27T17:54Z",772,"2017-06-27T19:08:30Z",85.90,83.70,15.71,101.76,104.43,102.52,105.21
"45cd7ac3-4f88-4d88-8f70-79edf03a78e5","d0a50b1c-a334-4d26-9089-0f8d05063665","D17","BIGC","BIGC.AOS.reaeration.station.04","BIGC_S4_20170627","2017-06-27T17:54Z",80,"2017-06-27T17:13:10Z",78.50,76.20,13.92,96.65,99.57,97.40,100.34
"685e618e-514d-4bc9-8b77-6edf062b6fe2","d0a50b1c-a334-4d26-9089-0f8d05063665","D17","BIGC","BIGC.AOS.reaeration.station.04","BIGC_S4_20170627","2017-06-27T17:54Z",1723,"2017-06-27T21:47:00Z",50.90,52.00,24.84,52.16,51.06,52.17,51.07
"cfdd96e5-e595-447b-b7b8-2115086f34c1","d0a50b1c-a334-4d26-9089-0f8d05063665","D17","BIGC","BIGC.AOS.reaeration.station.04","BIGC_S4_20170627","2017-06-27T17:54Z",829,"2017-06-27T19:18:00Z",86.70,84.50,15.95,102.16,104.82,102.92,105.60
"61aa2593-9eb1-4dd7-a9a7-deb2de41000e","d0a50b1c-a334-4d26-9089-0f8d05063665","D17","BIGC","BIGC.AOS.reaeration.station.04","BIGC_S4_20170627","2017-06-27T17:54Z",1383,"2017-06-27T20:50:20Z",47.50,48.10,19.43,53.83,53.16,54.13,53.45
"2e4822a6-7c98-4800-9eac-c2532926cc8e","d0a50b1c-a334-4d26-9089-0f8d05063665","D17","BIGC","BIGC.AOS.reaeration.station.04","BIGC_S4_20170627","2017-06-27T17:54Z",1417,"2017-06-27T20:56:00Z",48.40,49.20,20.63,53.68,52.81,53.93,53.05
"3e43138c-edb0-4e52-b9b5-9ac26ed1c610","d0a50b1c-a334-4d26-9089-0f8d05063665","D17","BIGC","BIGC.AOS.reaeration.station.04","BIGC_S4_20170627","2017-06-27T17:54Z",2324,"2017-06-27T23:27:10Z",54.80,56.50,26.01,55.43,53.76,55.36,53.69
"f58b02d4-7e4a-4f68-97c1-4da16cf990d1","d0a50b1c-a334-4d26-9089-0f8d05063665","D17","BIGC","BIGC.AOS.reaeration.station.04","BIGC_S4_20170627","2017-06-27T17:54Z",1147,"2017-06-27T20:11:00Z",89.60,87.80,17.03,103.57,105.69,104.29,106.43
"9f751986-77b2-4d24-8679-9939f3ae3c4e","d0a50b1c-a334-4d26-9089-0f8d05063665","D17","BIGC","BIGC.AOS.reaeration.station.04","BIGC_S4_20170627","2017-06-27T17:54Z",1349,"2017-06-27T20:44:40Z",46.30,47.10,18.30,54.01,53.09,54.36,53.43
"4f409e66-46ce-44c1-aedc-baf265cef99f","d0a50b1c-a334-4d26-9089-0f8d05063665","D17","BIGC","BIGC.AOS.reaeration.station.04","BIGC_S4_20170627","2017-06-27T17:54Z",1544,"2017-06-27T21:17:10Z",50.20,51.00,23.18,52.84,52.01,52.95,52.12
"09c7be27-ac3e-4881-b664-12bcff453e32","d0a50b1c-a334-4d26-9089-0f8d05063665","D17","BIGC","BIGC.AOS.reaeration.station.04","BIGC_S4_20170627","2017-06-27T17:54Z",830,"2017-06-27T19:18:10Z",86.70,84.80,15.95,102.52,104.82,103.28,105.60
"f2ee50de-c54e-465e-b28e-43d6bc7abb52","d0a50b1c-a334-4d26-9089-0f8d05063665","D17","BIGC","BIGC.AOS.reaeration.station.04","BIGC_S4_20170627","2017-06-27T17:54Z",180,"2017-06-27T17:29:50Z",78.80,76.20,14.04,96.37,99.66,97.11,100.43
"979447a0-e678-44ea-b446-636a982445e5","d0a50b1c-a334-4d26-9089-0f8d05063665","D17","BIGC","BIGC.AOS.reaeration.station.04","BIGC_S4_20170627","2017-06-27T17:54Z",1268,"2017-06-27T20:31:10Z",91.10,89.30,17.44,104.37,106.47,105.09,107.20
"d7ed14d8-8fc5-4ed1-b9b7-c19e7356d65d","d0a50b1c-a334-4d26-9089-0f8d05063665","D17","BIGC","BIGC.AOS.reaeration.station.04","BIGC_S4_20170627","2017-06-27T17:54Z",111,"2017-06-27T17:18:20Z",78.60,76.20,13.96,96.56,99.60,97.30,100.37
"abab944e-5d41-4751-8e07-cefde429e907","d0a50b1c-a334-4d26-9089-0f8d05063665","D17","BIGC","BIGC.AOS.reaeration.station.04","BIGC_S4_20170627","2017-06-27T17:54Z",816,"2017-06-27T19:15:50Z",86.60,84.80,15.89,102.66,104.84,103.43,105.62
"c73f2316-606a-455c-88d4-e1f7b5860038","d0a50b1c-a334-4d26-9089-0f8d05063665","D17","BIGC","BIGC.AOS.reaeration.station.04","BIGC_S4_20170627","2017-06-27T17:54Z",767,"2017-06-27T19:07:40Z",85.80,83.70,15.67,101.85,104.41,102.62,105.19
"7a4b1302-8283-4810-8f34-5d4c12518d61","d0a50b1c-a334-4d26-9089-0f8d05063665","D17","BIGC","BIGC.AOS.reaeration.station.04","BIGC_S4_20170627","2017-06-27T17:54Z",2262,"2017-06-27T23:16:50Z",54.90,56.10,26.02,55.03,53.85,54.96,53.78
"ed8bac75-79f7-44f9-8339-3c4e8e86dc4d","d0a50b1c-a334-4d26-9089-0f8d05063665","D17","BIGC","BIGC.AOS.reaeration.station.04","BIGC_S4_20170627","2017-06-27T17:54Z",2188,"2017-06-27T23:04:30Z",54.60,56.10,26.01,55.04,53.57,54.97,53.50
"a3104b69-6db1-4c91-8e13-58717f1a7ea9","d0a50b1c-a334-4d26-9089-0f8d05063665","D17","BIGC","BIGC.AOS.reaeration.station.04","BIGC_S4_20170627","2017-06-27T17:54Z",707,"2017-06-27T18:57:40Z",81.70,79.50,15.41,97.33,100.02,98.06,100.78
"91a3d540-c760-4e19-a953-94c4006aa384","d0a50b1c-a334-4d26-9089-0f8d05063665","D17","BIGC","BIGC.AOS.reaeration.station.04","BIGC_S4_20170627","2017-06-27T17:54Z",1834,"2017-06-27T22:05:30Z",51.60,52.40,25.43,51.97,51.18,51.95,51.15
"1dc81434-6095-4187-90dc-e41096fb22ab","d0a50b1c-a334-4d26-9089-0f8d05063665","D17","BIGC","BIGC.AOS.reaeration.station.04","BIGC_S4_20170627","2017-06-27T17:54Z",207,"2017-06-27T17:34:20Z",78.90,76.60,14.10,96.74,99.65,97.48,100.41
"7b184568-881c-49f0-ba1c-cb50c65d6625","d0a50b1c-a334-4d26-9089-0f8d05063665","D17","BIGC","BIGC.AOS.reaeration.station.04","BIGC_S4_20170627","2017-06-27T17:54Z",840,"2017-06-27T19:19:50Z",86.80,84.80,16.00,102.40,104.82,103.16,105.60
"41f40820-80f8-4bd1-ab97-d64a8088dea5","d0a50b1c-a334-4d26-9089-0f8d05063665","D17","BIGC","BIGC.AOS.reaeration.station.04","BIGC_S4_20170627","2017-06-27T17:54Z",1365,"2017-06-27T20:47:20Z",46.80,47.80,18.75,54.28,53.14,54.61,53.47
"7156808f-7612-4620-92cd-f35d5b231d14","d0a50b1c-a334-4d26-9089-0f8d05063665","D17","BIGC","BIGC.AOS.reaeration.station.04","BIGC_S4_20170627","2017-06-27T17:54Z",1646,"2017-06-27T21:34:10Z",50.60,51.30,24.29,52.01,51.30,52.05,51.34
"3033d51f-15d5-4310-915d-e9bfa0d2d4bd","d0a50b1c-a334-4d26-9089-0f8d05063665","D17","BIGC","BIGC.AOS.reaeration.station.04","BIGC_S4_20170627","2017-06-27T17:54Z",587,"2017-06-27T18:37:40Z",80.50,78.40,14.91,97.12,99.72,97.86,100.48
"32a8cb6f-7c7b-42fa-b940-22bd42b2dd4b","d0a50b1c-a334-4d26-9089-0f8d05063665","D17","BIGC","BIGC.AOS.reaeration.station.04","BIGC_S4_20170627","2017-06-27T17:54Z",461,"2017-06-27T18:16:40Z",79.70,77.30,14.54,96.60,99.60,97.34,100.36
"dd6c1b05-2e5c-413a-ae7e-fc276be03eb2","d0a50b1c-a334-4d26-9089-0f8d05063665","D17","BIGC","BIGC.AOS.reaeration.station.04","BIGC_S4_20170627","2017-06-27T17:54Z",2087,"2017-06-27T22:47:40Z",53.90,54.60,25.99,53.59,52.90,53.52,52.83
"9c68220b-fb12-4b2a-aaef-55b21584abd8","d0a50b1c-a334-4d26-9089-0f8d05063665","D17","BIGC","BIGC.AOS.reaeration.station.04","BIGC_S4_20170627","2017-06-27T17:54Z",1519,"2017-06-27T21:13:00Z",50.00,50.60,22.83,52.79,52.16,52.92,52.29
"5c640bec-1874-496a-b022-38125dc8e757","d0a50b1c-a334-4d26-9089-0f8d05063665","D17","BIGC","BIGC.AOS.reaeration.station.04","BIGC_S4_20170627","2017-06-27T17:54Z",1281,"2017-06-27T20:33:20Z",91.10,89.30,17.50,104.23,106.33,104.94,107.06
"3c582fe2-dcba-46a7-bd8a-2716f696a292","d0a50b1c-a334-4d26-9089-0f8d05063665","D17","BIGC","BIGC.AOS.reaeration.station.04","BIGC_S4_20170627","2017-06-27T17:54Z",1232,"2017-06-27T20:25:10Z",90.70,88.90,17.33,104.16,106.27,104.88,107.00
"6ad6b372-0de4-459a-9212-a5b960f5fa60","d0a50b1c-a334-4d26-9089-0f8d05063665","D17","BIGC","BIGC.AOS.reaeration.station.04","BIGC_S4_20170627","2017-06-27T17:54Z",1039,"2017-06-27T19:53:00Z",86.00,83.60,16.68,99.40,102.25,100.11,102.98
"8d04d340-746f-42ea-91ab-3988c3ad7589","d0a50b1c-a334-4d26-9089-0f8d05063665","D17","BIGC","BIGC.AOS.reaeration.station.04","BIGC_S4_20170627","2017-06-27T17:54Z",1901,"2017-06-27T22:16:40Z",52.20,53.50,25.68,52.81,51.53,52.77,51.49
"9376c7fa-05a7-4ccb-b33e-0361d51dca7e","d0a50b1c-a334-4d26-9089-0f8d05063665","D17","BIGC","BIGC.AOS.reaeration.station.04","BIGC_S4_20170627","2017-06-27T17:54Z",2148,"2017-06-27T22:57:50Z",54.20,55.70,26.01,54.65,53.17,54.58,53.11
"18e9d8d1-da5c-4682-b2ff-d803e363b52a","d0a50b1c-a334-4d26-9089-0f8d05063665","D17","BIGC","BIGC.AOS.reaeration.station.04","BIGC_S4_20170627","2017-06-27T17:54Z",1622,"2017-06-27T21:30:10Z",50.50,51.30,24.07,52.23,51.41,52.29,51.47
"229dff74-6cd1-4297-b170-468a3e070de5","d0a50b1c-a334-4d26-9089-0f8d05063665","D17","BIGC","BIGC.AOS.reaeration.station.04","BIGC_S4_20170627","2017-06-27T17:54Z",2277,"2017-06-27T23:19:20Z",54.90,56.10,26.02,55.03,53.85,54.96,53.78
"6c29bad4-8a17-4f4e-af43-1c79ded9e85a","d0a50b1c-a334-4d26-9089-0f8d05063665","D17","BIGC","BIGC.AOS.reaeration.station.04","BIGC_S4_20170627","2017-06-27T17:54Z",1192,"2017-06-27T20:18:30Z",90.40,88.50,17.19,104.02,106.25,104.74,106.99
"75ea1ef3-00e6-4cf1-b8de-8fde5a92e60f","d0a50b1c-a334-4d26-9089-0f8d05063665","D17","BIGC","BIGC.AOS.reaeration.station.04","BIGC_S4_20170627","2017-06-27T17:54Z",1235,"2017-06-27T20:25:40Z",90.70,88.90,17.33,104.16,106.27,104.88,107.00
"ac0ec83a-7f35-4f4d-8026-5729caf76757","d0a50b1c-a334-4d26-9089-0f8d05063665","D17","BIGC","BIGC.AOS.reaeration.station.04","BIGC_S4_20170627","2017-06-27T17:54Z",2535,"2017-06-28T00:02:20Z",54.00,55.30,26.02,54.24,52.97,54.17,52.90
"83e20740-ff44-44d2-a757-7b84b5b30f64","d0a50b1c-a334-4d26-9089-0f8d05063665","D17","BIGC","BIGC.AOS.reaeration.station.04","BIGC_S4_20170627","2017-06-27T17:54Z",504,"2017-06-27T18:23:50Z",80.00,77.70,14.65,96.84,99.71,97.59,100.48
"bbab84af-b02d-4473-b5e4-39df6503cabf","d0a50b1c-a334-4d26-9089-0f8d05063665","D17","BIGC","BIGC.AOS.reaeration.station.04","BIGC_S4_20170627","2017-06-27T17:54Z",133,"2017-06-27T17:22:00Z",78.60,76.60,13.99,97.00,99.53,97.74,100.29
"efbdea32-2410-4d0e-beb0-e6d6e65333ec","d0a50b1c-a334-4d26-9089-0f8d05063665","D17","BIGC","BIGC.AOS.reaeration.station.04","BIGC_S4_20170627","2017-06-27T17:54Z",1400,"2017-06-27T20:53:10Z",48.00,48.90,20.07,53.98,52.99,54.26,53.26
"5d792ebc-26d2-4fbd-be59-2ac13e605952","d0a50b1c-a334-4d26-9089-0f8d05063665","D17","BIGC","BIGC.AOS.reaeration.station.04","BIGC_S4_20170627","2017-06-27T17:54Z",897,"2017-06-27T19:29:20Z",87.20,85.20,16.22,102.37,104.77,103.12,105.54
"adda126e-1a34-49ec-a4a2-230ee9eba6cd","d0a50b1c-a334-4d26-9089-0f8d05063665","D17","BIGC","BIGC.AOS.reaeration.station.04","BIGC_S4_20170627","2017-06-27T17:54Z",467,"2017-06-27T18:17:40Z",79.80,77.30,14.55,96.58,99.70,97.32,100.46
"74fafb1e-3ca4-4802-b285-2d3b68e828e0","d0a50b1c-a334-4d26-9089-0f8d05063665","D17","BIGC","BIGC.AOS.reaeration.station.04","BIGC_S4_20170627","2017-06-27T17:54Z",2426,"2017-06-27T23:44:10Z",54.80,56.10,26.01,55.04,53.76,54.97,53.69
"0ff3631b-33dd-4374-8578-73deba288fb3","d0a50b1c-a334-4d26-9089-0f8d05063665","D17","BIGC","BIGC.AOS.reaeration.station.04","BIGC_S4_20170627","2017-06-27T17:54Z",2226,"2017-06-27T23:10:50Z",54.80,56.10,26.02,55.03,53.75,54.96,53.68
"d02c254c-629f-4574-8e48-07c3328d63ca","d0a50b1c-a334-4d26-9089-0f8d05063665","D17","BIGC","BIGC.AOS.reaeration.station.04","BIGC_S4_20170627","2017-06-27T17:54Z",338,"2017-06-27T17:56:10Z",79.30,77.00,14.30,96.78,99.67,97.52,100.44
"3c6b4439-9a9f-4ebc-b132-b7cf58829123","d0a50b1c-a334-4d26-9089-0f8d05063665","D17","BIGC","BIGC.AOS.reaeration.station.04","BIGC_S4_20170627","2017-06-27T17:54Z",1855,"2017-06-27T22:09:00Z",51.80,52.70,25.52,52.18,51.29,52.15,51.26
"5e10d18d-de27-409c-8c31-5db87058279f","d0a50b1c-a334-4d26-9089-0f8d05063665","D17","BIGC","BIGC.AOS.reaeration.station.04","BIGC_S4_20170627","2017-06-27T17:54Z",1258,"2017-06-27T20:29:30Z",90.90,89.30,17.40,104.46,106.34,105.18,107.07
"cc9175e1-851a-426a-9056-97bccfd4249e","d0a50b1c-a334-4d26-9089-0f8d05063665","D17","BIGC","BIGC.AOS.reaeration.station.04","BIGC_S4_20170627","2017-06-27T17:54Z",21,"2017-06-27T17:03:20Z",78.50,76.20,13.87,96.77,99.69,97.51,100.46
"5ba60124-d7f0-4e1e-8732-8a1e00663836","d0a50b1c-a334-4d26-9089-0f8d05063665","D17","BIGC","BIGC.AOS.reaeration.station.04","BIGC_S4_20170627","2017-06-27T17:54Z",1554,"2017-06-27T21:18:50Z",50.20,51.00,23.32,52.69,51.86,52.79,51.97
"66c2abc5-602e-47b7-98f3-445df8f336b3","d0a50b1c-a334-4d26-9089-0f8d05063665","D17","BIGC","BIGC.AOS.reaeration.station.04","BIGC_S4_20170627","2017-06-27T17:54Z",965,"2017-06-27T19:40:40Z",87.60,85.60,16.44,102.33,104.72,103.08,105.48
"7d52eb59-b2e9-4af0-8792-62ec61d45ea9","d0a50b1c-a334-4d26-9089-0f8d05063665","D17","BIGC","BIGC.AOS.reaeration.station.04","BIGC_S4_20170627","2017-06-27T17:54Z",1543,"2017-06-27T21:17:00Z",50.20,51.30,23.17,53.16,52.02,53.27,52.13
"4cc63de2-8eb3-4ac7-a917-1e3a80ca9a71","d0a50b1c-a334-4d26-9089-0f8d05063665","D17","BIGC","BIGC.AOS.reaeration.station.04","BIGC_S4_20170627","2017-06-27T17:54Z",1815,"2017-06-27T22:02:20Z",51.50,52.40,25.34,52.06,51.17,52.04,51.15
"2eb5b71c-782d-4741-8bd6-f60ec35e353e","d0a50b1c-a334-4d26-9089-0f8d05063665","D17","BIGC","BIGC.AOS.reaeration.station.04","BIGC_S4_20170627","2017-06-27T17:54Z",1181,"2017-06-27T20:16:40Z",90.30,88.20,17.15,103.76,106.23,104.48,106.97
"ea919289-a637-40d5-abea-f0bd7536c96a","d0a50b1c-a334-4d26-9089-0f8d05063665","D17","BIGC","BIGC.AOS.reaeration.station.04","BIGC_S4_20170627","2017-06-27T17:54Z",437,"2017-06-27T18:12:40Z",79.70,77.30,14.48,96.74,99.74,97.48,100.51
"8ec8d220-670d-4c88-9cc8-c94e917ff3eb","d0a50b1c-a334-4d26-9089-0f8d05063665","D17","BIGC","BIGC.AOS.reaeration.station.04","BIGC_S4_20170627","2017-06-27T17:54Z",1304,"2017-06-27T20:37:10Z",91.30,89.30,17.55,104.12,106.45,104.82,107.17
"12aaae9c-46cb-4652-8501-b71c1894b473","d0a50b1c-a334-4d26-9089-0f8d05063665","D17","BIGC","BIGC.AOS.reaeration.station.04","BIGC_S4_20170627","2017-06-27T17:54Z",1588,"2017-06-27T21:24:30Z",50.30,51.30,23.70,52.61,51.58,52.69,51.66
"2d66b1ac-51de-4935-b596-104f0cc90bb9","d0a50b1c-a334-4d26-9089-0f8d05063665","D17","BIGC","BIGC.AOS.reaeration.station.04","BIGC_S4_20170627","2017-06-27T17:54Z",1059,"2017-06-27T19:56:20Z",85.40,83.20,16.73,98.81,101.42,99.52,102.15
"19b3cf1d-1c7a-439f-be9d-c2d105e291aa","d0a50b1c-a334-4d26-9089-0f8d05063665","D17","BIGC","BIGC.AOS.reaeration.station.04","BIGC_S4_20170627","2017-06-27T17:54Z",2069,"2017-06-27T22:44:40Z",53.80,55.00,25.99,53.98,52.80,53.91,52.74
"ff2ad47a-7dda-4e74-bfd3-479b5bdbd731","d0a50b1c-a334-4d26-9089-0f8d05063665","D17","BIGC","BIGC.AOS.reaeration.station.04","BIGC_S4_20170627","2017-06-27T17:54Z",470,"2017-06-27T18:18:10Z",79.70,77.70,14.57,97.03,99.53,97.77,100.29
"3178bf3b-9ff9-43cf-bcfc-50726f9e4392","d0a50b1c-a334-4d26-9089-0f8d05063665","D17","BIGC","BIGC.AOS.reaeration.station.04","BIGC_S4_20170627","2017-06-27T17:54Z",1017,"2017-06-27T19:49:20Z",86.90,84.80,16.60,101.01,103.51,101.73,104.25
"9d3742e9-a456-4051-b0da-366e716133c1","d0a50b1c-a334-4d26-9089-0f8d05063665","D17","BIGC","BIGC.AOS.reaeration.station.04","BIGC_S4_20170627","2017-06-27T17:54Z",722,"2017-06-27T19:00:10Z",83.00,81.10,15.48,99.12,101.45,99.87,102.21
"7bd7fa2c-864f-4895-ac1a-fc0922681de2","d0a50b1c-a334-4d26-9089-0f8d05063665","D17","BIGC","BIGC.AOS.reaeration.station.04","BIGC_S4_20170627","2017-06-27T17:54Z",489,"2017-06-27T18:21:20Z",79.90,77.30,14.61,96.44,99.68,97.18,100.45
"fb96b5ac-aa52-4fae-bde7-54b3c91fca2f","d0a50b1c-a334-4d26-9089-0f8d05063665","D17","BIGC","BIGC.AOS.reaeration.station.04","BIGC_S4_20170627","2017-06-27T17:54Z",102,"2017-06-27T17:16:50Z",78.50,76.20,13.95,96.58,99.50,97.33,100.26
"452aab13-9bc9-49e9-a648-44ea397ca455","d0a50b1c-a334-4d26-9089-0f8d05063665","D17","BIGC","BIGC.AOS.reaeration.station.04","BIGC_S4_20170627","2017-06-27T17:54Z",1648,"2017-06-27T21:34:30Z",50.60,51.30,24.31,51.99,51.28,52.03,51.32
"2ac9f6b6-f5ab-4595-aa7e-9baba967046f","d0a50b1c-a334-4d26-9089-0f8d05063665","D17","BIGC","BIGC.AOS.reaeration.station.04","BIGC_S4_20170627","2017-06-27T17:54Z",342,"2017-06-27T17:56:50Z",79.30,77.00,14.30,96.78,99.67,97.52,100.44
"60229cd9-63c5-42b9-b89c-b241697f93c6","d0a50b1c-a334-4d26-9089-0f8d05063665","D17","BIGC","BIGC.AOS.reaeration.station.04","BIGC_S4_20170627","2017-06-27T17:54Z",797,"2017-06-27T19:12:40Z",86.50,84.10,15.82,101.98,104.89,102.74,105.68
"9316d81d-0c62-4b41-8f3b-3ef7be645c6c","e4825723-8197-4b1e-94ac-263c5d2887ab","D17","BIGC","BIGC.AOS.reaeration.station.01","BIGC_S1_20170627","2017-06-27T17:54Z",602,"2017-06-27T18:40:10Z",82.10,,15.51,,100.28,,101.03
"d0907bff-9b25-4c09-b8db-6ede4ed601b0","e4825723-8197-4b1e-94ac-263c5d2887ab","D17","BIGC","BIGC.AOS.reaeration.station.01","BIGC_S1_20170627","2017-06-27T17:54Z",403,"2017-06-27T18:07:00Z",80.80,,14.81,,100.33,,101.09
"a31c599e-8d1d-4cc1-8ada-53cd78d7e025","e4825723-8197-4b1e-94ac-263c5d2887ab","D17","BIGC","BIGC.AOS.reaeration.station.01","BIGC_S1_20170627","2017-06-27T17:54Z",1773,"2017-06-27T21:55:20Z",52.20,,25.34,,51.86,,51.84
"bca6c981-8337-480d-8f5d-81bbf514cae1","e4825723-8197-4b1e-94ac-263c5d2887ab","D17","BIGC","BIGC.AOS.reaeration.station.01","BIGC_S1_20170627","2017-06-27T17:54Z",414,"2017-06-27T18:08:50Z",80.90,,14.85,,100.36,,101.12
"d5d2b404-3be2-4c2c-8a36-c64b7f2d33a2","e4825723-8197-4b1e-94ac-263c5d2887ab","D17","BIGC","BIGC.AOS.reaeration.station.01","BIGC_S1_20170627","2017-06-27T17:54Z",770,"2017-06-27T19:08:10Z",87.00,,16.07,,104.89,,105.67
"06f33361-a80e-41d6-ae47-1c28fc12c908","e4825723-8197-4b1e-94ac-263c5d2887ab","D17","BIGC","BIGC.AOS.reaeration.station.01","BIGC_S1_20170627","2017-06-27T17:54Z",2378,"2017-06-27T23:36:10Z",54.90,,26.10,,53.77,,53.70
"292920b9-4c5f-4e43-823d-cfd098d18d6f","e4825723-8197-4b1e-94ac-263c5d2887ab","D17","BIGC","BIGC.AOS.reaeration.station.01","BIGC_S1_20170627","2017-06-27T17:54Z",1976,"2017-06-27T22:29:10Z",53.90,,26.14,,52.75,,52.68
"a0ce838d-e122-407c-b65c-455d29b4680c","e4825723-8197-4b1e-94ac-263c5d2887ab","D17","BIGC","BIGC.AOS.reaeration.station.01","BIGC_S1_20170627","2017-06-27T17:54Z",2094,"2017-06-27T22:48:50Z",54.30,,26.10,,53.18,,53.11
"fb693de8-1d73-4c10-84b9-3a3f10378350","e4825723-8197-4b1e-94ac-263c5d2887ab","D17","BIGC","BIGC.AOS.reaeration.station.01","BIGC_S1_20170627","2017-06-27T17:54Z",2537,"2017-06-28T00:02:40Z",55.50,,26.18,,54.28,,54.20
"b66754e8-674c-41b7-8c56-c3fd561c756b","e4825723-8197-4b1e-94ac-263c5d2887ab","D17","BIGC","BIGC.AOS.reaeration.station.01","BIGC_S1_20170627","2017-06-27T17:54Z",1177,"2017-06-27T20:16:00Z",91.00,,17.48,,106.26,,106.99
"cdf7786c-8959-4c8f-aa48-7d3961cd21a2","e4825723-8197-4b1e-94ac-263c5d2887ab","D17","BIGC","BIGC.AOS.reaeration.station.01","BIGC_S1_20170627","2017-06-27T17:54Z",916,"2017-06-27T19:32:30Z",87.50,,16.58,,104.27,,105.02
"4c44e1f4-c786-48ac-b4f1-a72e2ce503f6","e4825723-8197-4b1e-94ac-263c5d2887ab","D17","BIGC","BIGC.AOS.reaeration.station.01","BIGC_S1_20170627","2017-06-27T17:54Z",1301,"2017-06-27T20:36:40Z",87.00,,17.75,,100.98,,101.66
"2f98e181-e32d-4422-92ee-b1ec215f6521","e4825723-8197-4b1e-94ac-263c5d2887ab","D17","BIGC","BIGC.AOS.reaeration.station.01","BIGC_S1_20170627","2017-06-27T17:54Z",682,"2017-06-27T18:53:30Z",86.00,,15.76,,104.43,,105.21
"7cab85bc-95e9-4e24-82f7-538ab54571b0","e4825723-8197-4b1e-94ac-263c5d2887ab","D17","BIGC","BIGC.AOS.reaeration.station.01","BIGC_S1_20170627","2017-06-27T17:54Z",1151,"2017-06-27T20:11:40Z",90.50,,17.38,,105.92,,106.64
"44d1f19b-a3ef-4258-af2e-01f453fa944b","e4825723-8197-4b1e-94ac-263c5d2887ab","D17","BIGC","BIGC.AOS.reaeration.station.01","BIGC_S1_20170627","2017-06-27T17:54Z",1077,"2017-06-27T19:59:20Z",90.10,,17.14,,106.02,,106.76
"69e0bb71-7f5e-482e-9e7f-6e4da6f811a1","e4825723-8197-4b1e-94ac-263c5d2887ab","D17","BIGC","BIGC.AOS.reaeration.station.01","BIGC_S1_20170627","2017-06-27T17:54Z",908,"2017-06-27T19:31:10Z",87.50,,16.54,,104.36,,105.12
"8045b6ae-05ed-4622-bb06-c8071c46f3fc","e4825723-8197-4b1e-94ac-263c5d2887ab","D17","BIGC","BIGC.AOS.reaeration.station.01","BIGC_S1_20170627","2017-06-27T17:54Z",1693,"2017-06-27T21:42:00Z",51.70,,24.81,,51.89,,51.90
"3ae28e47-cea0-40dd-bfc0-39ccc45a5015","e4825723-8197-4b1e-94ac-263c5d2887ab","D17","BIGC","BIGC.AOS.reaeration.station.01","BIGC_S1_20170627","2017-06-27T17:54Z",720,"2017-06-27T18:59:50Z",86.60,,15.90,,104.82,,105.60
"ea31ba1a-7f95-4e17-9554-c975e8873609","e4825723-8197-4b1e-94ac-263c5d2887ab","D17","BIGC","BIGC.AOS.reaeration.station.01","BIGC_S1_20170627","2017-06-27T17:54Z",2081,"2017-06-27T22:46:40Z",54.20,,26.10,,53.08,,53.01
"854a9b5a-eb33-45be-902b-531833b5db6e","e4825723-8197-4b1e-94ac-263c5d2887ab","D17","BIGC","BIGC.AOS.reaeration.station.01","BIGC_S1_20170627","2017-06-27T17:54Z",2466,"2017-06-27T23:50:50Z",55.20,,26.17,,53.99,,53.91
"b71575b5-687c-44bd-abbe-7a3a69db7581","e4825723-8197-4b1e-94ac-263c5d2887ab","D17","BIGC","BIGC.AOS.reaeration.station.01","BIGC_S1_20170627","2017-06-27T17:54Z",973,"2017-06-27T19:42:00Z",85.10,,16.77,,100.97,,101.69
"01c3b25b-54f6-4820-9800-63e8df4ed1e3","e4825723-8197-4b1e-94ac-263c5d2887ab","D17","BIGC","BIGC.AOS.reaeration.station.01","BIGC_S1_20170627","2017-06-27T17:54Z",55,"2017-06-27T17:09:00Z",79.40,,14.32,,99.75,,100.51
"170e7990-fbad-472e-bc6a-6ed65369d09f","e4825723-8197-4b1e-94ac-263c5d2887ab","D17","BIGC","BIGC.AOS.reaeration.station.01","BIGC_S1_20170627","2017-06-27T17:54Z",1527,"2017-06-27T21:14:20Z",49.80,,22.84,,51.94,,52.07
"8e7fffc3-43a8-4ac3-b1e5-487a865938c5","e4825723-8197-4b1e-94ac-263c5d2887ab","D17","BIGC","BIGC.AOS.reaeration.station.01","BIGC_S1_20170627","2017-06-27T17:54Z",215,"2017-06-27T17:35:40Z",79.80,,14.56,,99.68,,100.44
"fa24049e-7755-4593-8f64-2bb27d42fcc6","e4825723-8197-4b1e-94ac-263c5d2887ab","D17","BIGC","BIGC.AOS.reaeration.station.01","BIGC_S1_20170627","2017-06-27T17:54Z",874,"2017-06-27T19:25:30Z",87.70,,16.42,,104.89,,105.65
"0c7d6361-1b81-42a1-8e83-847b9334d598","e4825723-8197-4b1e-94ac-263c5d2887ab","D17","BIGC","BIGC.AOS.reaeration.station.01","BIGC_S1_20170627","2017-06-27T17:54Z",202,"2017-06-27T17:33:30Z",80.00,,14.49,,100.09,,100.86
"ceabdc44-e268-4879-aa9c-43089d095e7c","e4825723-8197-4b1e-94ac-263c5d2887ab","D17","BIGC","BIGC.AOS.reaeration.station.01","BIGC_S1_20170627","2017-06-27T17:54Z",1764,"2017-06-27T21:53:50Z",52.20,,25.30,,51.90,,51.88
"1dfa770c-732d-4390-b3c9-1590e3bee882","e4825723-8197-4b1e-94ac-263c5d2887ab","D17","BIGC","BIGC.AOS.reaeration.station.01","BIGC_S1_20170627","2017-06-27T17:54Z",644,"2017-06-27T18:47:10Z",85.30,,15.62,,103.92,,104.70
"d1b03fbf-8a65-4142-bae0-c4f5a1cc7b39","e4825723-8197-4b1e-94ac-263c5d2887ab","D17","BIGC","BIGC.AOS.reaeration.station.01","BIGC_S1_20170627","2017-06-27T17:54Z",1349,"2017-06-27T20:44:40Z",45.90,,19.56,,51.22,,51.50
"8aabca7c-5cfb-4e60-9c23-b1d541177688","e4825723-8197-4b1e-94ac-263c5d2887ab","D17","BIGC","BIGC.AOS.reaeration.station.01","BIGC_S1_20170627","2017-06-27T17:54Z",425,"2017-06-27T18:10:40Z",80.80,,14.92,,100.07,,100.83
"67840167-77d9-40ac-9d9f-19ee39648c39","e4825723-8197-4b1e-94ac-263c5d2887ab","D17","BIGC","BIGC.AOS.reaeration.station.01","BIGC_S1_20170627","2017-06-27T17:54Z",968,"2017-06-27T19:41:10Z",85.30,,16.74,,101.28,,102.00
"75baf71c-fa96-4051-8e3a-e6a1dc158203","e4825723-8197-4b1e-94ac-263c5d2887ab","D17","BIGC","BIGC.AOS.reaeration.station.01","BIGC_S1_20170627","2017-06-27T17:54Z",434,"2017-06-27T18:12:10Z",81.10,,14.90,,100.48,,101.25
"bf2e8589-75a1-4906-aaf6-106b7c801c7e","e4825723-8197-4b1e-94ac-263c5d2887ab","D17","BIGC","BIGC.AOS.reaeration.station.01","BIGC_S1_20170627","2017-06-27T17:54Z",2576,"2017-06-28T00:09:10Z",55.80,,26.18,,54.57,,54.49
"dd573548-f2e2-4f35-b785-f41724cd4632","e4825723-8197-4b1e-94ac-263c5d2887ab","D17","BIGC","BIGC.AOS.reaeration.station.01","BIGC_S1_20170627","2017-06-27T17:54Z",528,"2017-06-27T18:27:50Z",81.60,,15.22,,100.34,,101.11
"5c7c90f7-c58a-468e-881d-a9b05ebe86b6","e4825723-8197-4b1e-94ac-263c5d2887ab","D17","BIGC","BIGC.AOS.reaeration.station.01","BIGC_S1_20170627","2017-06-27T17:54Z",2174,"2017-06-27T23:02:10Z",54.50,,26.06,,53.42,,53.35
"4daeb0e3-e100-4386-97ba-03193eef2152","e4825723-8197-4b1e-94ac-263c5d2887ab","D17","BIGC","BIGC.AOS.reaeration.station.01","BIGC_S1_20170627","2017-06-27T17:54Z",1053,"2017-06-27T19:55:20Z",88.60,,17.07,,104.42,,105.15
"a1887170-7f57-4095-ab84-a23ddff515c4","e4825723-8197-4b1e-94ac-263c5d2887ab","D17","BIGC","BIGC.AOS.reaeration.station.01","BIGC_S1_20170627","2017-06-27T17:54Z",1933,"2017-06-27T22:22:00Z",53.80,,26.10,,52.69,,52.62
"b051125a-2a99-4ee9-bf47-fa54812f6465","e4825723-8197-4b1e-94ac-263c5d2887ab","D17","BIGC","BIGC.AOS.reaeration.station.01","BIGC_S1_20170627","2017-06-27T17:54Z",10,"2017-06-27T17:01:30Z",79.60,,14.15,,100.41,,101.18
"16e687c6-e561-44a3-856f-c3a963d56ba5","e4825723-8197-4b1e-94ac-263c5d2887ab","D17","BIGC","BIGC.AOS.reaeration.station.01","BIGC_S1_20170627","2017-06-27T17:54Z",2143,"2017-06-27T22:57:00Z",54.40,,26.08,,53.30,,53.23
"05374aef-e7e4-4989-b00d-fadbad84e91b","e4825723-8197-4b1e-94ac-263c5d2887ab","D17","BIGC","BIGC.AOS.reaeration.station.01","BIGC_S1_20170627","2017-06-27T17:54Z",2358,"2017-06-27T23:32:50Z",55.00,,26.08,,53.89,,53.82
"2ff86c89-fa8d-46fb-bb0c-c4bdf44a2a5b","e4825723-8197-4b1e-94ac-263c5d2887ab","D17","BIGC","BIGC.AOS.reaeration.station.01","BIGC_S1_20170627","2017-06-27T17:54Z",250,"2017-06-27T17:41:30Z",80.10,,14.53,,100.12,,100.89
"e860495d-d76b-4a13-9d8e-7471a2e39775","e4825723-8197-4b1e-94ac-263c5d2887ab","D17","BIGC","BIGC.AOS.reaeration.station.01","BIGC_S1_20170627","2017-06-27T17:54Z",1048,"2017-06-27T19:54:30Z",88.70,,17.04,,104.60,,105.34
"04c5c7f1-6572-4da1-b5d2-c7da5a23619e","e4825723-8197-4b1e-94ac-263c5d2887ab","D17","BIGC","BIGC.AOS.reaeration.station.01","BIGC_S1_20170627","2017-06-27T17:54Z",2285,"2017-06-27T23:20:40Z",54.80,,26.05,,53.72,,53.65
"c22aec27-8e78-41c3-9605-8711ba499371","e4825723-8197-4b1e-94ac-263c5d2887ab","D17","BIGC","BIGC.AOS.reaeration.station.01","BIGC_S1_20170627","2017-06-27T17:54Z",1480,"2017-06-27T21:06:30Z",49.20,,22.29,,51.89,,52.04
"d888e1db-4b55-4d8e-9276-96800fa8cf20","e4825723-8197-4b1e-94ac-263c5d2887ab","D17","BIGC","BIGC.AOS.reaeration.station.01","BIGC_S1_20170627","2017-06-27T17:54Z",576,"2017-06-27T18:35:50Z",82.10,,15.41,,100.51,,101.27
"420caf8d-c7e9-44b7-b3fe-e68ce960a342","e4825723-8197-4b1e-94ac-263c5d2887ab","D17","BIGC","BIGC.AOS.reaeration.station.01","BIGC_S1_20170627","2017-06-27T17:54Z",2198,"2017-06-27T23:06:10Z",54.60,,26.06,,53.52,,53.45
"a0395390-964b-42fc-b05d-00c76b7376db","e4825723-8197-4b1e-94ac-263c5d2887ab","D17","BIGC","BIGC.AOS.reaeration.station.01","BIGC_S1_20170627","2017-06-27T17:54Z",1347,"2017-06-27T20:44:20Z",46.10,,19.68,,51.31,,51.59
"89780271-fccc-4702-9c7e-179c148155f9","e4825723-8197-4b1e-94ac-263c5d2887ab","D17","BIGC","BIGC.AOS.reaeration.station.01","BIGC_S1_20170627","2017-06-27T17:54Z",2431,"2017-06-27T23:45:00Z",55.20,,26.15,,54.01,,53.94
"e98193ec-46da-4f8c-9a81-99c684befc14","e4825723-8197-4b1e-94ac-263c5d2887ab","D17","BIGC","BIGC.AOS.reaeration.station.01","BIGC_S1_20170627","2017-06-27T17:54Z",891,"2017-06-27T19:28:20Z",87.40,,16.48,,104.39,,105.15
"a9d115de-59f1-423a-8a56-730ba8afab2c","e4825723-8197-4b1e-94ac-263c5d2887ab","D17","BIGC","BIGC.AOS.reaeration.station.01","BIGC_S1_20170627","2017-06-27T17:54Z",1284,"2017-06-27T20:33:50Z",87.20,,17.72,,101.28,,101.96
"1d32c323-5d23-437e-9f20-5da0e88df189","e4825723-8197-4b1e-94ac-263c5d2887ab","D17","BIGC","BIGC.AOS.reaeration.station.01","BIGC_S1_20170627","2017-06-27T17:54Z",2118,"2017-06-27T22:52:50Z",54.30,,26.09,,53.19,,53.12
"29c4dfd3-05e5-4e41-b167-673c7e680a97","e4825723-8197-4b1e-94ac-263c5d2887ab","D17","BIGC","BIGC.AOS.reaeration.station.01","BIGC_S1_20170627","2017-06-27T17:54Z",513,"2017-06-27T18:25:20Z",81.20,,15.23,,99.83,,100.59
"a974256c-693f-483c-8dc0-09947953beed","e4825723-8197-4b1e-94ac-263c5d2887ab","D17","BIGC","BIGC.AOS.reaeration.station.01","BIGC_S1_20170627","2017-06-27T17:54Z",497,"2017-06-27T18:22:40Z",81.40,,15.10,,100.38,,101.15
"60848649-8bc3-4025-b5df-f8587b780754","e4825723-8197-4b1e-94ac-263c5d2887ab","D17","BIGC","BIGC.AOS.reaeration.station.01","BIGC_S1_20170627","2017-06-27T17:54Z",264,"2017-06-27T17:43:50Z",80.20,,14.55,,100.20,,100.97
"6b881771-277c-4331-a7fa-e456bfb06c31","e4825723-8197-4b1e-94ac-263c5d2887ab","D17","BIGC","BIGC.AOS.reaeration.station.01","BIGC_S1_20170627","2017-06-27T17:54Z",977,"2017-06-27T19:42:40Z",85.10,,16.78,,100.95,,101.67
"3a6c2ec9-5f37-4cf3-a92a-cd61c0ab43fb","e4825723-8197-4b1e-94ac-263c5d2887ab","D17","BIGC","BIGC.AOS.reaeration.station.01","BIGC_S1_20170627","2017-06-27T17:54Z",2274,"2017-06-27T23:18:50Z",54.70,,26.05,,53.62,,53.55
"c7f33d1e-5403-46ea-a791-21fd91850763","e4825723-8197-4b1e-94ac-263c5d2887ab","D17","BIGC","BIGC.AOS.reaeration.station.01","BIGC_S1_20170627","2017-06-27T17:54Z",2284,"2017-06-27T23:20:30Z",54.80,,26.05,,53.72,,53.65
"c0c8572e-1ceb-40f3-9208-e1a3db16b343","e4825723-8197-4b1e-94ac-263c5d2887ab","D17","BIGC","BIGC.AOS.reaeration.station.01","BIGC_S1_20170627","2017-06-27T17:54Z",848,"2017-06-27T19:21:10Z",87.60,,16.35,,104.94,,105.70
"9b57d21c-a7d0-4b46-9092-3d17cf79e0f6","e4825723-8197-4b1e-94ac-263c5d2887ab","D17","BIGC","BIGC.AOS.reaeration.station.01","BIGC_S1_20170627","2017-06-27T17:54Z",110,"2017-06-27T17:18:10Z",79.50,,14.39,,99.71,,100.47
"f34894b2-98e7-4167-a7e2-4c7042206f44","e4825723-8197-4b1e-94ac-263c5d2887ab","D17","BIGC","BIGC.AOS.reaeration.station.01","BIGC_S1_20170627","2017-06-27T17:54Z",718,"2017-06-27T18:59:30Z",86.30,,15.90,,104.46,,105.23
"9ad8d7ec-155d-47bd-bab8-fa0897af0e01","e4825723-8197-4b1e-94ac-263c5d2887ab","D17","BIGC","BIGC.AOS.reaeration.station.01","BIGC_S1_20170627","2017-06-27T17:54Z",1774,"2017-06-27T21:55:30Z",52.20,,25.34,,51.86,,51.84
"399c380c-0030-4671-8826-bc55bf189885","e4825723-8197-4b1e-94ac-263c5d2887ab","D17","BIGC","BIGC.AOS.reaeration.station.01","BIGC_S1_20170627","2017-06-27T17:54Z",2600,"2017-06-28T00:13:10Z",54.30,,25.42,,53.87,,53.84
"f94ec0ab-c7db-4b55-9bfd-16b1155a7aa4","e4825723-8197-4b1e-94ac-263c5d2887ab","D17","BIGC","BIGC.AOS.reaeration.station.01","BIGC_S1_20170627","2017-06-27T17:54Z",1247,"2017-06-27T20:27:40Z",88.60,,17.66,,103.05,,103.74
"bb7d4826-3575-4b1d-9417-927bc7bbf990","e4825723-8197-4b1e-94ac-263c5d2887ab","D17","BIGC","BIGC.AOS.reaeration.station.01","BIGC_S1_20170627","2017-06-27T17:54Z",785,"2017-06-27T19:10:40Z",86.90,,16.14,,104.60,,105.37
"0c914bb8-63ac-421d-b2e6-6ecf065543ed","e4825723-8197-4b1e-94ac-263c5d2887ab","D17","BIGC","BIGC.AOS.reaeration.station.01","BIGC_S1_20170627","2017-06-27T17:54Z",1045,"2017-06-27T19:54:00Z",89.20,,17.03,,105.22,,105.96
"63bf386f-dece-4a5f-a91c-d8cb010cae86","e4825723-8197-4b1e-94ac-263c5d2887ab","D17","BIGC","BIGC.AOS.reaeration.station.01","BIGC_S1_20170627","2017-06-27T17:54Z",2015,"2017-06-27T22:35:40Z",54.10,,26.14,,52.95,,52.87
"5bc83555-9824-474e-b7e1-e69b82e72f98","e4825723-8197-4b1e-94ac-263c5d2887ab","D17","BIGC","BIGC.AOS.reaeration.station.01","BIGC_S1_20170627","2017-06-27T17:54Z",1964,"2017-06-27T22:27:10Z",53.90,,26.14,,52.75,,52.68
"eaf9bf02-ac2e-49a3-8c63-1b59a39921ad","e4825723-8197-4b1e-94ac-263c5d2887ab","D17","BIGC","BIGC.AOS.reaeration.station.01","BIGC_S1_20170627","2017-06-27T17:54Z",260,"2017-06-27T17:43:10Z",80.10,,14.56,,100.05,,100.82
"eeae7a02-fd9f-49f0-bb2d-b602d775e65b","e4825723-8197-4b1e-94ac-263c5d2887ab","D17","BIGC","BIGC.AOS.reaeration.station.01","BIGC_S1_20170627","2017-06-27T17:54Z",1746,"2017-06-27T21:50:50Z",52.10,,25.21,,51.89,,51.88
"686a96f3-199f-4f8e-a777-0108b070c836","e4825723-8197-4b1e-94ac-263c5d2887ab","D17","BIGC","BIGC.AOS.reaeration.station.01","BIGC_S1_20170627","2017-06-27T17:54Z",1632,"2017-06-27T21:31:50Z",51.10,,24.10,,51.99,,52.05
"3642e79a-d66c-4796-b148-d04775c1e86c","e4825723-8197-4b1e-94ac-263c5d2887ab","D17","BIGC","BIGC.AOS.reaeration.station.01","BIGC_S1_20170627","2017-06-27T17:54Z",626,"2017-06-27T18:44:10Z",82.30,,15.57,,100.38,,101.14
"7d87e95e-a25f-4e8f-9d15-8ce831222363","e4825723-8197-4b1e-94ac-263c5d2887ab","D17","BIGC","BIGC.AOS.reaeration.station.01","BIGC_S1_20170627","2017-06-27T17:54Z",929,"2017-06-27T19:34:40Z",86.50,,16.62,,102.98,,103.73
"cdac6c01-4eca-4b79-8ee6-dc4f3bea175d","e4825723-8197-4b1e-94ac-263c5d2887ab","D17","BIGC","BIGC.AOS.reaeration.station.01","BIGC_S1_20170627","2017-06-27T17:54Z",1804,"2017-06-27T22:00:30Z",52.60,,25.55,,52.05,,52.02
"8b511b58-0f7a-4455-827e-7dc369eb02f6","e4825723-8197-4b1e-94ac-263c5d2887ab","D17","BIGC","BIGC.AOS.reaeration.station.01","BIGC_S1_20170627","2017-06-27T17:54Z",217,"2017-06-27T17:36:00Z",80.00,,14.50,,100.07,,100.84
"3d500bbc-ca1a-4440-aa6f-79966671ef5b","e4825723-8197-4b1e-94ac-263c5d2887ab","D17","BIGC","BIGC.AOS.reaeration.station.01","BIGC_S1_20170627","2017-06-27T17:54Z",27,"2017-06-27T17:04:20Z",79.60,,14.24,,100.19,,100.96
"6ec7a544-e307-4fdc-8ee1-81683791cc9f","e4825723-8197-4b1e-94ac-263c5d2887ab","D17","BIGC","BIGC.AOS.reaeration.station.01","BIGC_S1_20170627","2017-06-27T17:54Z",1593,"2017-06-27T21:25:20Z",50.50,,23.53,,51.96,,52.05
"2aa77e37-6ec1-4c90-8829-668a35b71d73","e4825723-8197-4b1e-94ac-263c5d2887ab","D17","BIGC","BIGC.AOS.reaeration.station.01","BIGC_S1_20170627","2017-06-27T17:54Z",165,"2017-06-27T17:27:20Z",79.90,,14.37,,100.26,,101.03
"5b69153e-8ab1-47d9-9ed2-b5ca6520df59","e4825723-8197-4b1e-94ac-263c5d2887ab","D17","BIGC","BIGC.AOS.reaeration.station.01","BIGC_S1_20170627","2017-06-27T17:54Z",2290,"2017-06-27T23:21:30Z",54.80,,26.05,,53.72,,53.65
"2e381b17-5c05-4f9e-b09a-349f77991bfd","e4825723-8197-4b1e-94ac-263c5d2887ab","D17","BIGC","BIGC.AOS.reaeration.station.01","BIGC_S1_20170627","2017-06-27T17:54Z",519,"2017-06-27T18:26:20Z",81.60,,15.19,,100.41,,101.18
"f7151085-748f-44c1-a3a2-72e4eec75c56","e4825723-8197-4b1e-94ac-263c5d2887ab","D17","BIGC","BIGC.AOS.reaeration.station.01","BIGC_S1_20170627","2017-06-27T17:54Z",539,"2017-06-27T18:29:40Z",81.80,,15.26,,100.50,,101.26
"2e55ba4f-56b1-4ca5-b95a-f5d79c504f1e","e4825723-8197-4b1e-94ac-263c5d2887ab","D17","BIGC","BIGC.AOS.reaeration.station.01","BIGC_S1_20170627","2017-06-27T17:54Z",12,"2017-06-27T17:01:50Z",79.40,,14.23,,99.96,,100.73
"51024fa9-9a28-463b-968b-fd2de47a4305","e4825723-8197-4b1e-94ac-263c5d2887ab","D17","BIGC","BIGC.AOS.reaeration.station.01","BIGC_S1_20170627","2017-06-27T17:54Z",910,"2017-06-27T19:31:30Z",87.90,,16.56,,104.79,,105.55
"637e673a-0078-4a4f-a5b5-48d887e4bfc2","e4825723-8197-4b1e-94ac-263c5d2887ab","D17","BIGC","BIGC.AOS.reaeration.station.01","BIGC_S1_20170627","2017-06-27T17:54Z",22,"2017-06-27T17:03:30Z",79.70,,14.18,,100.46,,101.23
"3fa1ad70-5da3-4704-8477-edb325e36786","e4825723-8197-4b1e-94ac-263c5d2887ab","D17","BIGC","BIGC.AOS.reaeration.station.01","BIGC_S1_20170627","2017-06-27T17:54Z",1900,"2017-06-27T22:16:30Z",53.40,,26.03,,52.37,,52.30
"e5b1bb42-401d-44e4-ad8e-7975865974af","e4825723-8197-4b1e-94ac-263c5d2887ab","D17","BIGC","BIGC.AOS.reaeration.station.01","BIGC_S1_20170627","2017-06-27T17:54Z",1094,"2017-06-27T20:02:10Z",90.50,,17.20,,106.34,,107.08
"16eacaef-dabf-4ccc-8472-f95d49ed455f","e4825723-8197-4b1e-94ac-263c5d2887ab","D17","BIGC","BIGC.AOS.reaeration.station.01","BIGC_S1_20170627","2017-06-27T17:54Z",1546,"2017-06-27T21:17:30Z",49.90,,23.03,,51.85,,51.97
"4fd6ff0d-f620-47c7-971c-db3a2c6b3752","e4825723-8197-4b1e-94ac-263c5d2887ab","D17","BIGC","BIGC.AOS.reaeration.station.01","BIGC_S1_20170627","2017-06-27T17:54Z",772,"2017-06-27T19:08:30Z",86.40,,16.10,,104.10,,104.86
"600e0582-99b2-4032-a58e-5ff271701344","e4825723-8197-4b1e-94ac-263c5d2887ab","D17","BIGC","BIGC.AOS.reaeration.station.01","BIGC_S1_20170627","2017-06-27T17:54Z",1159,"2017-06-27T20:13:00Z",90.30,,17.40,,105.63,,106.36
"64c5492d-08cd-4e19-8189-07bc22a1535f","e4825723-8197-4b1e-94ac-263c5d2887ab","D17","BIGC","BIGC.AOS.reaeration.station.01","BIGC_S1_20170627","2017-06-27T17:54Z",1768,"2017-06-27T21:54:30Z",52.20,,25.31,,51.89,,51.87
"7dc8705e-69c8-4e06-b591-bdc64b68089a","e4825723-8197-4b1e-94ac-263c5d2887ab","D17","BIGC","BIGC.AOS.reaeration.station.01","BIGC_S1_20170627","2017-06-27T17:54Z",1351,"2017-06-27T20:45:00Z",46.00,,19.70,,51.18,,51.46
"461240f7-d099-4891-90a9-c7cb69b51310","e4825723-8197-4b1e-94ac-263c5d2887ab","D17","BIGC","BIGC.AOS.reaeration.station.01","BIGC_S1_20170627","2017-06-27T17:54Z",1878,"2017-06-27T22:12:50Z",53.40,,25.96,,52.44,,52.38
"64f41ccb-d08b-4075-b920-1473394a579f","e4825723-8197-4b1e-94ac-263c5d2887ab","D17","BIGC","BIGC.AOS.reaeration.station.01","BIGC_S1_20170627","2017-06-27T17:54Z",897,"2017-06-27T19:29:20Z",87.50,,16.50,,104.46,,105.22
"90d3b2a0-43bb-47d8-af51-25bcdca17504","e4825723-8197-4b1e-94ac-263c5d2887ab","D17","BIGC","BIGC.AOS.reaeration.station.01","BIGC_S1_20170627","2017-06-27T17:54Z",730,"2017-06-27T19:01:30Z",86.20,,15.94,,104.24,,105.01
"cad4ccf0-a03d-4caa-965c-b3e4422b1454","e4825723-8197-4b1e-94ac-263c5d2887ab","D17","BIGC","BIGC.AOS.reaeration.station.01","BIGC_S1_20170627","2017-06-27T17:54Z",1182,"2017-06-27T20:16:50Z",90.40,,17.48,,105.56,,106.28
"95a5ef72-17ba-44f9-bea4-dba4c4c8de4c","e4825723-8197-4b1e-94ac-263c5d2887ab","D17","BIGC","BIGC.AOS.reaeration.station.01","BIGC_S1_20170627","2017-06-27T17:54Z",1567,"2017-06-27T21:21:00Z",50.10,,23.22,,51.86,,51.97
"7083e75a-850e-4da4-b587-fd185219d12a","e4825723-8197-4b1e-94ac-263c5d2887ab","D17","BIGC","BIGC.AOS.reaeration.station.01","BIGC_S1_20170627","2017-06-27T17:54Z",2457,"2017-06-27T23:49:20Z",55.20,,26.16,,54.00,,53.92
"7ee20e59-6f9d-4423-8dec-3f330d780b8b","e4825723-8197-4b1e-94ac-263c5d2887ab","D17","BIGC","BIGC.AOS.reaeration.station.01","BIGC_S1_20170627","2017-06-27T17:54Z",2454,"2017-06-27T23:48:50Z",55.20,,26.16,,54.00,,53.92
"393ecbe1-928e-40af-b9de-717e6fbae3c9","e4825723-8197-4b1e-94ac-263c5d2887ab","D17","BIGC","BIGC.AOS.reaeration.station.01","BIGC_S1_20170627","2017-06-27T17:54Z",622,"2017-06-27T18:43:30Z",82.30,,15.57,,100.38,,101.14
"f9b451de-5892-4618-a90b-153b24941fc4","e4825723-8197-4b1e-94ac-263c5d2887ab","D17","BIGC","BIGC.AOS.reaeration.station.01","BIGC_S1_20170627","2017-06-27T17:54Z",1699,"2017-06-27T21:43:00Z",51.80,,24.87,,51.93,,51.94
"ff039893-08d2-430e-b71b-374c73b78265","e4825723-8197-4b1e-94ac-263c5d2887ab","D17","BIGC","BIGC.AOS.reaeration.station.01","BIGC_S1_20170627","2017-06-27T17:54Z",1478,"2017-06-27T21:06:10Z",49.20,,22.26,,51.92,,52.08
"3f9fc9e6-492d-42fa-9739-7e3059a0d6c4","e4825723-8197-4b1e-94ac-263c5d2887ab","D17","BIGC","BIGC.AOS.reaeration.station.01","BIGC_S1_20170627","2017-06-27T17:54Z",79,"2017-06-27T17:13:00Z",79.70,,14.29,,100.20,,100.97
"96249328-9a4d-481e-91b2-551177dd6226","e4825723-8197-4b1e-94ac-263c5d2887ab","D17","BIGC","BIGC.AOS.reaeration.station.01","BIGC_S1_20170627","2017-06-27T17:54Z",701,"2017-06-27T18:56:40Z",86.20,,15.83,,104.50,,105.28
"24eaa216-d640-4be9-b1ae-27b1b8a7f1be","e4825723-8197-4b1e-94ac-263c5d2887ab","D17","BIGC","BIGC.AOS.reaeration.station.01","BIGC_S1_20170627","2017-06-27T17:54Z",2191,"2017-06-27T23:05:00Z",54.60,,26.06,,53.52,,53.45
"8eae97ba-b51c-402a-9b9c-cb75efb26336","e4825723-8197-4b1e-94ac-263c5d2887ab","D17","BIGC","BIGC.AOS.reaeration.station.01","BIGC_S1_20170627","2017-06-27T17:54Z",579,"2017-06-27T18:36:20Z",82.10,,15.42,,100.49,,101.25
"df3df56d-e16c-4c8c-a1be-895f4a47fab3","e4825723-8197-4b1e-94ac-263c5d2887ab","D17","BIGC","BIGC.AOS.reaeration.station.01","BIGC_S1_20170627","2017-06-27T17:54Z",416,"2017-06-27T18:09:10Z",80.60,,14.92,,99.82,,100.58
"310c109a-97a5-474c-b417-6c070965174d","e4825723-8197-4b1e-94ac-263c5d2887ab","D17","BIGC","BIGC.AOS.reaeration.station.01","BIGC_S1_20170627","2017-06-27T17:54Z",1311,"2017-06-27T20:38:20Z",43.40,,18.10,,49.99,,50.31
"daf46c38-f689-40bc-9044-569a3d8c06ae","e4825723-8197-4b1e-94ac-263c5d2887ab","D17","BIGC","BIGC.AOS.reaeration.station.01","BIGC_S1_20170627","2017-06-27T17:54Z",1069,"2017-06-27T19:58:00Z",90.10,,17.13,,106.04,,106.78
"0d87d06a-d8a5-4d65-9873-72be55ee36f2","e4825723-8197-4b1e-94ac-263c5d2887ab","D17","BIGC","BIGC.AOS.reaeration.station.01","BIGC_S1_20170627","2017-06-27T17:54Z",1590,"2017-06-27T21:24:50Z",50.40,,23.49,,51.90,,51.99
"99c6f2ef-36af-48bf-b05d-a04e4efd1eb9","e4825723-8197-4b1e-94ac-263c5d2887ab","D17","BIGC","BIGC.AOS.reaeration.station.01","BIGC_S1_20170627","2017-06-27T17:54Z",971,"2017-06-27T19:41:40Z",85.20,,16.74,,101.16,,101.88
"3d348b43-06e2-4012-ba2a-82a22e58f4bd","e4825723-8197-4b1e-94ac-263c5d2887ab","D17","BIGC","BIGC.AOS.reaeration.station.01","BIGC_S1_20170627","2017-06-27T17:54Z",1913,"2017-06-27T22:18:40Z",53.50,,26.06,,52.44,,52.37
"795e8fd5-6481-43da-9433-e7476ecb746e","e4825723-8197-4b1e-94ac-263c5d2887ab","D17","BIGC","BIGC.AOS.reaeration.station.01","BIGC_S1_20170627","2017-06-27T17:54Z",261,"2017-06-27T17:43:20Z",80.10,,14.59,,99.98,,100.75
"9fa420b7-1451-44c1-8975-bb9431226611","e4825723-8197-4b1e-94ac-263c5d2887ab","D17","BIGC","BIGC.AOS.reaeration.station.01","BIGC_S1_20170627","2017-06-27T17:54Z",852,"2017-06-27T19:21:50Z",87.50,,16.36,,104.79,,105.56
"96a184bc-a233-4574-819f-70d5d2912da1","e4825723-8197-4b1e-94ac-263c5d2887ab","D17","BIGC","BIGC.AOS.reaeration.station.01","BIGC_S1_20170627","2017-06-27T17:54Z",1540,"2017-06-27T21:16:30Z",49.90,,22.97,,51.91,,52.03
"5f5673d1-1052-4206-bffb-5b911b3406f4","e4825723-8197-4b1e-94ac-263c5d2887ab","D17","BIGC","BIGC.AOS.reaeration.station.01","BIGC_S1_20170627","2017-06-27T17:54Z",347,"2017-06-27T17:57:40Z",80.50,,14.69,,100.24,,101.01
"ec573276-99eb-4823-8892-e9fe3d8bf8c7","e4825723-8197-4b1e-94ac-263c5d2887ab","D17","BIGC","BIGC.AOS.reaeration.station.01","BIGC_S1_20170627","2017-06-27T17:54Z",226,"2017-06-27T17:37:30Z",80.20,,14.45,,100.44,,101.21
"df0b5d34-c18f-4ca0-b89b-84f4cd597a72","e4825723-8197-4b1e-94ac-263c5d2887ab","D17","BIGC","BIGC.AOS.reaeration.station.01","BIGC_S1_20170627","2017-06-27T17:54Z",376,"2017-06-27T18:02:30Z",80.60,,14.80,,100.10,,100.87
"ff8de69b-1957-46cb-a780-2189f71e677e","e4825723-8197-4b1e-94ac-263c5d2887ab","D17","BIGC","BIGC.AOS.reaeration.station.01","BIGC_S1_20170627","2017-06-27T17:54Z",1886,"2017-06-27T22:14:10Z",53.40,,25.98,,52.42,,52.35
"a1de081f-804e-492e-8f6d-04c6f08a60aa","e4825723-8197-4b1e-94ac-263c5d2887ab","D17","BIGC","BIGC.AOS.reaeration.station.01","BIGC_S1_20170627","2017-06-27T17:54Z",365,"2017-06-27T18:00:40Z",80.80,,14.69,,100.61,,101.38
"2d264ab8-4763-4e1d-b6b8-52a8b2099bf6","e4825723-8197-4b1e-94ac-263c5d2887ab","D17","BIGC","BIGC.AOS.reaeration.station.01","BIGC_S1_20170627","2017-06-27T17:54Z",1467,"2017-06-27T21:04:20Z",49.10,,22.12,,51.96,,52.13
"ae15d65c-88e3-48ad-bcc3-fb8f33ad5d4c","e4825723-8197-4b1e-94ac-263c5d2887ab","D17","BIGC","BIGC.AOS.reaeration.station.01","BIGC_S1_20170627","2017-06-27T17:54Z",509,"2017-06-27T18:24:40Z",81.40,,15.13,,100.31,,101.07
"3a95b3ac-654e-400e-b10c-0b76e49fff08","e4825723-8197-4b1e-94ac-263c5d2887ab","D17","BIGC","BIGC.AOS.reaeration.station.01","BIGC_S1_20170627","2017-06-27T17:54Z",1951,"2017-06-27T22:25:00Z",53.90,,26.14,,52.75,,52.68
"362567e5-b87a-4be2-b2a6-62e344f59114","e4825723-8197-4b1e-94ac-263c5d2887ab","D17","BIGC","BIGC.AOS.reaeration.station.01","BIGC_S1_20170627","2017-06-27T17:54Z",1406,"2017-06-27T20:54:10Z",48.10,,21.09,,51.98,,52.20
"c36e7c35-69db-4f28-bcee-78f2a8e467de","e4825723-8197-4b1e-94ac-263c5d2887ab","D17","BIGC","BIGC.AOS.reaeration.station.01","BIGC_S1_20170627","2017-06-27T17:54Z",522,"2017-06-27T18:26:50Z",81.70,,15.19,,100.54,,101.30
"f1e85376-41a5-4d98-9449-c9ffaf717fad","e4825723-8197-4b1e-94ac-263c5d2887ab","D17","BIGC","BIGC.AOS.reaeration.station.01","BIGC_S1_20170627","2017-06-27T17:54Z",757,"2017-06-27T19:06:00Z",86.60,,16.05,,104.46,,105.23
"30f94a40-529e-4a13-9e1f-a3f0d638d652","e4825723-8197-4b1e-94ac-263c5d2887ab","D17","BIGC","BIGC.AOS.reaeration.station.01","BIGC_S1_20170627","2017-06-27T17:54Z",480,"2017-06-27T18:19:50Z",81.10,,15.10,,100.01,,100.77
"a09dd7d8-4b40-4a0c-b03c-a6962b89af82","e4825723-8197-4b1e-94ac-263c5d2887ab","D17","BIGC","BIGC.AOS.reaeration.station.01","BIGC_S1_20170627","2017-06-27T17:54Z",2592,"2017-06-28T00:11:50Z",55.30,,25.70,,54.57,,54.52
"3f8346a7-8543-4ea6-bebc-fcb4850a7388","e4825723-8197-4b1e-94ac-263c5d2887ab","D17","BIGC","BIGC.AOS.reaeration.station.01","BIGC_S1_20170627","2017-06-27T17:54Z",2539,"2017-06-28T00:03:00Z",55.60,,26.18,,54.37,,54.29
"7035ead3-1e86-424c-8542-6235eb88e1e3","e4825723-8197-4b1e-94ac-263c5d2887ab","D17","BIGC","BIGC.AOS.reaeration.station.01","BIGC_S1_20170627","2017-06-27T17:54Z",2110,"2017-06-27T22:51:30Z",54.30,,26.10,,53.18,,53.11
"698f4228-c305-44c8-9fa7-da0ff17154c7","e4825723-8197-4b1e-94ac-263c5d2887ab","D17","BIGC","BIGC.AOS.reaeration.station.01","BIGC_S1_20170627","2017-06-27T17:54Z",1477,"2017-06-27T21:06:00Z",49.20,,22.25,,51.93,,52.09
"535e3f60-dec4-4db4-a75e-396c519ad7c2","e4825723-8197-4b1e-94ac-263c5d2887ab","D17","BIGC","BIGC.AOS.reaeration.station.01","BIGC_S1_20170627","2017-06-27T17:54Z",1588,"2017-06-27T21:24:30Z",50.40,,23.45,,51.94,,52.03
"0ed63117-e233-40dc-88ee-202672a09f4d","e4825723-8197-4b1e-94ac-263c5d2887ab","D17","BIGC","BIGC.AOS.reaeration.station.01","BIGC_S1_20170627","2017-06-27T17:54Z",2448,"2017-06-27T23:47:50Z",55.20,,26.16,,54.00,,53.92
"e674c43b-7fe9-40a4-85a8-9c479032a4ae","e4825723-8197-4b1e-94ac-263c5d2887ab","D17","BIGC","BIGC.AOS.reaeration.station.01","BIGC_S1_20170627","2017-06-27T17:54Z",1119,"2017-06-27T20:06:20Z",90.60,,17.30,,106.22,,106.96
"7ca6e525-072c-437c-a60a-a27e93f542b9","e4825723-8197-4b1e-94ac-263c5d2887ab","D17","BIGC","BIGC.AOS.reaeration.station.01","BIGC_S1_20170627","2017-06-27T17:54Z",24,"2017-06-27T17:03:50Z",79.70,,14.18,,100.46,,101.23
"4e50cc0e-6674-40ea-b2f1-40252517f766","e4825723-8197-4b1e-94ac-263c5d2887ab","D17","BIGC","BIGC.AOS.reaeration.station.01","BIGC_S1_20170627","2017-06-27T17:54Z",1452,"2017-06-27T21:01:50Z",48.90,,21.90,,51.98,,52.16
"6b10d19e-765f-4788-92ab-95a9423e18f5","e4825723-8197-4b1e-94ac-263c5d2887ab","D17","BIGC","BIGC.AOS.reaeration.station.01","BIGC_S1_20170627","2017-06-27T17:54Z",2199,"2017-06-27T23:06:20Z",54.60,,26.05,,53.53,,53.46
"dd77173a-c4a3-4d24-8036-d1e91a7944fe","e4825723-8197-4b1e-94ac-263c5d2887ab","D17","BIGC","BIGC.AOS.reaeration.station.01","BIGC_S1_20170627","2017-06-27T17:54Z",2414,"2017-06-27T23:42:10Z",55.10,,26.14,,53.93,,53.85
"d5509054-bf93-4404-83f6-341aede5c830","e4825723-8197-4b1e-94ac-263c5d2887ab","D17","BIGC","BIGC.AOS.reaeration.station.01","BIGC_S1_20170627","2017-06-27T17:54Z",2181,"2017-06-27T23:03:20Z",54.60,,26.06,,53.52,,53.45
"4d80d5d1-fbb1-4fb7-9864-e40fda2c71a3","e4825723-8197-4b1e-94ac-263c5d2887ab","D17","BIGC","BIGC.AOS.reaeration.station.01","BIGC_S1_20170627","2017-06-27T17:54Z",1842,"2017-06-27T22:06:50Z",53.00,,25.79,,52.21,,52.16
"87c05567-5459-440a-a6bb-c293cefffc66","e4825723-8197-4b1e-94ac-263c5d2887ab","D17","BIGC","BIGC.AOS.reaeration.station.01","BIGC_S1_20170627","2017-06-27T17:54Z",876,"2017-06-27T19:25:50Z",87.20,,16.43,,104.27,,105.03
"fb1e787b-6b48-4e49-9140-e3fb97ad5bc3","e4825723-8197-4b1e-94ac-263c5d2887ab","D17","BIGC","BIGC.AOS.reaeration.station.01","BIGC_S1_20170627","2017-06-27T17:54Z",1514,"2017-06-27T21:12:10Z",49.60,,22.69,,51.89,,52.03
"52036ad6-a677-4235-9c90-dcd211788f1b","e4825723-8197-4b1e-94ac-263c5d2887ab","D17","BIGC","BIGC.AOS.reaeration.station.01","BIGC_S1_20170627","2017-06-27T17:54Z",1869,"2017-06-27T22:11:20Z",53.20,,25.92,,52.28,,52.22
"60d804a7-93f1-4397-b5b1-0d20d24e073a","e4825723-8197-4b1e-94ac-263c5d2887ab","D17","BIGC","BIGC.AOS.reaeration.station.01","BIGC_S1_20170627","2017-06-27T17:54Z",640,"2017-06-27T18:46:30Z",84.00,,15.62,,102.33,,103.10
"dcfce2f8-f7da-425a-bbd6-f5770dae19fd","e4825723-8197-4b1e-94ac-263c5d2887ab","D17","BIGC","BIGC.AOS.reaeration.station.01","BIGC_S1_20170627","2017-06-27T17:54Z",1618,"2017-06-27T21:29:30Z",50.80,,23.91,,51.88,,51.95
"689faf15-5630-4608-96aa-cf7837054af2","e4825723-8197-4b1e-94ac-263c5d2887ab","D17","BIGC","BIGC.AOS.reaeration.station.01","BIGC_S1_20170627","2017-06-27T17:54Z",922,"2017-06-27T19:33:30Z",87.30,,16.60,,103.98,,104.73
"09362b65-5a9e-4f2c-8e37-ec3f80b78be1","e4825723-8197-4b1e-94ac-263c5d2887ab","D17","BIGC","BIGC.AOS.reaeration.station.01","BIGC_S1_20170627","2017-06-27T17:54Z",449,"2017-06-27T18:14:40Z",81.00,,14.97,,100.19,,100.96
"0c58ffe5-ced4-4964-a80a-e7b0d04d489e","e4825723-8197-4b1e-94ac-263c5d2887ab","D17","BIGC","BIGC.AOS.reaeration.station.01","BIGC_S1_20170627","2017-06-27T17:54Z",746,"2017-06-27T19:04:10Z",86.70,,15.99,,104.72,,105.50
"75851d58-98f3-44a7-bfb3-f0215782a063","e4825723-8197-4b1e-94ac-263c5d2887ab","D17","BIGC","BIGC.AOS.reaeration.station.01","BIGC_S1_20170627","2017-06-27T17:54Z",1316,"2017-06-27T20:39:10Z",43.90,,18.36,,50.28,,50.59
"9ef06a3c-376a-4b22-bf9c-5b3c553fc981","e4825723-8197-4b1e-94ac-263c5d2887ab","D17","BIGC","BIGC.AOS.reaeration.station.01","BIGC_S1_20170627","2017-06-27T17:54Z",1465,"2017-06-27T21:04:00Z",49.10,,22.08,,52.00,,52.17
"9a1d9354-cdc6-4a48-9be3-2854fe289bf4","e4825723-8197-4b1e-94ac-263c5d2887ab","D17","BIGC","BIGC.AOS.reaeration.station.01","BIGC_S1_20170627","2017-06-27T17:54Z",142,"2017-06-27T17:23:30Z",79.80,,14.36,,100.15,,100.92
"77f4fb69-476d-47ec-be38-72281129174f","e4825723-8197-4b1e-94ac-263c5d2887ab","D17","BIGC","BIGC.AOS.reaeration.station.01","BIGC_S1_20170627","2017-06-27T17:54Z",2273,"2017-06-27T23:18:40Z",54.70,,26.05,,53.62,,53.55
"3658828e-3dec-4756-87c4-3ef65f93440a","e4825723-8197-4b1e-94ac-263c5d2887ab","D17","BIGC","BIGC.AOS.reaeration.station.01","BIGC_S1_20170627","2017-06-27T17:54Z",1735,"2017-06-27T21:49:00Z",51.90,,25.15,,51.75,,51.74
"09e40428-deae-4cf0-88c3-649db0d8cefd","e4825723-8197-4b1e-94ac-263c5d2887ab","D17","BIGC","BIGC.AOS.reaeration.station.01","BIGC_S1_20170627","2017-06-27T17:54Z",2545,"2017-06-28T00:04:00Z",55.60,,26.18,,54.37,,54.29
"1a20b047-f714-4a1d-a492-1468c3acade2","e4825723-8197-4b1e-94ac-263c5d2887ab","D17","BIGC","BIGC.AOS.reaeration.station.01","BIGC_S1_20170627","2017-06-27T17:54Z",176,"2017-06-27T17:29:10Z",79.90,,14.42,,100.14,,100.90
"09cd32ae-8b06-47f5-8cff-62424d45bc33","e4825723-8197-4b1e-94ac-263c5d2887ab","D17","BIGC","BIGC.AOS.reaeration.station.01","BIGC_S1_20170627","2017-06-27T17:54Z",2497,"2017-06-27T23:56:00Z",55.30,,26.18,,54.08,,54.00
"762d7486-8643-4b22-94e4-df1747bb0840","e4825723-8197-4b1e-94ac-263c5d2887ab","D17","BIGC","BIGC.AOS.reaeration.station.01","BIGC_S1_20170627","2017-06-27T17:54Z",570,"2017-06-27T18:34:50Z",82.00,,15.36,,100.51,,101.27
"d85c22d9-9452-4851-9e36-c6a624f5b7e7","e4825723-8197-4b1e-94ac-263c5d2887ab","D17","BIGC","BIGC.AOS.reaeration.station.01","BIGC_S1_20170627","2017-06-27T17:54Z",2437,"2017-06-27T23:46:00Z",55.20,,26.16,,54.00,,53.92
"2cf60489-c85f-4189-a99b-e3690b3acee1","e4825723-8197-4b1e-94ac-263c5d2887ab","D17","BIGC","BIGC.AOS.reaeration.station.01","BIGC_S1_20170627","2017-06-27T17:54Z",2564,"2017-06-28T00:07:10Z",55.80,,26.17,,54.58,,54.50
"db2bfba1-8bfa-4f9b-a589-d6506eee97d5","e4825723-8197-4b1e-94ac-263c5d2887ab","D17","BIGC","BIGC.AOS.reaeration.station.01","BIGC_S1_20170627","2017-06-27T17:54Z",1680,"2017-06-27T21:39:50Z",51.60,,24.66,,51.94,,51.96
"147a8a79-4806-44ce-9dba-48933874ac52","e4825723-8197-4b1e-94ac-263c5d2887ab","D17","BIGC","BIGC.AOS.reaeration.station.01","BIGC_S1_20170627","2017-06-27T17:54Z",1237,"2017-06-27T20:26:00Z",90.60,,17.62,,105.47,,106.18
"20ffc44a-3c9b-40f8-b7b3-7ea91bf92144","e4825723-8197-4b1e-94ac-263c5d2887ab","D17","BIGC","BIGC.AOS.reaeration.station.01","BIGC_S1_20170627","2017-06-27T17:54Z",2527,"2017-06-28T00:01:00Z",55.50,,26.18,,54.28,,54.20
"fd4ca516-8112-485a-b2bd-3a2c8092221b","e4825723-8197-4b1e-94ac-263c5d2887ab","D17","BIGC","BIGC.AOS.reaeration.station.01","BIGC_S1_20170627","2017-06-27T17:54Z",1169,"2017-06-27T20:14:40Z",90.70,,17.45,,105.98,,106.71
"96eaaf12-4501-4fd9-80f1-56229b611c4a","e4825723-8197-4b1e-94ac-263c5d2887ab","D17","BIGC","BIGC.AOS.reaeration.station.01","BIGC_S1_20170627","2017-06-27T17:54Z",1749,"2017-06-27T21:51:20Z",52.10,,25.22,,51.88,,51.87
"ba9813aa-c276-46aa-b13f-0cade2fb3fcf","e4825723-8197-4b1e-94ac-263c5d2887ab","D17","BIGC","BIGC.AOS.reaeration.station.01","BIGC_S1_20170627","2017-06-27T17:54Z",308,"2017-06-27T17:51:10Z",80.40,,14.61,,100.31,,101.08
"c1fe4eee-a44e-4b8a-8092-ca4539271490","e4825723-8197-4b1e-94ac-263c5d2887ab","D17","BIGC","BIGC.AOS.reaeration.station.01","BIGC_S1_20170627","2017-06-27T17:54Z",1714,"2017-06-27T21:45:30Z",51.90,,25.01,,51.89,,51.89
"83191873-fe47-4ff8-89f6-6f24216ac906","e4825723-8197-4b1e-94ac-263c5d2887ab","D17","BIGC","BIGC.AOS.reaeration.station.01","BIGC_S1_20170627","2017-06-27T17:54Z",536,"2017-06-27T18:29:10Z",81.80,,15.26,,100.50,,101.26
"34ea1722-1674-4ec8-aaf6-edfb629a9baa","e4825723-8197-4b1e-94ac-263c5d2887ab","D17","BIGC","BIGC.AOS.reaeration.station.01","BIGC_S1_20170627","2017-06-27T17:54Z",1492,"2017-06-27T21:08:30Z",49.40,,22.43,,51.95,,52.10
"14d63d92-501a-4bba-82ee-07a80043f7c6","e4825723-8197-4b1e-94ac-263c5d2887ab","D17","BIGC","BIGC.AOS.reaeration.station.01","BIGC_S1_20170627","2017-06-27T17:54Z",1634,"2017-06-27T21:32:10Z",51.10,,24.12,,51.97,,52.03
"462e897a-14e9-41c5-b5e1-9e78dc661ac9","e4825723-8197-4b1e-94ac-263c5d2887ab","D17","BIGC","BIGC.AOS.reaeration.station.01","BIGC_S1_20170627","2017-06-27T17:54Z",1373,"2017-06-27T20:48:40Z",47.20,,20.32,,51.83,,52.09
"2c6f48da-1eee-4432-8442-82af013ad453","e4825723-8197-4b1e-94ac-263c5d2887ab","D17","BIGC","BIGC.AOS.reaeration.station.01","BIGC_S1_20170627","2017-06-27T17:54Z",2202,"2017-06-27T23:06:50Z",54.60,,26.06,,53.52,,53.45
"cd50dbd8-1782-4f74-b340-04e9bc7db937","e4825723-8197-4b1e-94ac-263c5d2887ab","D17","BIGC","BIGC.AOS.reaeration.station.01","BIGC_S1_20170627","2017-06-27T17:54Z",2310,"2017-06-27T23:24:50Z",54.90,,26.04,,53.83,,53.76
"9af895b5-8f06-4d85-83b3-78435247e368","e4825723-8197-4b1e-94ac-263c5d2887ab","D17","BIGC","BIGC.AOS.reaeration.station.01","BIGC_S1_20170627","2017-06-27T17:54Z",778,"2017-06-27T19:09:30Z",87.20,,16.10,,105.06,,105.84
"e8348c9c-3fa8-4750-8612-d459b963dd54","e4825723-8197-4b1e-94ac-263c5d2887ab","D17","BIGC","BIGC.AOS.reaeration.station.01","BIGC_S1_20170627","2017-06-27T17:54Z",1569,"2017-06-27T21:21:20Z",50.10,,23.23,,51.85,,51.96
"979a1ec4-8c9e-4cc3-8826-4225498ea1b8","e4825723-8197-4b1e-94ac-263c5d2887ab","D17","BIGC","BIGC.AOS.reaeration.station.01","BIGC_S1_20170627","2017-06-27T17:54Z",1929,"2017-06-27T22:21:20Z",53.70,,26.10,,52.59,,52.52
"14c76e4a-7fe0-4480-a09a-87a5c24bb47f","e4825723-8197-4b1e-94ac-263c5d2887ab","D17","BIGC","BIGC.AOS.reaeration.station.01","BIGC_S1_20170627","2017-06-27T17:54Z",1291,"2017-06-27T20:35:00Z",87.00,,17.73,,101.03,,101.71
"1e361f7b-3820-46d3-a9cf-d9f3f963d444","e4825723-8197-4b1e-94ac-263c5d2887ab","D17","BIGC","BIGC.AOS.reaeration.station.01","BIGC_S1_20170627","2017-06-27T17:54Z",1849,"2017-06-27T22:08:00Z",53.00,,25.82,,52.18,,52.13
"6f0dce75-7499-4ef7-947c-717762213acc","e4825723-8197-4b1e-94ac-263c5d2887ab","D17","BIGC","BIGC.AOS.reaeration.station.01","BIGC_S1_20170627","2017-06-27T17:54Z",59,"2017-06-27T17:09:40Z",79.40,,14.35,,99.68,,100.44
"66594962-34ec-4ef5-ad33-69ad9ccd1fc2","e4825723-8197-4b1e-94ac-263c5d2887ab","D17","BIGC","BIGC.AOS.reaeration.station.01","BIGC_S1_20170627","2017-06-27T17:54Z",1046,"2017-06-27T19:54:10Z",89.70,,17.03,,105.81,,106.55
"d88cd039-1e67-4b5c-896e-d2a7492e2ff7","e4825723-8197-4b1e-94ac-263c5d2887ab","D17","BIGC","BIGC.AOS.reaeration.station.01","BIGC_S1_20170627","2017-06-27T17:54Z",1043,"2017-06-27T19:53:40Z",88.50,,17.02,,104.41,,105.15
"24c0a191-8c12-4a20-aebe-85ee7ebad502","e4825723-8197-4b1e-94ac-263c5d2887ab","D17","BIGC","BIGC.AOS.reaeration.station.01","BIGC_S1_20170627","2017-06-27T17:54Z",1600,"2017-06-27T21:26:30Z",50.60,,23.64,,51.95,,52.03
"56620731-074a-4560-ba8f-8e7f55e8b177","e4825723-8197-4b1e-94ac-263c5d2887ab","D17","BIGC","BIGC.AOS.reaeration.station.01","BIGC_S1_20170627","2017-06-27T17:54Z",1577,"2017-06-27T21:22:40Z",50.30,,23.31,,51.98,,52.08
"82a90367-09ae-4cd4-8ce6-3f7842796002","e4825723-8197-4b1e-94ac-263c5d2887ab","D17","BIGC","BIGC.AOS.reaeration.station.01","BIGC_S1_20170627","2017-06-27T17:54Z",1561,"2017-06-27T21:20:00Z",50.10,,23.16,,51.92,,52.04
"f62eb72f-37a7-4c33-b5b0-db55672d3e53","e4825723-8197-4b1e-94ac-263c5d2887ab","D17","BIGC","BIGC.AOS.reaeration.station.01","BIGC_S1_20170627","2017-06-27T17:54Z",2196,"2017-06-27T23:05:50Z",54.60,,26.05,,53.53,,53.46
"87c77b61-994d-4d59-81fc-edce2730c510","e4825723-8197-4b1e-94ac-263c5d2887ab","D17","BIGC","BIGC.AOS.reaeration.station.01","BIGC_S1_20170627","2017-06-27T17:54Z",1297,"2017-06-27T20:36:00Z",87.00,,17.73,,101.03,,101.71
"c21c54e3-19ae-46b6-a9d1-a0965af2ce6e","e4825723-8197-4b1e-94ac-263c5d2887ab","D17","BIGC","BIGC.AOS.reaeration.station.01","BIGC_S1_20170627","2017-06-27T17:54Z",1485,"2017-06-27T21:07:20Z",49.30,,22.36,,51.92,,52.07
"014fc588-2527-4f72-9484-a955d4ab0ef3","e4825723-8197-4b1e-94ac-263c5d2887ab","D17","BIGC","BIGC.AOS.reaeration.station.01","BIGC_S1_20170627","2017-06-27T17:54Z",1429,"2017-06-27T20:58:00Z",48.60,,21.53,,52.05,,52.25
"b07940a6-6b60-4ac8-92a4-4a3b0b945629","e4825723-8197-4b1e-94ac-263c5d2887ab","D17","BIGC","BIGC.AOS.reaeration.station.01","BIGC_S1_20170627","2017-06-27T17:54Z",1179,"2017-06-27T20:16:20Z",90.60,,17.46,,105.84,,106.57
"954a6e3d-136a-4660-8a29-a3801f1b8c6d","e4825723-8197-4b1e-94ac-263c5d2887ab","D17","BIGC","BIGC.AOS.reaeration.station.01","BIGC_S1_20170627","2017-06-27T17:54Z",415,"2017-06-27T18:09:00Z",80.60,,14.90,,99.86,,100.63
"6b511e74-ff1f-4363-9fef-fc30021adbd7","e4825723-8197-4b1e-94ac-263c5d2887ab","D17","BIGC","BIGC.AOS.reaeration.station.01","BIGC_S1_20170627","2017-06-27T17:54Z",1552,"2017-06-27T21:18:30Z",50.00,,23.08,,51.90,,52.02
"e0bec469-1260-4a32-9774-dd584e47ad29","e4825723-8197-4b1e-94ac-263c5d2887ab","D17","BIGC","BIGC.AOS.reaeration.station.01","BIGC_S1_20170627","2017-06-27T17:54Z",1240,"2017-06-27T20:26:30Z",90.50,,17.62,,105.35,,106.06
"5dd719c4-184b-4a44-a67c-da50563e9c54","e4825723-8197-4b1e-94ac-263c5d2887ab","D17","BIGC","BIGC.AOS.reaeration.station.01","BIGC_S1_20170627","2017-06-27T17:54Z",1885,"2017-06-27T22:14:00Z",53.30,,25.98,,52.32,,52.26
"bce3bd9b-0764-458c-b222-dd5674462ff3","e4825723-8197-4b1e-94ac-263c5d2887ab","D17","BIGC","BIGC.AOS.reaeration.station.01","BIGC_S1_20170627","2017-06-27T17:54Z",677,"2017-06-27T18:52:40Z",85.90,,15.74,,104.36,,105.14
"c235eb1a-41af-41c9-a6c7-3e5459f943e9","e4825723-8197-4b1e-94ac-263c5d2887ab","D17","BIGC","BIGC.AOS.reaeration.station.01","BIGC_S1_20170627","2017-06-27T17:54Z",2320,"2017-06-27T23:26:30Z",54.80,,26.05,,53.72,,53.65
"8cfefe37-5a95-48d3-ba6f-7bf6c46ae8fa","e4825723-8197-4b1e-94ac-263c5d2887ab","D17","BIGC","BIGC.AOS.reaeration.station.01","BIGC_S1_20170627","2017-06-27T17:54Z",1,"2017-06-27T17:00:00Z",79.40,,14.23,,99.96,,100.73
"25abc073-f2fc-40cc-a9ee-417f10002e32","e4825723-8197-4b1e-94ac-263c5d2887ab","D17","BIGC","BIGC.AOS.reaeration.station.01","BIGC_S1_20170627","2017-06-27T17:54Z",2452,"2017-06-27T23:48:30Z",55.20,,26.16,,54.00,,53.92
"278dbb0c-1f05-4cfb-bee6-ce7363a1ab9b","e4825723-8197-4b1e-94ac-263c5d2887ab","D17","BIGC","BIGC.AOS.reaeration.station.01","BIGC_S1_20170627","2017-06-27T17:54Z",1562,"2017-06-27T21:20:10Z",50.10,,23.17,,51.91,,52.02
"05d2716e-6e9f-4c08-88ba-80ff98b3a4d6","e4825723-8197-4b1e-94ac-263c5d2887ab","D17","BIGC","BIGC.AOS.reaeration.station.01","BIGC_S1_20170627","2017-06-27T17:54Z",293,"2017-06-27T17:48:40Z",80.30,,14.62,,100.16,,100.93
"15a23726-1ddd-46bc-870e-d786023aca06","e4825723-8197-4b1e-94ac-263c5d2887ab","D17","BIGC","BIGC.AOS.reaeration.station.01","BIGC_S1_20170627","2017-06-27T17:54Z",1009,"2017-06-27T19:48:00Z",86.30,,16.89,,102.12,,102.84
"6d433321-f257-489c-9cac-15cb9bd5b0aa","e4825723-8197-4b1e-94ac-263c5d2887ab","D17","BIGC","BIGC.AOS.reaeration.station.01","BIGC_S1_20170627","2017-06-27T17:54Z",2445,"2017-06-27T23:47:20Z",55.20,,26.16,,54.00,,53.92
"d96733c7-752a-482f-8e57-458a2280f4c2","e4825723-8197-4b1e-94ac-263c5d2887ab","D17","BIGC","BIGC.AOS.reaeration.station.01","BIGC_S1_20170627","2017-06-27T17:54Z",1865,"2017-06-27T22:10:40Z",53.20,,25.91,,52.29,,52.23
"bd7c89fe-3901-4dd3-9e6d-47e50916f4c2","e4825723-8197-4b1e-94ac-263c5d2887ab","D17","BIGC","BIGC.AOS.reaeration.station.01","BIGC_S1_20170627","2017-06-27T17:54Z",1176,"2017-06-27T20:15:50Z",90.40,,17.46,,105.61,,106.33
"304a8235-beb6-4eb0-9e04-f2f30e6c4646","e4825723-8197-4b1e-94ac-263c5d2887ab","D17","BIGC","BIGC.AOS.reaeration.station.01","BIGC_S1_20170627","2017-06-27T17:54Z",2482,"2017-06-27T23:53:30Z",55.30,,26.17,,54.09,,54.01
"63774862-9e1b-4d4e-9368-331cca8f59c6","e4825723-8197-4b1e-94ac-263c5d2887ab","D17","BIGC","BIGC.AOS.reaeration.station.01","BIGC_S1_20170627","2017-06-27T17:54Z",2381,"2017-06-27T23:36:40Z",55.00,,26.10,,53.87,,53.79
"7b2f03d4-2fc4-46b8-89a7-02263bc50207","e4825723-8197-4b1e-94ac-263c5d2887ab","D17","BIGC","BIGC.AOS.reaeration.station.01","BIGC_S1_20170627","2017-06-27T17:54Z",2476,"2017-06-27T23:52:30Z",55.20,,26.17,,53.99,,53.91
"17520e98-3746-44dd-8769-7bb9053b4f82","e4825723-8197-4b1e-94ac-263c5d2887ab","D17","BIGC","BIGC.AOS.reaeration.station.01","BIGC_S1_20170627","2017-06-27T17:54Z",518,"2017-06-27T18:26:10Z",81.30,,15.23,,99.95,,100.71
"2394ce31-7427-4980-990c-96001785a8bd","e4825723-8197-4b1e-94ac-263c5d2887ab","D17","BIGC","BIGC.AOS.reaeration.station.01","BIGC_S1_20170627","2017-06-27T17:54Z",2502,"2017-06-27T23:56:50Z",55.40,,26.17,,54.19,,54.11
"076f4855-b49f-412b-a709-3d62ac4793a6","e4825723-8197-4b1e-94ac-263c5d2887ab","D17","BIGC","BIGC.AOS.reaeration.station.01","BIGC_S1_20170627","2017-06-27T17:54Z",1974,"2017-06-27T22:28:50Z",53.90,,26.14,,52.75,,52.68
"ce19ee1b-2f59-4135-8625-9183755946e0","e4825723-8197-4b1e-94ac-263c5d2887ab","D17","BIGC","BIGC.AOS.reaeration.station.01","BIGC_S1_20170627","2017-06-27T17:54Z",1704,"2017-06-27T21:43:50Z",51.80,,24.91,,51.89,,51.89
"b79e3060-af41-41b5-8df8-8ace46651cea","e4825723-8197-4b1e-94ac-263c5d2887ab","D17","BIGC","BIGC.AOS.reaeration.station.01","BIGC_S1_20170627","2017-06-27T17:54Z",935,"2017-06-27T19:35:40Z",86.10,,16.64,,102.46,,103.20
"cd1b3c81-e940-46a9-9803-bb094abef47a","e4825723-8197-4b1e-94ac-263c5d2887ab","D17","BIGC","BIGC.AOS.reaeration.station.01","BIGC_S1_20170627","2017-06-27T17:54Z",382,"2017-06-27T18:03:30Z",80.80,,14.74,,100.49,,101.26
"b4b895a1-fb80-404e-85c7-c68bb28a228d","e4825723-8197-4b1e-94ac-263c5d2887ab","D17","BIGC","BIGC.AOS.reaeration.station.01","BIGC_S1_20170627","2017-06-27T17:54Z",2561,"2017-06-28T00:06:40Z",55.70,,26.17,,54.48,,54.40
"8fe7942e-b38b-48c2-9a99-2ccf665a524f","e4825723-8197-4b1e-94ac-263c5d2887ab","D17","BIGC","BIGC.AOS.reaeration.station.01","BIGC_S1_20170627","2017-06-27T17:54Z",581,"2017-06-27T18:36:40Z",81.80,,15.45,,100.05,,100.81
"e23b240d-9178-4a8e-b0b1-a23373af3c90","e4825723-8197-4b1e-94ac-263c5d2887ab","D17","BIGC","BIGC.AOS.reaeration.station.01","BIGC_S1_20170627","2017-06-27T17:54Z",1356,"2017-06-27T20:45:50Z",45.90,,19.68,,51.09,,51.37
"0525b313-6778-4443-9cff-c0c8b6162353","e4825723-8197-4b1e-94ac-263c5d2887ab","D17","BIGC","BIGC.AOS.reaeration.station.01","BIGC_S1_20170627","2017-06-27T17:54Z",1500,"2017-06-27T21:09:50Z",49.40,,22.53,,51.85,,51.99
"c6828e98-f62d-4914-90b8-1f5bc5883c94","e4825723-8197-4b1e-94ac-263c5d2887ab","D17","BIGC","BIGC.AOS.reaeration.station.01","BIGC_S1_20170627","2017-06-27T17:54Z",160,"2017-06-27T17:26:30Z",79.80,,14.36,,100.15,,100.92
"91b8eee4-5bb8-4be3-bb32-a2b2c99cfa06","e4825723-8197-4b1e-94ac-263c5d2887ab","D17","BIGC","BIGC.AOS.reaeration.station.01","BIGC_S1_20170627","2017-06-27T17:54Z",970,"2017-06-27T19:41:30Z",85.10,,16.76,,100.99,,101.72
"0f623fb5-9157-4598-9f4a-cdc52f53238b","e4825723-8197-4b1e-94ac-263c5d2887ab","D17","BIGC","BIGC.AOS.reaeration.station.01","BIGC_S1_20170627","2017-06-27T17:54Z",443,"2017-06-27T18:13:40Z",80.90,,14.96,,100.09,,100.86
"4187cfbe-693a-417d-9524-f86c2fe6e754","e4825723-8197-4b1e-94ac-263c5d2887ab","D17","BIGC","BIGC.AOS.reaeration.station.01","BIGC_S1_20170627","2017-06-27T17:54Z",2102,"2017-06-27T22:50:10Z",54.30,,26.09,,53.19,,53.12
"3e46cb65-fa4e-4906-9253-724d163cfcc2","e4825723-8197-4b1e-94ac-263c5d2887ab","D17","BIGC","BIGC.AOS.reaeration.station.01","BIGC_S1_20170627","2017-06-27T17:54Z",713,"2017-06-27T18:58:40Z",86.20,,15.88,,104.38,,105.16
"b5731919-45f7-4aef-9ad0-72a36145da0f","e4825723-8197-4b1e-94ac-263c5d2887ab","D17","BIGC","BIGC.AOS.reaeration.station.01","BIGC_S1_20170627","2017-06-27T17:54Z",2325,"2017-06-27T23:27:20Z",55.00,,26.05,,53.92,,53.85
"f9d26c00-9e2c-4913-be1d-f3c00e252b49","e4825723-8197-4b1e-94ac-263c5d2887ab","D17","BIGC","BIGC.AOS.reaeration.station.01","BIGC_S1_20170627","2017-06-27T17:54Z",2277,"2017-06-27T23:19:20Z",54.70,,26.05,,53.62,,53.55
"403bb114-748d-4b49-af9f-355e00b4bb65","e4825723-8197-4b1e-94ac-263c5d2887ab","D17","BIGC","BIGC.AOS.reaeration.station.01","BIGC_S1_20170627","2017-06-27T17:54Z",1195,"2017-06-27T20:19:00Z",90.70,,17.51,,105.84,,106.56
"637057a9-901e-491c-b3fb-ac5e7baf7885","e4825723-8197-4b1e-94ac-263c5d2887ab","D17","BIGC","BIGC.AOS.reaeration.station.01","BIGC_S1_20170627","2017-06-27T17:54Z",858,"2017-06-27T19:22:50Z",86.50,,16.40,,103.50,,104.26
"8ac918b7-cf6c-43a2-b7ab-5d2fd58fec64","e4825723-8197-4b1e-94ac-263c5d2887ab","D17","BIGC","BIGC.AOS.reaeration.station.01","BIGC_S1_20170627","2017-06-27T17:54Z",1066,"2017-06-27T19:57:30Z",89.70,,17.10,,105.64,,106.38
"da7f1f5c-789b-44df-8daf-0d7a0e1b7c37","e4825723-8197-4b1e-94ac-263c5d2887ab","D17","BIGC","BIGC.AOS.reaeration.station.01","BIGC_S1_20170627","2017-06-27T17:54Z",1464,"2017-06-27T21:03:50Z",49.00,,22.07,,51.90,,52.07
"1c729c26-133e-4dd0-b28e-5c082567b046","e4825723-8197-4b1e-94ac-263c5d2887ab","D17","BIGC","BIGC.AOS.reaeration.station.01","BIGC_S1_20170627","2017-06-27T17:54Z",1424,"2017-06-27T20:57:10Z",48.40,,21.43,,51.94,,52.14
"620abc90-a8a2-4485-8efa-84a483be55e7","e4825723-8197-4b1e-94ac-263c5d2887ab","D17","BIGC","BIGC.AOS.reaeration.station.01","BIGC_S1_20170627","2017-06-27T17:54Z",2257,"2017-06-27T23:16:00Z",54.70,,26.05,,53.62,,53.55
"ca08f115-db85-4934-9d10-af5d98c5ae6c","e4825723-8197-4b1e-94ac-263c5d2887ab","D17","BIGC","BIGC.AOS.reaeration.station.01","BIGC_S1_20170627","2017-06-27T17:54Z",2106,"2017-06-27T22:50:50Z",54.30,,26.09,,53.19,,53.12
"cf70b9aa-631e-4b48-81e6-cd266d660d85","e4825723-8197-4b1e-94ac-263c5d2887ab","D17","BIGC","BIGC.AOS.reaeration.station.01","BIGC_S1_20170627","2017-06-27T17:54Z",1806,"2017-06-27T22:00:50Z",52.60,,25.56,,52.04,,52.01
"5840464e-0735-465a-9f99-c7fef136b450","e4825723-8197-4b1e-94ac-263c5d2887ab","D17","BIGC","BIGC.AOS.reaeration.station.01","BIGC_S1_20170627","2017-06-27T17:54Z",2415,"2017-06-27T23:42:20Z",55.20,,26.14,,54.02,,53.95
"a73b5508-f9c1-4854-ba1f-636e2b7fcf9c","e4825723-8197-4b1e-94ac-263c5d2887ab","D17","BIGC","BIGC.AOS.reaeration.station.01","BIGC_S1_20170627","2017-06-27T17:54Z",565,"2017-06-27T18:34:00Z",81.80,,15.38,,100.21,,100.97
"30b8e5d5-8556-44ad-a6c8-0049992ab174","e4825723-8197-4b1e-94ac-263c5d2887ab","D17","BIGC","BIGC.AOS.reaeration.station.01","BIGC_S1_20170627","2017-06-27T17:54Z",2349,"2017-06-27T23:31:20Z",54.90,,26.06,,53.81,,53.74
"cd7368d3-c83e-4665-bf91-30f91c4492ce","e4825723-8197-4b1e-94ac-263c5d2887ab","D17","BIGC","BIGC.AOS.reaeration.station.01","BIGC_S1_20170627","2017-06-27T17:54Z",441,"2017-06-27T18:13:20Z",81.10,,14.92,,100.44,,101.20
"f3e229a3-9b4e-4877-9307-170e87dbb790","e4825723-8197-4b1e-94ac-263c5d2887ab","D17","BIGC","BIGC.AOS.reaeration.station.01","BIGC_S1_20170627","2017-06-27T17:54Z",2338,"2017-06-27T23:29:30Z",55.00,,26.06,,53.91,,53.84
"bddba819-3513-4184-95da-4c8054dadc74","e4825723-8197-4b1e-94ac-263c5d2887ab","D17","BIGC","BIGC.AOS.reaeration.station.01","BIGC_S1_20170627","2017-06-27T17:54Z",1426,"2017-06-27T20:57:30Z",48.40,,21.47,,51.90,,52.10
"ec62f35d-0e7c-4247-a86c-e7384f6fa649","e4825723-8197-4b1e-94ac-263c5d2887ab","D17","BIGC","BIGC.AOS.reaeration.station.01","BIGC_S1_20170627","2017-06-27T17:54Z",606,"2017-06-27T18:40:50Z",82.10,,15.53,,100.23,,100.99
"23318259-90fe-4874-a366-6b6e2c38adf1","e4825723-8197-4b1e-94ac-263c5d2887ab","D17","BIGC","BIGC.AOS.reaeration.station.01","BIGC_S1_20170627","2017-06-27T17:54Z",1022,"2017-06-27T19:50:10Z",87.00,,16.95,,102.81,,103.53
"c282082e-98eb-47be-8e17-63cfe54cf806","e4825723-8197-4b1e-94ac-263c5d2887ab","D17","BIGC","BIGC.AOS.reaeration.station.01","BIGC_S1_20170627","2017-06-27T17:54Z",411,"2017-06-27T18:08:20Z",80.80,,14.85,,100.23,,101.00
"ea4f6118-7301-4bdc-a91c-a525ac529851","e4825723-8197-4b1e-94ac-263c5d2887ab","D17","BIGC","BIGC.AOS.reaeration.station.01","BIGC_S1_20170627","2017-06-27T17:54Z",1647,"2017-06-27T21:34:20Z",51.30,,24.29,,52.01,,52.05
"cb9bdcd2-e9a2-44e5-9553-212d801942d9","e4825723-8197-4b1e-94ac-263c5d2887ab","D17","BIGC","BIGC.AOS.reaeration.station.01","BIGC_S1_20170627","2017-06-27T17:54Z",1520,"2017-06-27T21:13:10Z",49.60,,22.75,,51.83,,51.96
"b1474237-d27c-4098-8781-861b0e9e4e6a","e4825723-8197-4b1e-94ac-263c5d2887ab","D17","BIGC","BIGC.AOS.reaeration.station.01","BIGC_S1_20170627","2017-06-27T17:54Z",678,"2017-06-27T18:52:50Z",85.20,,15.77,,103.43,,104.21
"860c028d-6056-49f7-b97b-f530a217dfe3","e4825723-8197-4b1e-94ac-263c5d2887ab","D17","BIGC","BIGC.AOS.reaeration.station.01","BIGC_S1_20170627","2017-06-27T17:54Z",1692,"2017-06-27T21:41:50Z",51.70,,24.79,,51.91,,51.92
"943c2f7d-e859-4c90-82d2-7f6afdbd5c14","e4825723-8197-4b1e-94ac-263c5d2887ab","D17","BIGC","BIGC.AOS.reaeration.station.01","BIGC_S1_20170627","2017-06-27T17:54Z",1257,"2017-06-27T20:29:20Z",87.90,,17.68,,102.19,,102.87
"4546b147-7d9b-4087-a7bc-b5e2549baa0f","e4825723-8197-4b1e-94ac-263c5d2887ab","D17","BIGC","BIGC.AOS.reaeration.station.01","BIGC_S1_20170627","2017-06-27T17:54Z",507,"2017-06-27T18:24:20Z",81.40,,15.11,,100.36,,101.12
"b33d7865-f3e9-4e7c-9c8e-407c1246db60","e4825723-8197-4b1e-94ac-263c5d2887ab","D17","BIGC","BIGC.AOS.reaeration.station.01","BIGC_S1_20170627","2017-06-27T17:54Z",1767,"2017-06-27T21:54:20Z",52.20,,25.31,,51.89,,51.87
"eebc6bb6-a734-4ecd-af9f-e6a336a018da","e4825723-8197-4b1e-94ac-263c5d2887ab","D17","BIGC","BIGC.AOS.reaeration.station.01","BIGC_S1_20170627","2017-06-27T17:54Z",2441,"2017-06-27T23:46:40Z",55.20,,26.16,,54.00,,53.92
"b1ac21c0-df58-4bf6-9697-d8a947914cf2","e4825723-8197-4b1e-94ac-263c5d2887ab","D17","BIGC","BIGC.AOS.reaeration.station.01","BIGC_S1_20170627","2017-06-27T17:54Z",1034,"2017-06-27T19:52:10Z",89.70,,17.00,,105.88,,106.63
"17834d21-0cb4-496f-b135-eb1e29f738e4","e4825723-8197-4b1e-94ac-263c5d2887ab","D17","BIGC","BIGC.AOS.reaeration.station.01","BIGC_S1_20170627","2017-06-27T17:54Z",1421,"2017-06-27T20:56:40Z",48.40,,21.37,,52.01,,52.21
"bbed12e8-48f6-4da5-9d38-5dad54b80bd9","e4825723-8197-4b1e-94ac-263c5d2887ab","D17","BIGC","BIGC.AOS.reaeration.station.01","BIGC_S1_20170627","2017-06-27T17:54Z",437,"2017-06-27T18:12:40Z",81.00,,14.91,,100.34,,101.10
"67557178-e22d-4bbe-b9db-c3c75bf445af","e4825723-8197-4b1e-94ac-263c5d2887ab","D17","BIGC","BIGC.AOS.reaeration.station.01","BIGC_S1_20170627","2017-06-27T17:54Z",1609,"2017-06-27T21:28:00Z",50.70,,23.77,,51.92,,52.00
"26821c3a-6486-4d8e-b83c-f1f944113683","e4825723-8197-4b1e-94ac-263c5d2887ab","D17","BIGC","BIGC.AOS.reaeration.station.01","BIGC_S1_20170627","2017-06-27T17:54Z",1870,"2017-06-27T22:11:30Z",53.20,,25.92,,52.28,,52.22
"50aa5297-89ce-42a6-b691-c97e56af098a","e4825723-8197-4b1e-94ac-263c5d2887ab","D17","BIGC","BIGC.AOS.reaeration.station.01","BIGC_S1_20170627","2017-06-27T17:54Z",1553,"2017-06-27T21:18:40Z",50.00,,23.09,,51.89,,52.01
"5492e922-d611-4aad-992b-7937154fc33d","e4825723-8197-4b1e-94ac-263c5d2887ab","D17","BIGC","BIGC.AOS.reaeration.station.01","BIGC_S1_20170627","2017-06-27T17:54Z",628,"2017-06-27T18:44:30Z",82.40,,15.57,,100.50,,101.26
"a4f5cf94-55b4-41d6-8f59-c781656424c1","e4825723-8197-4b1e-94ac-263c5d2887ab","D17","BIGC","BIGC.AOS.reaeration.station.01","BIGC_S1_20170627","2017-06-27T17:54Z",605,"2017-06-27T18:40:40Z",82.20,,15.51,,100.40,,101.16
"501a9e6a-8709-4b4a-bd8a-d6545be065e9","e4825723-8197-4b1e-94ac-263c5d2887ab","D17","BIGC","BIGC.AOS.reaeration.station.01","BIGC_S1_20170627","2017-06-27T17:54Z",1820,"2017-06-27T22:03:10Z",52.70,,25.66,,52.04,,52.00
"9dbe8b6f-4a0d-43d3-bd38-3223d4c443b9","e4825723-8197-4b1e-94ac-263c5d2887ab","D17","BIGC","BIGC.AOS.reaeration.station.01","BIGC_S1_20170627","2017-06-27T17:54Z",2589,"2017-06-28T00:11:20Z",55.50,,25.85,,54.61,,54.56
"2624a952-c05b-437e-a1f1-5167cb1f2932","e4825723-8197-4b1e-94ac-263c5d2887ab","D17","BIGC","BIGC.AOS.reaeration.station.01","BIGC_S1_20170627","2017-06-27T17:54Z",181,"2017-06-27T17:30:00Z",80.00,,14.42,,100.26,,101.03
"187157e3-529b-43e4-a9fe-aad3ec61b437","e4825723-8197-4b1e-94ac-263c5d2887ab","D17","BIGC","BIGC.AOS.reaeration.station.01","BIGC_S1_20170627","2017-06-27T17:54Z",1098,"2017-06-27T20:02:50Z",89.50,,17.21,,105.14,,105.88
"39b25125-ee22-43e9-ac36-c62fcf8a6bc5","e4825723-8197-4b1e-94ac-263c5d2887ab","D17","BIGC","BIGC.AOS.reaeration.station.01","BIGC_S1_20170627","2017-06-27T17:54Z",296,"2017-06-27T17:49:10Z",80.30,,14.62,,100.16,,100.93
"2189a7ff-0260-4bde-a6f1-13232858cd88","e4825723-8197-4b1e-94ac-263c5d2887ab","D17","BIGC","BIGC.AOS.reaeration.station.01","BIGC_S1_20170627","2017-06-27T17:54Z",1612,"2017-06-27T21:28:30Z",50.70,,23.82,,51.87,,51.94
"560040d7-9a06-4d18-86d4-5d893f34b35e","e4825723-8197-4b1e-94ac-263c5d2887ab","D17","BIGC","BIGC.AOS.reaeration.station.01","BIGC_S1_20170627","2017-06-27T17:54Z",1332,"2017-06-27T20:41:50Z",45.70,,19.23,,51.36,,51.66
"0c46ad5d-6748-4150-9b6a-53a609480854","e4825723-8197-4b1e-94ac-263c5d2887ab","D17","BIGC","BIGC.AOS.reaeration.station.01","BIGC_S1_20170627","2017-06-27T17:54Z",1342,"2017-06-27T20:43:30Z",46.00,,19.60,,51.29,,51.57
"ec333055-2940-4500-ad06-fd3844454878","e4825723-8197-4b1e-94ac-263c5d2887ab","D17","BIGC","BIGC.AOS.reaeration.station.01","BIGC_S1_20170627","2017-06-27T17:54Z",48,"2017-06-27T17:07:50Z",79.40,,14.26,,99.89,,100.66
"d379fcdd-e05b-4899-b6f4-15cf7a4de59d","e4825723-8197-4b1e-94ac-263c5d2887ab","D17","BIGC","BIGC.AOS.reaeration.station.01","BIGC_S1_20170627","2017-06-27T17:54Z",1948,"2017-06-27T22:24:30Z",53.80,,26.12,,52.67,,52.60
"c0701cad-37e9-4c7e-9b74-6295a4c2ccca","e4825723-8197-4b1e-94ac-263c5d2887ab","D17","BIGC","BIGC.AOS.reaeration.station.01","BIGC_S1_20170627","2017-06-27T17:54Z",94,"2017-06-27T17:15:30Z",79.90,,14.24,,100.57,,101.34
"c09e0dda-0cf8-4d2a-a462-495512f44d03","e4825723-8197-4b1e-94ac-263c5d2887ab","D17","BIGC","BIGC.AOS.reaeration.station.01","BIGC_S1_20170627","2017-06-27T17:54Z",1659,"2017-06-27T21:36:20Z",51.40,,24.43,,51.97,,52.00
"87fd1ce2-8443-46e4-8fb7-038b30b5ba1b","e4825723-8197-4b1e-94ac-263c5d2887ab","D17","BIGC","BIGC.AOS.reaeration.station.01","BIGC_S1_20170627","2017-06-27T17:54Z",1403,"2017-06-27T20:53:40Z",48.00,,21.03,,51.94,,52.16
"2158c172-f03c-4495-8aff-66e783978698","e4825723-8197-4b1e-94ac-263c5d2887ab","D17","BIGC","BIGC.AOS.reaeration.station.01","BIGC_S1_20170627","2017-06-27T17:54Z",1419,"2017-06-27T20:56:20Z",48.30,,21.34,,51.93,,52.14
"009da66a-c849-4c91-92df-bf1d7e044f59","e4825723-8197-4b1e-94ac-263c5d2887ab","D17","BIGC","BIGC.AOS.reaeration.station.01","BIGC_S1_20170627","2017-06-27T17:54Z",1642,"2017-06-27T21:33:30Z",51.20,,24.23,,51.96,,52.01
"5b4dfe72-d583-49d4-87b8-012fff5f0d75","e4825723-8197-4b1e-94ac-263c5d2887ab","D17","BIGC","BIGC.AOS.reaeration.station.01","BIGC_S1_20170627","2017-06-27T17:54Z",573,"2017-06-27T18:35:20Z",82.00,,15.40,,100.41,,101.17
"9425f234-7e85-4988-9c6a-2c5a16c9aae6","e4825723-8197-4b1e-94ac-263c5d2887ab","D17","BIGC","BIGC.AOS.reaeration.station.01","BIGC_S1_20170627","2017-06-27T17:54Z",2346,"2017-06-27T23:30:50Z",54.90,,26.06,,53.81,,53.74
"769e2e12-4759-40e9-a8f4-43176f8a2406","e4825723-8197-4b1e-94ac-263c5d2887ab","D17","BIGC","BIGC.AOS.reaeration.station.01","BIGC_S1_20170627","2017-06-27T17:54Z",2019,"2017-06-27T22:36:20Z",53.90,,26.14,,52.75,,52.68
"76484672-4fe5-4692-82fc-9e18c8edafa9","e4825723-8197-4b1e-94ac-263c5d2887ab","D17","BIGC","BIGC.AOS.reaeration.station.01","BIGC_S1_20170627","2017-06-27T17:54Z",2524,"2017-06-28T00:00:30Z",55.50,,26.18,,54.28,,54.20
"0be97a78-4c55-4dc8-9394-add6a3a1854b","e4825723-8197-4b1e-94ac-263c5d2887ab","D17","BIGC","BIGC.AOS.reaeration.station.01","BIGC_S1_20170627","2017-06-27T17:54Z",1369,"2017-06-27T20:48:00Z",47.00,,20.22,,51.72,,51.98
"bbd13729-c6a5-438d-853d-2fe66700f6b3","e4825723-8197-4b1e-94ac-263c5d2887ab","D17","BIGC","BIGC.AOS.reaeration.station.01","BIGC_S1_20170627","2017-06-27T17:54Z",2469,"2017-06-27T23:51:20Z",55.30,,26.17,,54.09,,54.01
"cc7a1b28-471c-4872-ba36-018fa585bfe0","e4825723-8197-4b1e-94ac-263c5d2887ab","D17","BIGC","BIGC.AOS.reaeration.station.01","BIGC_S1_20170627","2017-06-27T17:54Z",829,"2017-06-27T19:18:00Z",86.90,,16.29,,104.24,,105.01
"d6f69454-8cf3-406d-8b86-c669064d21fc","e4825723-8197-4b1e-94ac-263c5d2887ab","D17","BIGC","BIGC.AOS.reaeration.station.01","BIGC_S1_20170627","2017-06-27T17:54Z",1165,"2017-06-27T20:14:00Z",90.20,,17.43,,105.45,,106.17
"a9b3343b-1cff-4fd3-bcf0-a69f319fd89c","e4825723-8197-4b1e-94ac-263c5d2887ab","D17","BIGC","BIGC.AOS.reaeration.station.01","BIGC_S1_20170627","2017-06-27T17:54Z",1725,"2017-06-27T21:47:20Z",51.90,,25.10,,51.80,,51.79
"711224ee-bcc0-4f01-a2b8-3b60d3ca94fe","e4825723-8197-4b1e-94ac-263c5d2887ab","D17","BIGC","BIGC.AOS.reaeration.station.01","BIGC_S1_20170627","2017-06-27T17:54Z",762,"2017-06-27T19:06:50Z",86.50,,16.06,,104.31,,105.08
"91fce898-6868-4516-b861-1129c79e9542","e4825723-8197-4b1e-94ac-263c5d2887ab","D17","BIGC","BIGC.AOS.reaeration.station.01","BIGC_S1_20170627","2017-06-27T17:54Z",1936,"2017-06-27T22:22:30Z",53.90,,26.11,,52.78,,52.71
"bcce1a91-c8dc-47bb-a788-dc5c45f5e200","e4825723-8197-4b1e-94ac-263c5d2887ab","D17","BIGC","BIGC.AOS.reaeration.station.01","BIGC_S1_20170627","2017-06-27T17:54Z",618,"2017-06-27T18:42:50Z",82.40,,15.52,,100.62,,101.38
"cda1ab9c-c1db-44f2-b305-4bc0702669f1","e4825723-8197-4b1e-94ac-263c5d2887ab","D17","BIGC","BIGC.AOS.reaeration.station.01","BIGC_S1_20170627","2017-06-27T17:54Z",1286,"2017-06-27T20:34:10Z",87.30,,17.73,,101.38,,102.06
"dd5abe8a-ac62-4f40-8e24-201eda3eea2f","e4825723-8197-4b1e-94ac-263c5d2887ab","D17","BIGC","BIGC.AOS.reaeration.station.01","BIGC_S1_20170627","2017-06-27T17:54Z",1271,"2017-06-27T20:31:40Z",87.30,,17.70,,101.44,,102.13
"41712852-1222-487d-8915-5fd212e044d5","e4825723-8197-4b1e-94ac-263c5d2887ab","D17","BIGC","BIGC.AOS.reaeration.station.01","BIGC_S1_20170627","2017-06-27T17:54Z",1689,"2017-06-27T21:41:20Z",51.70,,24.77,,51.93,,51.94
"23e52e53-8e88-49db-9c9e-6dbc797c0992","e4825723-8197-4b1e-94ac-263c5d2887ab","D17","BIGC","BIGC.AOS.reaeration.station.01","BIGC_S1_20170627","2017-06-27T17:54Z",2314,"2017-06-27T23:25:30Z",54.80,,26.05,,53.72,,53.65
"10492a2a-cdbb-4ec0-9eeb-9c941cdc3bf4","e4825723-8197-4b1e-94ac-263c5d2887ab","D17","BIGC","BIGC.AOS.reaeration.station.01","BIGC_S1_20170627","2017-06-27T17:54Z",2560,"2017-06-28T00:06:30Z",55.70,,26.17,,54.48,,54.40
"8c0a7f6f-0a33-4677-97ed-2362056b1385","e4825723-8197-4b1e-94ac-263c5d2887ab","D17","BIGC","BIGC.AOS.reaeration.station.01","BIGC_S1_20170627","2017-06-27T17:54Z",714,"2017-06-27T18:58:50Z",86.50,,15.88,,104.75,,105.53
"2de5692e-0054-4bd1-a5fa-a298801281a9","e4825723-8197-4b1e-94ac-263c5d2887ab","D17","BIGC","BIGC.AOS.reaeration.station.01","BIGC_S1_20170627","2017-06-27T17:54Z",1318,"2017-06-27T20:39:30Z",44.30,,18.40,,50.69,,51.01
"d4b41673-13c6-4ff1-9920-e1fdaf01c438","e4825723-8197-4b1e-94ac-263c5d2887ab","D17","BIGC","BIGC.AOS.reaeration.station.01","BIGC_S1_20170627","2017-06-27T17:54Z",174,"2017-06-27T17:28:50Z",79.90,,14.45,,100.06,,100.83
"a7974e5f-0a63-4edc-bb91-513f343e3f25","e4825723-8197-4b1e-94ac-263c5d2887ab","D17","BIGC","BIGC.AOS.reaeration.station.01","BIGC_S1_20170627","2017-06-27T17:54Z",1129,"2017-06-27T20:08:00Z",90.50,,17.31,,106.08,,106.81
"35374122-2db1-4d59-9785-9161509b3e9e","e4825723-8197-4b1e-94ac-263c5d2887ab","D17","BIGC","BIGC.AOS.reaeration.station.01","BIGC_S1_20170627","2017-06-27T17:54Z",627,"2017-06-27T18:44:20Z",82.40,,15.56,,100.53,,101.28
"77f5917b-2e3c-476d-91f9-4a4a31057b57","e4825723-8197-4b1e-94ac-263c5d2887ab","D17","BIGC","BIGC.AOS.reaeration.station.01","BIGC_S1_20170627","2017-06-27T17:54Z",444,"2017-06-27T18:13:50Z",81.10,,14.93,,100.41,,101.18
"2e8582c3-3609-44ae-bf40-a8d7e95ac84d","e4825723-8197-4b1e-94ac-263c5d2887ab","D17","BIGC","BIGC.AOS.reaeration.station.01","BIGC_S1_20170627","2017-06-27T17:54Z",1350,"2017-06-27T20:44:50Z",46.00,,19.62,,51.27,,51.55
"409e66b2-f184-4d9d-8a38-d26491868114","e4825723-8197-4b1e-94ac-263c5d2887ab","D17","BIGC","BIGC.AOS.reaeration.station.01","BIGC_S1_20170627","2017-06-27T17:54Z",657,"2017-06-27T18:49:20Z",86.30,,15.66,,105.04,,105.83
"928eaa19-542c-414e-90a8-1ce09bdd9c4a","e4825723-8197-4b1e-94ac-263c5d2887ab","D17","BIGC","BIGC.AOS.reaeration.station.01","BIGC_S1_20170627","2017-06-27T17:54Z",878,"2017-06-27T19:26:10Z",87.20,,16.44,,104.24,,105.00
"bff5e1dc-b695-4ad9-ab92-0a6594ed316a","e4825723-8197-4b1e-94ac-263c5d2887ab","D17","BIGC","BIGC.AOS.reaeration.station.01","BIGC_S1_20170627","2017-06-27T17:54Z",722,"2017-06-27T19:00:10Z",86.40,,15.92,,104.53,,105.31
"835cf579-b76e-42b4-921e-ebb4055cb392","e4825723-8197-4b1e-94ac-263c5d2887ab","D17","BIGC","BIGC.AOS.reaeration.station.01","BIGC_S1_20170627","2017-06-27T17:54Z",290,"2017-06-27T17:48:10Z",79.90,,14.73,,99.40,,100.16
"f849fa30-f864-4cd3-b12c-104033e21223","e4825723-8197-4b1e-94ac-263c5d2887ab","D17","BIGC","BIGC.AOS.reaeration.station.01","BIGC_S1_20170627","2017-06-27T17:54Z",1802,"2017-06-27T22:00:10Z",52.60,,25.52,,52.08,,52.05
"ad37479a-eb66-4b19-97e6-f35837eceaba","e4825723-8197-4b1e-94ac-263c5d2887ab","D17","BIGC","BIGC.AOS.reaeration.station.01","BIGC_S1_20170627","2017-06-27T17:54Z",2040,"2017-06-27T22:39:50Z",54.20,,26.14,,53.04,,52.97
"d92e946f-a333-4742-849c-3690c4c19d73","e4825723-8197-4b1e-94ac-263c5d2887ab","D17","BIGC","BIGC.AOS.reaeration.station.01","BIGC_S1_20170627","2017-06-27T17:54Z",1901,"2017-06-27T22:16:40Z",53.50,,26.03,,52.47,,52.40
"564ae49e-8476-4fd5-9825-40757f30a9bd","e4825723-8197-4b1e-94ac-263c5d2887ab","D17","BIGC","BIGC.AOS.reaeration.station.01","BIGC_S1_20170627","2017-06-27T17:54Z",213,"2017-06-27T17:35:20Z",80.10,,14.44,,100.34,,101.11
"7584410b-fe68-4cb2-9ebb-7b9a48bdf7c9","e4825723-8197-4b1e-94ac-263c5d2887ab","D17","BIGC","BIGC.AOS.reaeration.station.01","BIGC_S1_20170627","2017-06-27T17:54Z",2192,"2017-06-27T23:05:10Z",54.50,,26.06,,53.42,,53.35
"1ffcb6dd-968e-49e5-96e4-0f6c61db9426","e4825723-8197-4b1e-94ac-263c5d2887ab","D17","BIGC","BIGC.AOS.reaeration.station.01","BIGC_S1_20170627","2017-06-27T17:54Z",1538,"2017-06-27T21:16:10Z",49.90,,22.95,,51.93,,52.06
"144e2871-e1b1-40f5-a59d-77ae40c94837","e4825723-8197-4b1e-94ac-263c5d2887ab","D17","BIGC","BIGC.AOS.reaeration.station.01","BIGC_S1_20170627","2017-06-27T17:54Z",2048,"2017-06-27T22:41:10Z",54.20,,26.12,,53.06,,52.99
"ce83d453-1bd9-4337-9a43-72384218370d","e4825723-8197-4b1e-94ac-263c5d2887ab","D17","BIGC","BIGC.AOS.reaeration.station.01","BIGC_S1_20170627","2017-06-27T17:54Z",459,"2017-06-27T18:16:20Z",81.20,,14.99,,100.39,,101.16
"c906c571-f482-4b7e-8542-fa9eb14288a3","e4825723-8197-4b1e-94ac-263c5d2887ab","D17","BIGC","BIGC.AOS.reaeration.station.01","BIGC_S1_20170627","2017-06-27T17:54Z",508,"2017-06-27T18:24:30Z",81.50,,15.13,,100.43,,101.20
"250581c4-3aba-4ddb-af3c-c4c0b1638869","e4825723-8197-4b1e-94ac-263c5d2887ab","D17","BIGC","BIGC.AOS.reaeration.station.01","BIGC_S1_20170627","2017-06-27T17:54Z",795,"2017-06-27T19:12:20Z",86.60,,16.19,,104.12,,104.89
"97074d0b-c3bf-4ed4-a7e6-5025f328a8bc","e4825723-8197-4b1e-94ac-263c5d2887ab","D17","BIGC","BIGC.AOS.reaeration.station.01","BIGC_S1_20170627","2017-06-27T17:54Z",280,"2017-06-27T17:46:30Z",80.10,,14.62,,99.91,,100.67
"514517f0-d4c2-42df-a447-80f2d121df9d","e4825723-8197-4b1e-94ac-263c5d2887ab","D17","BIGC","BIGC.AOS.reaeration.station.01","BIGC_S1_20170627","2017-06-27T17:54Z",200,"2017-06-27T17:33:10Z",80.00,,14.47,,100.14,,100.91
"81516b5d-def8-4ba9-af6b-4611dbc94cfe","e4825723-8197-4b1e-94ac-263c5d2887ab","D17","BIGC","BIGC.AOS.reaeration.station.01","BIGC_S1_20170627","2017-06-27T17:54Z",45,"2017-06-27T17:07:20Z",79.50,,14.26,,100.02,,100.79
"b723713f-3a1d-41bf-86e8-237f77c4fc9d","e4825723-8197-4b1e-94ac-263c5d2887ab","D17","BIGC","BIGC.AOS.reaeration.station.01","BIGC_S1_20170627","2017-06-27T17:54Z",580,"2017-06-27T18:36:30Z",82.10,,15.40,,100.53,,101.29
"5752f60a-a7d1-453d-88a9-a4c78b303084","e4825723-8197-4b1e-94ac-263c5d2887ab","D17","BIGC","BIGC.AOS.reaeration.station.01","BIGC_S1_20170627","2017-06-27T17:54Z",141,"2017-06-27T17:23:20Z",79.70,,14.38,,99.98,,100.75
"93bfa2dc-adec-4b32-93fc-b2cb3006d85e","e4825723-8197-4b1e-94ac-263c5d2887ab","D17","BIGC","BIGC.AOS.reaeration.station.01","BIGC_S1_20170627","2017-06-27T17:54Z",2140,"2017-06-27T22:56:30Z",54.40,,26.08,,53.30,,53.23
"967bf3db-f586-4486-b87e-ee3d57da4c4a","e4825723-8197-4b1e-94ac-263c5d2887ab","D17","BIGC","BIGC.AOS.reaeration.station.01","BIGC_S1_20170627","2017-06-27T17:54Z",67,"2017-06-27T17:11:00Z",79.70,,14.25,,100.29,,101.06
"e9175975-f842-4311-b7cd-41eedc792476","e4825723-8197-4b1e-94ac-263c5d2887ab","D17","BIGC","BIGC.AOS.reaeration.station.01","BIGC_S1_20170627","2017-06-27T17:54Z",1125,"2017-06-27T20:07:20Z",89.40,,17.31,,104.79,,105.52
"3eacf1a5-a742-47a4-a417-71b1e701ba32","e4825723-8197-4b1e-94ac-263c5d2887ab","D17","BIGC","BIGC.AOS.reaeration.station.01","BIGC_S1_20170627","2017-06-27T17:54Z",201,"2017-06-27T17:33:20Z",79.60,,14.62,,99.28,,100.05
"9071ce48-7fa7-432a-97c7-fb228288969e","e4825723-8197-4b1e-94ac-263c5d2887ab","D17","BIGC","BIGC.AOS.reaeration.station.01","BIGC_S1_20170627","2017-06-27T17:54Z",222,"2017-06-27T17:36:50Z",79.90,,14.56,,99.80,,100.57
"6090ba28-d555-40ce-9e2c-eaf8587e4493","e4825723-8197-4b1e-94ac-263c5d2887ab","D17","BIGC","BIGC.AOS.reaeration.station.01","BIGC_S1_20170627","2017-06-27T17:54Z",2123,"2017-06-27T22:53:40Z",54.30,,26.09,,53.19,,53.12
"200c11cc-1159-40e8-b91d-e334e48436d8","e4825723-8197-4b1e-94ac-263c5d2887ab","D17","BIGC","BIGC.AOS.reaeration.station.01","BIGC_S1_20170627","2017-06-27T17:54Z",2357,"2017-06-27T23:32:40Z",54.90,,26.08,,53.79,,53.72
"dcaa8e53-ddeb-4146-ba07-172248c6b445","e4825723-8197-4b1e-94ac-263c5d2887ab","D17","BIGC","BIGC.AOS.reaeration.station.01","BIGC_S1_20170627","2017-06-27T17:54Z",2010,"2017-06-27T22:34:50Z",54.10,,26.14,,52.95,,52.87
"db6f43d9-87ab-49f8-b93c-15c49ad5322e","e4825723-8197-4b1e-94ac-263c5d2887ab","D17","BIGC","BIGC.AOS.reaeration.station.01","BIGC_S1_20170627","2017-06-27T17:54Z",1877,"2017-06-27T22:12:40Z",53.20,,25.96,,52.24,,52.18
"c81fabf0-2735-4b76-8f6a-742e3def7e56","e4825723-8197-4b1e-94ac-263c5d2887ab","D17","BIGC","BIGC.AOS.reaeration.station.01","BIGC_S1_20170627","2017-06-27T17:54Z",1097,"2017-06-27T20:02:40Z",90.60,,17.22,,106.41,,107.15
"f6b8a28c-bc8d-4dd6-a0cc-2a583bfb5c1c","e4825723-8197-4b1e-94ac-263c5d2887ab","D17","BIGC","BIGC.AOS.reaeration.station.01","BIGC_S1_20170627","2017-06-27T17:54Z",2141,"2017-06-27T22:56:40Z",54.40,,26.08,,53.30,,53.23
"5b1ec8aa-6aa0-43b6-93a3-07a557921b38","e4825723-8197-4b1e-94ac-263c5d2887ab","D17","BIGC","BIGC.AOS.reaeration.station.01","BIGC_S1_20170627","2017-06-27T17:54Z",89,"2017-06-27T17:14:40Z",79.80,,14.25,,100.42,,101.19
"fac037e3-9f48-4b6f-acc5-dbb5ad97cb72","e4825723-8197-4b1e-94ac-263c5d2887ab","D17","BIGC","BIGC.AOS.reaeration.station.01","BIGC_S1_20170627","2017-06-27T17:54Z",1114,"2017-06-27T20:05:30Z",90.20,,17.27,,105.82,,106.56
"128ff29e-257e-4f0f-b9b6-2d80233afafa","e4825723-8197-4b1e-94ac-263c5d2887ab","D17","BIGC","BIGC.AOS.reaeration.station.01","BIGC_S1_20170627","2017-06-27T17:54Z",1497,"2017-06-27T21:09:20Z",49.40,,22.49,,51.89,,52.04
"ffcae23c-7a4f-4de5-b374-f5cb697b5332","e4825723-8197-4b1e-94ac-263c5d2887ab","D17","BIGC","BIGC.AOS.reaeration.station.01","BIGC_S1_20170627","2017-06-27T17:54Z",2072,"2017-06-27T22:45:10Z",54.20,,26.11,,53.07,,53.00
"6bee15f5-5c1e-4a75-9a7e-e67b70f4ba11","e4825723-8197-4b1e-94ac-263c5d2887ab","D17","BIGC","BIGC.AOS.reaeration.station.01","BIGC_S1_20170627","2017-06-27T17:54Z",879,"2017-06-27T19:26:20Z",87.70,,16.44,,104.84,,105.60
"448d6c12-b01c-40ae-8448-3fc69eea4725","e4825723-8197-4b1e-94ac-263c5d2887ab","D17","BIGC","BIGC.AOS.reaeration.station.01","BIGC_S1_20170627","2017-06-27T17:54Z",892,"2017-06-27T19:28:30Z",87.40,,16.48,,104.39,,105.15
"40b3609c-949c-4260-83b1-07ebc7e99159","e4825723-8197-4b1e-94ac-263c5d2887ab","D17","BIGC","BIGC.AOS.reaeration.station.01","BIGC_S1_20170627","2017-06-27T17:54Z",834,"2017-06-27T19:18:50Z",86.80,,16.29,,104.12,,104.89
"6b69450f-2fbd-4b54-9870-3162087d595b","e4825723-8197-4b1e-94ac-263c5d2887ab","D17","BIGC","BIGC.AOS.reaeration.station.01","BIGC_S1_20170627","2017-06-27T17:54Z",2563,"2017-06-28T00:07:00Z",55.70,,26.17,,54.48,,54.40
"970cc8ae-000e-4d53-be35-95bdfafb210d","e4825723-8197-4b1e-94ac-263c5d2887ab","D17","BIGC","BIGC.AOS.reaeration.station.01","BIGC_S1_20170627","2017-06-27T17:54Z",1371,"2017-06-27T20:48:20Z",47.10,,20.27,,51.78,,52.03
"32308cd0-fca9-4ff9-966f-32f6abc09a62","e4825723-8197-4b1e-94ac-263c5d2887ab","D17","BIGC","BIGC.AOS.reaeration.station.01","BIGC_S1_20170627","2017-06-27T17:54Z",418,"2017-06-27T18:09:30Z",80.80,,14.92,,100.07,,100.83
"c4d104dd-030b-4e05-bc23-4b847d176845","e4825723-8197-4b1e-94ac-263c5d2887ab","D17","BIGC","BIGC.AOS.reaeration.station.01","BIGC_S1_20170627","2017-06-27T17:54Z",1152,"2017-06-27T20:11:50Z",90.90,,17.40,,106.34,,107.07
"ef3ff37f-784d-42db-9188-6742a8fc3f41","e4825723-8197-4b1e-94ac-263c5d2887ab","D17","BIGC","BIGC.AOS.reaeration.station.01","BIGC_S1_20170627","2017-06-27T17:54Z",2246,"2017-06-27T23:14:10Z",54.70,,26.05,,53.62,,53.55
"ecbdf7a2-9b0f-4353-8c3d-4c0bb1b048a8","e4825723-8197-4b1e-94ac-263c5d2887ab","D17","BIGC","BIGC.AOS.reaeration.station.01","BIGC_S1_20170627","2017-06-27T17:54Z",2409,"2017-06-27T23:41:20Z",55.10,,26.14,,53.93,,53.85
"bbc16075-f279-45ee-9e5b-ee4322f14f9a","e4825723-8197-4b1e-94ac-263c5d2887ab","D17","BIGC","BIGC.AOS.reaeration.station.01","BIGC_S1_20170627","2017-06-27T17:54Z",524,"2017-06-27T18:27:10Z",81.30,,15.26,,99.88,,100.64
"1b3c5308-814e-4a62-85c1-a87ff1d2892c","e4825723-8197-4b1e-94ac-263c5d2887ab","D17","BIGC","BIGC.AOS.reaeration.station.01","BIGC_S1_20170627","2017-06-27T17:54Z",1757,"2017-06-27T21:52:40Z",52.20,,25.26,,51.94,,51.93
"4e6aca92-7555-40fe-ab12-19f8f430ccb2","e4825723-8197-4b1e-94ac-263c5d2887ab","D17","BIGC","BIGC.AOS.reaeration.station.01","BIGC_S1_20170627","2017-06-27T17:54Z",2535,"2017-06-28T00:02:20Z",55.40,,26.18,,54.18,,54.10
"5b66d795-5620-496a-b9a7-df52b51e68ca","e4825723-8197-4b1e-94ac-263c5d2887ab","D17","BIGC","BIGC.AOS.reaeration.station.01","BIGC_S1_20170627","2017-06-27T17:54Z",1439,"2017-06-27T20:59:40Z",48.80,,21.70,,52.08,,52.27
"29ab2067-d67b-449a-b3a7-9a5c4b0ba574","e4825723-8197-4b1e-94ac-263c5d2887ab","D17","BIGC","BIGC.AOS.reaeration.station.01","BIGC_S1_20170627","2017-06-27T17:54Z",1235,"2017-06-27T20:25:40Z",91.10,,17.63,,106.02,,106.74
"faee009e-3622-4c43-938d-008796d97f05","e4825723-8197-4b1e-94ac-263c5d2887ab","D17","BIGC","BIGC.AOS.reaeration.station.01","BIGC_S1_20170627","2017-06-27T17:54Z",2423,"2017-06-27T23:43:40Z",55.20,,26.14,,54.02,,53.95
"1772c384-160a-498a-a6e3-7feb10bc7e65","e4825723-8197-4b1e-94ac-263c5d2887ab","D17","BIGC","BIGC.AOS.reaeration.station.01","BIGC_S1_20170627","2017-06-27T17:54Z",745,"2017-06-27T19:04:00Z",86.40,,16.01,,104.31,,105.09
"fe20895d-c544-4994-9d5c-4cc6dfb6fd22","e4825723-8197-4b1e-94ac-263c5d2887ab","D17","BIGC","BIGC.AOS.reaeration.station.01","BIGC_S1_20170627","2017-06-27T17:54Z",393,"2017-06-27T18:05:20Z",80.60,,14.80,,100.10,,100.87
"362dc711-c3b3-47a1-90c3-48cf00b463ea","e4825723-8197-4b1e-94ac-263c5d2887ab","D17","BIGC","BIGC.AOS.reaeration.station.01","BIGC_S1_20170627","2017-06-27T17:54Z",941,"2017-06-27T19:36:40Z",86.30,,16.65,,102.68,,103.41
"6a327058-434d-429d-be32-218be3bdbb91","e4825723-8197-4b1e-94ac-263c5d2887ab","D17","BIGC","BIGC.AOS.reaeration.station.01","BIGC_S1_20170627","2017-06-27T17:54Z",691,"2017-06-27T18:55:00Z",86.30,,15.81,,104.67,,105.46
"f7ed6cdb-791b-48f7-8e33-ef62e4ecef51","e4825723-8197-4b1e-94ac-263c5d2887ab","D17","BIGC","BIGC.AOS.reaeration.station.01","BIGC_S1_20170627","2017-06-27T17:54Z",963,"2017-06-27T19:40:20Z",85.10,,16.74,,101.04,,101.76
"92947b31-faf0-40d9-bc7e-7c7fcc55f74d","e4825723-8197-4b1e-94ac-263c5d2887ab","D17","BIGC","BIGC.AOS.reaeration.station.01","BIGC_S1_20170627","2017-06-27T17:54Z",1584,"2017-06-27T21:23:50Z",50.40,,23.39,,52.00,,52.10
"1ba0e117-83e7-4574-aeac-3ac5bbbe3033","e4825723-8197-4b1e-94ac-263c5d2887ab","D17","BIGC","BIGC.AOS.reaeration.station.01","BIGC_S1_20170627","2017-06-27T17:54Z",2498,"2017-06-27T23:56:10Z",55.40,,26.17,,54.19,,54.11
"3b580296-de50-4491-9679-8fed49fc4687","e4825723-8197-4b1e-94ac-263c5d2887ab","D17","BIGC","BIGC.AOS.reaeration.station.01","BIGC_S1_20170627","2017-06-27T17:54Z",399,"2017-06-27T18:06:20Z",80.80,,14.81,,100.33,,101.09
"96c633b5-9dec-461d-8a70-f09ab2fa444f","e4825723-8197-4b1e-94ac-263c5d2887ab","D17","BIGC","BIGC.AOS.reaeration.station.01","BIGC_S1_20170627","2017-06-27T17:54Z",1517,"2017-06-27T21:12:40Z",49.70,,22.72,,51.96,,52.10
"42187650-4229-4e03-b03d-05125f33c1f6","e4825723-8197-4b1e-94ac-263c5d2887ab","D17","BIGC","BIGC.AOS.reaeration.station.01","BIGC_S1_20170627","2017-06-27T17:54Z",843,"2017-06-27T19:20:20Z",87.10,,16.34,,104.36,,105.13
"07bf99d2-1056-4c55-943b-ccf37c520f0e","e4825723-8197-4b1e-94ac-263c5d2887ab","D17","BIGC","BIGC.AOS.reaeration.station.01","BIGC_S1_20170627","2017-06-27T17:54Z",1472,"2017-06-27T21:05:10Z",49.10,,22.19,,51.88,,52.05
"7d28b028-45f0-409b-b0fe-f156884da09b","e4825723-8197-4b1e-94ac-263c5d2887ab","D17","BIGC","BIGC.AOS.reaeration.station.01","BIGC_S1_20170627","2017-06-27T17:54Z",2152,"2017-06-27T22:58:30Z",54.50,,26.06,,53.42,,53.35
"7cc38360-0ac8-40d0-8758-80ad8b2e48c9","e4825723-8197-4b1e-94ac-263c5d2887ab","D17","BIGC","BIGC.AOS.reaeration.station.01","BIGC_S1_20170627","2017-06-27T17:54Z",1078,"2017-06-27T19:59:30Z",89.40,,17.14,,105.19,,105.93
"1b614ce5-19c2-464b-88a7-7c86079763fe","e4825723-8197-4b1e-94ac-263c5d2887ab","D17","BIGC","BIGC.AOS.reaeration.station.01","BIGC_S1_20170627","2017-06-27T17:54Z",614,"2017-06-27T18:42:10Z",82.20,,15.54,,100.33,,101.08
"8a35142b-2455-4550-b9f4-85aa5f88ea3e","e4825723-8197-4b1e-94ac-263c5d2887ab","D17","BIGC","BIGC.AOS.reaeration.station.01","BIGC_S1_20170627","2017-06-27T17:54Z",1272,"2017-06-27T20:31:50Z",87.20,,17.70,,101.33,,102.01
"f647841c-aa37-4945-a1af-45813e899683","e4825723-8197-4b1e-94ac-263c5d2887ab","D17","BIGC","BIGC.AOS.reaeration.station.01","BIGC_S1_20170627","2017-06-27T17:54Z",2283,"2017-06-27T23:20:20Z",54.80,,26.05,,53.72,,53.65
"656f561a-79c6-4d35-bb42-e83dcf385549","e4825723-8197-4b1e-94ac-263c5d2887ab","D17","BIGC","BIGC.AOS.reaeration.station.01","BIGC_S1_20170627","2017-06-27T17:54Z",1080,"2017-06-27T19:59:50Z",90.00,,17.18,,105.80,,106.54
"61bf859e-4d8f-4ae9-9bf2-1b5bd0b78df6","e4825723-8197-4b1e-94ac-263c5d2887ab","D17","BIGC","BIGC.AOS.reaeration.station.01","BIGC_S1_20170627","2017-06-27T17:54Z",1851,"2017-06-27T22:08:20Z",53.10,,25.84,,52.26,,52.21
"e38c8da2-e18d-49d2-a940-fd6980e59f11","e4825723-8197-4b1e-94ac-263c5d2887ab","D17","BIGC","BIGC.AOS.reaeration.station.01","BIGC_S1_20170627","2017-06-27T17:54Z",1639,"2017-06-27T21:33:00Z",51.20,,24.19,,52.00,,52.05
"7376dc9a-9633-46fe-8f6a-743af791dac2","e4825723-8197-4b1e-94ac-263c5d2887ab","D17","BIGC","BIGC.AOS.reaeration.station.01","BIGC_S1_20170627","2017-06-27T17:54Z",248,"2017-06-27T17:41:10Z",80.10,,14.57,,100.03,,100.79
"bc7b9395-e559-4804-a25c-79ce485cf870","e4825723-8197-4b1e-94ac-263c5d2887ab","D17","BIGC","BIGC.AOS.reaeration.station.01","BIGC_S1_20170627","2017-06-27T17:54Z",2461,"2017-06-27T23:50:00Z",55.20,,26.16,,54.00,,53.92
"f7c2a501-389c-44ab-9b97-5cc74fd0455e","e4825723-8197-4b1e-94ac-263c5d2887ab","D17","BIGC","BIGC.AOS.reaeration.station.01","BIGC_S1_20170627","2017-06-27T17:54Z",669,"2017-06-27T18:51:20Z",86.00,,15.71,,104.55,,105.34
"dd8bf035-ddc9-4308-bb5e-f224a2dd0033","e4825723-8197-4b1e-94ac-263c5d2887ab","D17","BIGC","BIGC.AOS.reaeration.station.01","BIGC_S1_20170627","2017-06-27T17:54Z",1190,"2017-06-27T20:18:10Z",91.10,,17.50,,106.33,,107.06
"34a28ad6-52e0-457a-a286-6ea7a9068fb1","e4825723-8197-4b1e-94ac-263c5d2887ab","D17","BIGC","BIGC.AOS.reaeration.station.01","BIGC_S1_20170627","2017-06-27T17:54Z",2003,"2017-06-27T22:33:40Z",53.90,,26.14,,52.75,,52.68
"d7f7a244-34a1-4bc2-a52d-54b851661836","e4825723-8197-4b1e-94ac-263c5d2887ab","D17","BIGC","BIGC.AOS.reaeration.station.01","BIGC_S1_20170627","2017-06-27T17:54Z",318,"2017-06-27T17:52:50Z",80.40,,14.65,,100.21,,100.98
"24442837-ea54-412b-9849-6a6a47818139","e4825723-8197-4b1e-94ac-263c5d2887ab","D17","BIGC","BIGC.AOS.reaeration.station.01","BIGC_S1_20170627","2017-06-27T17:54Z",300,"2017-06-27T17:49:50Z",80.40,,14.62,,100.28,,101.05
"da056793-abf4-4df9-a8fa-8f96779c1247","e4825723-8197-4b1e-94ac-263c5d2887ab","D17","BIGC","BIGC.AOS.reaeration.station.01","BIGC_S1_20170627","2017-06-27T17:54Z",2206,"2017-06-27T23:07:30Z",54.50,,26.05,,53.43,,53.36
"7473eeb6-6de5-443a-9564-d812d6b22861","e4825723-8197-4b1e-94ac-263c5d2887ab","D17","BIGC","BIGC.AOS.reaeration.station.01","BIGC_S1_20170627","2017-06-27T17:54Z",1322,"2017-06-27T20:40:10Z",44.60,,18.69,,50.71,,51.02
"6f3ca7a8-ec8a-44b5-90b6-8e97f9fe97f4","e4825723-8197-4b1e-94ac-263c5d2887ab","D17","BIGC","BIGC.AOS.reaeration.station.01","BIGC_S1_20170627","2017-06-27T17:54Z",1563,"2017-06-27T21:20:20Z",50.10,,23.19,,51.89,,52.00
"532f72d1-7bd0-427e-883f-cd2395a9268e","e4825723-8197-4b1e-94ac-263c5d2887ab","D17","BIGC","BIGC.AOS.reaeration.station.01","BIGC_S1_20170627","2017-06-27T17:54Z",1578,"2017-06-27T21:22:50Z",50.30,,23.32,,51.97,,52.07
"ab8423c1-cc30-4145-b7fa-9cece6e1d3fe","e4825723-8197-4b1e-94ac-263c5d2887ab","D17","BIGC","BIGC.AOS.reaeration.station.01","BIGC_S1_20170627","2017-06-27T17:54Z",1488,"2017-06-27T21:07:50Z",49.30,,22.39,,51.89,,52.04
"8544deb1-1968-4c7d-bc4a-572e096dc950","e4825723-8197-4b1e-94ac-263c5d2887ab","D17","BIGC","BIGC.AOS.reaeration.station.01","BIGC_S1_20170627","2017-06-27T17:54Z",320,"2017-06-27T17:53:10Z",80.40,,14.65,,100.21,,100.98
"3e95d423-fc13-4025-98f6-77dc2448adb5","e4825723-8197-4b1e-94ac-263c5d2887ab","D17","BIGC","BIGC.AOS.reaeration.station.01","BIGC_S1_20170627","2017-06-27T17:54Z",1441,"2017-06-27T21:00:00Z",48.80,,21.72,,52.06,,52.25
"912e8736-be69-4ead-b985-d16ef6d31702","e4825723-8197-4b1e-94ac-263c5d2887ab","D17","BIGC","BIGC.AOS.reaeration.station.01","BIGC_S1_20170627","2017-06-27T17:54Z",804,"2017-06-27T19:13:50Z",86.60,,16.22,,104.05,,104.81
"3f59766c-b86e-40d5-b4a8-aaa7d1a74ec6","e4825723-8197-4b1e-94ac-263c5d2887ab","D17","BIGC","BIGC.AOS.reaeration.station.01","BIGC_S1_20170627","2017-06-27T17:54Z",1399,"2017-06-27T20:53:00Z",47.90,,20.94,,51.93,,52.15
"dda2e342-38df-441e-bf59-c23d1819f645","e4825723-8197-4b1e-94ac-263c5d2887ab","D17","BIGC","BIGC.AOS.reaeration.station.01","BIGC_S1_20170627","2017-06-27T17:54Z",1751,"2017-06-27T21:51:40Z",52.10,,25.22,,51.88,,51.87
"65f65c25-6a20-4470-bd93-bbd32315ce21","e4825723-8197-4b1e-94ac-263c5d2887ab","D17","BIGC","BIGC.AOS.reaeration.station.01","BIGC_S1_20170627","2017-06-27T17:54Z",2324,"2017-06-27T23:27:10Z",54.80,,26.05,,53.72,,53.65
"b7285574-35a6-4384-a493-0334d15cb398","e4825723-8197-4b1e-94ac-263c5d2887ab","D17","BIGC","BIGC.AOS.reaeration.station.01","BIGC_S1_20170627","2017-06-27T17:54Z",1952,"2017-06-27T22:25:10Z",53.90,,26.14,,52.75,,52.68
"a7a764fc-d791-4f16-a384-e3e5b61e27af","e4825723-8197-4b1e-94ac-263c5d2887ab","D17","BIGC","BIGC.AOS.reaeration.station.01","BIGC_S1_20170627","2017-06-27T17:54Z",1345,"2017-06-27T20:44:00Z",46.00,,19.65,,51.24,,51.51
"4febc8e9-cfee-44a9-8126-0dfaf2cf2207","e4825723-8197-4b1e-94ac-263c5d2887ab","D17","BIGC","BIGC.AOS.reaeration.station.01","BIGC_S1_20170627","2017-06-27T17:54Z",2211,"2017-06-27T23:08:20Z",54.60,,26.05,,53.53,,53.46
"cab9f835-e969-426a-8e9a-37cf06462da7","e4825723-8197-4b1e-94ac-263c5d2887ab","D17","BIGC","BIGC.AOS.reaeration.station.01","BIGC_S1_20170627","2017-06-27T17:54Z",1958,"2017-06-27T22:26:10Z",53.80,,26.14,,52.65,,52.58
"72e238eb-a083-4170-8519-af44e8b1d241","e4825723-8197-4b1e-94ac-263c5d2887ab","D17","BIGC","BIGC.AOS.reaeration.station.01","BIGC_S1_20170627","2017-06-27T17:54Z",1058,"2017-06-27T19:56:10Z",89.40,,17.07,,105.36,,106.10
"2717eb1d-0ce1-428c-b1a8-9dde7f3aa8cf","e4825723-8197-4b1e-94ac-263c5d2887ab","D17","BIGC","BIGC.AOS.reaeration.station.01","BIGC_S1_20170627","2017-06-27T17:54Z",1856,"2017-06-27T22:09:10Z",53.10,,25.86,,52.24,,52.19
"d2e62bb1-8cae-47e2-84d2-16f828a35089","e4825723-8197-4b1e-94ac-263c5d2887ab","D17","BIGC","BIGC.AOS.reaeration.station.01","BIGC_S1_20170627","2017-06-27T17:54Z",825,"2017-06-27T19:17:20Z",87.00,,16.28,,104.39,,105.15
"e3a57761-7bca-41b3-87ba-31ce3251ae59","e4825723-8197-4b1e-94ac-263c5d2887ab","D17","BIGC","BIGC.AOS.reaeration.station.01","BIGC_S1_20170627","2017-06-27T17:54Z",1507,"2017-06-27T21:11:00Z",49.50,,22.61,,51.87,,52.01
"645988a0-8657-4540-9911-53d2f7cf93a3","e4825723-8197-4b1e-94ac-263c5d2887ab","D17","BIGC","BIGC.AOS.reaeration.station.01","BIGC_S1_20170627","2017-06-27T17:54Z",1210,"2017-06-27T20:21:30Z",90.90,,17.56,,105.96,,106.68
"3c76eca0-04b2-4f00-8fff-645d5640bace","e4825723-8197-4b1e-94ac-263c5d2887ab","D17","BIGC","BIGC.AOS.reaeration.station.01","BIGC_S1_20170627","2017-06-27T17:54Z",865,"2017-06-27T19:24:00Z",87.20,,16.42,,104.29,,105.05
"ce8d63bc-e862-46e8-b17c-f39fa78e0f5b","e4825723-8197-4b1e-94ac-263c5d2887ab","D17","BIGC","BIGC.AOS.reaeration.station.01","BIGC_S1_20170627","2017-06-27T17:54Z",163,"2017-06-27T17:27:00Z",79.80,,14.42,,100.01,,100.78
"4779f7f8-f838-4e20-a93e-3a1a1f3483a7","e4825723-8197-4b1e-94ac-263c5d2887ab","D17","BIGC","BIGC.AOS.reaeration.station.01","BIGC_S1_20170627","2017-06-27T17:54Z",112,"2017-06-27T17:18:30Z",79.80,,14.33,,100.23,,101.00
"aa23aced-c687-4dcd-84d5-3fc8e684d57f","e4825723-8197-4b1e-94ac-263c5d2887ab","D17","BIGC","BIGC.AOS.reaeration.station.01","BIGC_S1_20170627","2017-06-27T17:54Z",14,"2017-06-27T17:02:10Z",79.50,,14.18,,100.21,,100.98
"2b4209d8-882a-4f76-a210-4eb277e70ac2","e4825723-8197-4b1e-94ac-263c5d2887ab","D17","BIGC","BIGC.AOS.reaeration.station.01","BIGC_S1_20170627","2017-06-27T17:54Z",753,"2017-06-27T19:05:20Z",86.10,,16.05,,103.85,,104.62
"6d94572a-e45a-43c0-983b-ae10837dc367","e4825723-8197-4b1e-94ac-263c5d2887ab","D17","BIGC","BIGC.AOS.reaeration.station.01","BIGC_S1_20170627","2017-06-27T17:54Z",242,"2017-06-27T17:40:10Z",80.10,,14.50,,100.19,,100.96
"8a1ae45c-ffec-46f8-ad42-993746478474","e4825723-8197-4b1e-94ac-263c5d2887ab","D17","BIGC","BIGC.AOS.reaeration.station.01","BIGC_S1_20170627","2017-06-27T17:54Z",1382,"2017-06-27T20:50:10Z",47.50,,20.56,,51.90,,52.14
"5e10d1dd-09bd-4aeb-942a-28a16eac9ad5","e4825723-8197-4b1e-94ac-263c5d2887ab","D17","BIGC","BIGC.AOS.reaeration.station.01","BIGC_S1_20170627","2017-06-27T17:54Z",1898,"2017-06-27T22:16:10Z",53.40,,26.02,,52.38,,52.31
"78f5db84-3fdc-4984-a355-5874bcba490e","e4825723-8197-4b1e-94ac-263c5d2887ab","D17","BIGC","BIGC.AOS.reaeration.station.01","BIGC_S1_20170627","2017-06-27T17:54Z",1677,"2017-06-27T21:39:20Z",51.60,,24.64,,51.96,,51.98
"76730131-b01b-45c2-b5fd-0e43bbb64c4c","e4825723-8197-4b1e-94ac-263c5d2887ab","D17","BIGC","BIGC.AOS.reaeration.station.01","BIGC_S1_20170627","2017-06-27T17:54Z",978,"2017-06-27T19:42:50Z",85.10,,16.78,,100.95,,101.67
"97746daf-cb2a-41a8-8c35-7c14d9992386","e4825723-8197-4b1e-94ac-263c5d2887ab","D17","BIGC","BIGC.AOS.reaeration.station.01","BIGC_S1_20170627","2017-06-27T17:54Z",1324,"2017-06-27T20:40:30Z",44.90,,18.89,,50.83,,51.14
"9b8a1a4b-3fb9-435c-a2aa-057069e00e2f","e4825723-8197-4b1e-94ac-263c5d2887ab","D17","BIGC","BIGC.AOS.reaeration.station.01","BIGC_S1_20170627","2017-06-27T17:54Z",717,"2017-06-27T18:59:20Z",86.50,,15.89,,104.72,,105.50
"d702a84d-351b-4665-a39f-22effcda6daa","e4825723-8197-4b1e-94ac-263c5d2887ab","D17","BIGC","BIGC.AOS.reaeration.station.01","BIGC_S1_20170627","2017-06-27T17:54Z",2571,"2017-06-28T00:08:20Z",55.80,,26.18,,54.57,,54.49
"7d70c0c5-a1c0-478d-a6d9-422e47d3c105","e4825723-8197-4b1e-94ac-263c5d2887ab","D17","BIGC","BIGC.AOS.reaeration.station.01","BIGC_S1_20170627","2017-06-27T17:54Z",1087,"2017-06-27T20:01:00Z",90.30,,17.18,,106.16,,106.90
"c1657201-e075-4c99-9172-02bb422e6e8e","e4825723-8197-4b1e-94ac-263c5d2887ab","D17","BIGC","BIGC.AOS.reaeration.station.01","BIGC_S1_20170627","2017-06-27T17:54Z",1799,"2017-06-27T21:59:40Z",52.60,,25.51,,52.09,,52.06
"c5b91e96-f51f-4579-9387-04d4512e58b3","e4825723-8197-4b1e-94ac-263c5d2887ab","D17","BIGC","BIGC.AOS.reaeration.station.01","BIGC_S1_20170627","2017-06-27T17:54Z",2521,"2017-06-28T00:00:00Z",55.50,,26.18,,54.28,,54.20
"85f68797-09e6-4c9c-915c-8ead2dd0748e","e4825723-8197-4b1e-94ac-263c5d2887ab","D17","BIGC","BIGC.AOS.reaeration.station.01","BIGC_S1_20170627","2017-06-27T17:54Z",417,"2017-06-27T18:09:20Z",80.90,,14.85,,100.36,,101.12
"25d0ff54-1379-438a-ba94-dfb937eb53ad","e4825723-8197-4b1e-94ac-263c5d2887ab","D17","BIGC","BIGC.AOS.reaeration.station.01","BIGC_S1_20170627","2017-06-27T17:54Z",1216,"2017-06-27T20:22:30Z",90.80,,17.57,,105.82,,106.53
"0bd6eedb-0b88-4298-9365-42494afc7d76","e4825723-8197-4b1e-94ac-263c5d2887ab","D17","BIGC","BIGC.AOS.reaeration.station.01","BIGC_S1_20170627","2017-06-27T17:54Z",1317,"2017-06-27T20:39:20Z",44.10,,18.38,,50.48,,50.80
"b7ab8f5a-ecca-4c82-8e6c-ca12b80c1b4a","e4825723-8197-4b1e-94ac-263c5d2887ab","D17","BIGC","BIGC.AOS.reaeration.station.01","BIGC_S1_20170627","2017-06-27T17:54Z",321,"2017-06-27T17:53:20Z",80.40,,14.65,,100.21,,100.98
"04411d65-2bee-4bcd-8972-9c58f7e0fefd","e4825723-8197-4b1e-94ac-263c5d2887ab","D17","BIGC","BIGC.AOS.reaeration.station.01","BIGC_S1_20170627","2017-06-27T17:54Z",2429,"2017-06-27T23:44:40Z",55.20,,26.14,,54.02,,53.95
"07f67f48-b4ad-4af0-921c-dc6ee1d67437","e4825723-8197-4b1e-94ac-263c5d2887ab","D17","BIGC","BIGC.AOS.reaeration.station.01","BIGC_S1_20170627","2017-06-27T17:54Z",1081,"2017-06-27T20:00:00Z",90.00,,17.18,,105.80,,106.54
"e82d690b-85b2-4af6-97d8-9cd192e0008a","e4825723-8197-4b1e-94ac-263c5d2887ab","D17","BIGC","BIGC.AOS.reaeration.station.01","BIGC_S1_20170627","2017-06-27T17:54Z",1706,"2017-06-27T21:44:10Z",51.80,,24.94,,51.86,,51.86
"444d2796-cc98-4830-afc8-d90ede4eb716","e4825723-8197-4b1e-94ac-263c5d2887ab","D17","BIGC","BIGC.AOS.reaeration.station.01","BIGC_S1_20170627","2017-06-27T17:54Z",1070,"2017-06-27T19:58:10Z",89.70,,17.12,,105.59,,106.33
"93c0a1e4-3048-4355-bd67-d7c29473d183","e4825723-8197-4b1e-94ac-263c5d2887ab","D17","BIGC","BIGC.AOS.reaeration.station.01","BIGC_S1_20170627","2017-06-27T17:54Z",1556,"2017-06-27T21:19:10Z",50.10,,23.13,,51.96,,52.07
"b42c2c69-80df-4380-a08f-c802524e05a5","e4825723-8197-4b1e-94ac-263c5d2887ab","D17","BIGC","BIGC.AOS.reaeration.station.01","BIGC_S1_20170627","2017-06-27T17:54Z",1479,"2017-06-27T21:06:20Z",49.20,,22.29,,51.89,,52.04
"489a5d4e-a584-4019-967f-f3e72aaa3d49","e4825723-8197-4b1e-94ac-263c5d2887ab","D17","BIGC","BIGC.AOS.reaeration.station.01","BIGC_S1_20170627","2017-06-27T17:54Z",286,"2017-06-27T17:47:30Z",80.40,,14.55,,100.45,,101.22
"2f9bc488-33a7-4d7d-af87-2eba08f9b5fd","e4825723-8197-4b1e-94ac-263c5d2887ab","D17","BIGC","BIGC.AOS.reaeration.station.01","BIGC_S1_20170627","2017-06-27T17:54Z",489,"2017-06-27T18:21:20Z",81.40,,15.05,,100.50,,101.27
"ac860571-2915-45ba-bb20-1b1632650cfd","e4825723-8197-4b1e-94ac-263c5d2887ab","D17","BIGC","BIGC.AOS.reaeration.station.01","BIGC_S1_20170627","2017-06-27T17:54Z",2315,"2017-06-27T23:25:40Z",54.80,,26.04,,53.73,,53.66
"f6334e74-18e1-45fa-9600-4c024b788d27","e4825723-8197-4b1e-94ac-263c5d2887ab","D17","BIGC","BIGC.AOS.reaeration.station.01","BIGC_S1_20170627","2017-06-27T17:54Z",1266,"2017-06-27T20:30:50Z",87.40,,17.69,,101.58,,102.27
"2c69742c-d53e-4e4b-9a65-06b6a2ffc8ac","e4825723-8197-4b1e-94ac-263c5d2887ab","D17","BIGC","BIGC.AOS.reaeration.station.01","BIGC_S1_20170627","2017-06-27T17:54Z",1650,"2017-06-27T21:34:50Z",51.30,,24.33,,51.96,,52.01
"2c044b4f-bc93-4a76-8033-174f0a07c02f","e4825723-8197-4b1e-94ac-263c5d2887ab","D17","BIGC","BIGC.AOS.reaeration.station.01","BIGC_S1_20170627","2017-06-27T17:54Z",1089,"2017-06-27T20:01:20Z",90.00,,17.19,,105.78,,106.52
"471f1f4f-7276-48e5-9a45-10d041b88fd1","e4825723-8197-4b1e-94ac-263c5d2887ab","D17","BIGC","BIGC.AOS.reaeration.station.01","BIGC_S1_20170627","2017-06-27T17:54Z",357,"2017-06-27T17:59:20Z",80.60,,14.71,,100.32,,101.08
"9b778aa9-957a-46c2-bc49-a706ca70d0df","e4825723-8197-4b1e-94ac-263c5d2887ab","D17","BIGC","BIGC.AOS.reaeration.station.01","BIGC_S1_20170627","2017-06-27T17:54Z",2064,"2017-06-27T22:43:50Z",54.20,,26.11,,53.07,,53.00
"e687c477-c9b2-492a-9776-2cb5e43ac527","e4825723-8197-4b1e-94ac-263c5d2887ab","D17","BIGC","BIGC.AOS.reaeration.station.01","BIGC_S1_20170627","2017-06-27T17:54Z",2046,"2017-06-27T22:40:50Z",54.20,,26.12,,53.06,,52.99
"3fad2efa-25e2-4b15-94c5-26689bd2573e","e4825723-8197-4b1e-94ac-263c5d2887ab","D17","BIGC","BIGC.AOS.reaeration.station.01","BIGC_S1_20170627","2017-06-27T17:54Z",207,"2017-06-27T17:34:20Z",79.90,,14.54,,99.85,,100.61
"cabe623f-1405-47dd-b421-964c5919a9c3","e4825723-8197-4b1e-94ac-263c5d2887ab","D17","BIGC","BIGC.AOS.reaeration.station.01","BIGC_S1_20170627","2017-06-27T17:54Z",1598,"2017-06-27T21:26:10Z",50.50,,23.61,,51.88,,51.96
"92ebfc5c-d085-4a11-bca5-0d641fef82e7","e4825723-8197-4b1e-94ac-263c5d2887ab","D17","BIGC","BIGC.AOS.reaeration.station.01","BIGC_S1_20170627","2017-06-27T17:54Z",2287,"2017-06-27T23:21:00Z",54.70,,26.05,,53.62,,53.55
"8c082261-8de2-46b6-bf98-0a618901b67d","e4825723-8197-4b1e-94ac-263c5d2887ab","D17","BIGC","BIGC.AOS.reaeration.station.01","BIGC_S1_20170627","2017-06-27T17:54Z",2194,"2017-06-27T23:05:30Z",54.50,,26.06,,53.42,,53.35
"3ebd7347-cb30-4fff-85ac-372346112814","e4825723-8197-4b1e-94ac-263c5d2887ab","D17","BIGC","BIGC.AOS.reaeration.station.01","BIGC_S1_20170627","2017-06-27T17:54Z",306,"2017-06-27T17:50:50Z",80.40,,14.65,,100.21,,100.98
"036d91c9-9398-4197-9990-b8b9121af006","e4825723-8197-4b1e-94ac-263c5d2887ab","D17","BIGC","BIGC.AOS.reaeration.station.01","BIGC_S1_20170627","2017-06-27T17:54Z",789,"2017-06-27T19:11:20Z",87.00,,16.14,,104.72,,105.49
"2ad64d99-5477-42f6-98f3-09d8c79cb994","e4825723-8197-4b1e-94ac-263c5d2887ab","D17","BIGC","BIGC.AOS.reaeration.station.01","BIGC_S1_20170627","2017-06-27T17:54Z",2417,"2017-06-27T23:42:40Z",55.10,,26.14,,53.93,,53.85
"107ac45c-6552-4c2b-ad7b-1f469e369624","e4825723-8197-4b1e-94ac-263c5d2887ab","D17","BIGC","BIGC.AOS.reaeration.station.01","BIGC_S1_20170627","2017-06-27T17:54Z",1208,"2017-06-27T20:21:10Z",91.30,,17.57,,106.40,,107.12
"bf6e75e5-f0f5-404f-b0fe-451c8a8d39c5","e4825723-8197-4b1e-94ac-263c5d2887ab","D17","BIGC","BIGC.AOS.reaeration.station.01","BIGC_S1_20170627","2017-06-27T17:54Z",2464,"2017-06-27T23:50:30Z",55.20,,26.17,,53.99,,53.91
"6c725c5e-8001-4de5-97e2-02765e82bb8c","e4825723-8197-4b1e-94ac-263c5d2887ab","D17","BIGC","BIGC.AOS.reaeration.station.01","BIGC_S1_20170627","2017-06-27T17:54Z",2474,"2017-06-27T23:52:10Z",55.20,,26.17,,53.99,,53.91
"b8b2b5fc-2102-44db-9dbe-5e8c4bbf5a94","e4825723-8197-4b1e-94ac-263c5d2887ab","D17","BIGC","BIGC.AOS.reaeration.station.01","BIGC_S1_20170627","2017-06-27T17:54Z",385,"2017-06-27T18:04:00Z",80.60,,14.81,,100.08,,100.84
"513aa192-5526-4219-8b43-0196fdbcdbba","e4825723-8197-4b1e-94ac-263c5d2887ab","D17","BIGC","BIGC.AOS.reaeration.station.01","BIGC_S1_20170627","2017-06-27T17:54Z",2154,"2017-06-27T22:58:50Z",54.50,,26.06,,53.42,,53.35
"87e57c5c-e9e4-467f-bba7-5c5ee7b6b568","e4825723-8197-4b1e-94ac-263c5d2887ab","D17","BIGC","BIGC.AOS.reaeration.station.01","BIGC_S1_20170627","2017-06-27T17:54Z",1326,"2017-06-27T20:40:50Z",45.10,,19.00,,50.94,,51.24
"3d6deb27-b69b-4e3c-bdea-215bda7794a8","e4825723-8197-4b1e-94ac-263c5d2887ab","D17","BIGC","BIGC.AOS.reaeration.station.01","BIGC_S1_20170627","2017-06-27T17:54Z",2201,"2017-06-27T23:06:40Z",54.60,,26.06,,53.52,,53.45
"3fead972-3b47-4697-bcb4-157e8cb6bc48","e4825723-8197-4b1e-94ac-263c5d2887ab","D17","BIGC","BIGC.AOS.reaeration.station.01","BIGC_S1_20170627","2017-06-27T17:54Z",2613,"2017-06-28T00:14:50Z",53.60,,25.19,,53.41,,53.39
"5931275b-0907-4154-a01e-3178ec5d0d00","e4825723-8197-4b1e-94ac-263c5d2887ab","D17","BIGC","BIGC.AOS.reaeration.station.01","BIGC_S1_20170627","2017-06-27T17:54Z",138,"2017-06-27T17:22:50Z",79.80,,14.38,,100.11,,100.87
"f593f10e-116b-486e-9219-635b2fd699ab","e4825723-8197-4b1e-94ac-263c5d2887ab","D17","BIGC","BIGC.AOS.reaeration.station.01","BIGC_S1_20170627","2017-06-27T17:54Z",2587,"2017-06-28T00:11:00Z",55.70,,25.98,,54.68,,54.61
"ae25ad59-579a-45c3-8b17-569839eb6728","e4825723-8197-4b1e-94ac-263c5d2887ab","D17","BIGC","BIGC.AOS.reaeration.station.01","BIGC_S1_20170627","2017-06-27T17:54Z",397,"2017-06-27T18:06:00Z",80.70,,14.83,,100.15,,100.92
"cd58b52d-082f-4d8f-80ba-1273e221d3d6","e4825723-8197-4b1e-94ac-263c5d2887ab","D17","BIGC","BIGC.AOS.reaeration.station.01","BIGC_S1_20170627","2017-06-27T17:54Z",1573,"2017-06-27T21:22:00Z",50.20,,23.27,,51.92,,52.02
"c07ecea7-82e4-45ca-9c61-140d550cd31d","e4825723-8197-4b1e-94ac-263c5d2887ab","D17","BIGC","BIGC.AOS.reaeration.station.01","BIGC_S1_20170627","2017-06-27T17:54Z",752,"2017-06-27T19:05:10Z",86.30,,16.04,,104.12,,104.89
"6f93da14-f362-4e54-a98b-2ec07da4360b","e4825723-8197-4b1e-94ac-263c5d2887ab","D17","BIGC","BIGC.AOS.reaeration.station.01","BIGC_S1_20170627","2017-06-27T17:54Z",139,"2017-06-27T17:23:00Z",79.90,,14.31,,100.40,,101.17
"713fd455-9db2-47de-8437-3f768ed9c1fa","e4825723-8197-4b1e-94ac-263c5d2887ab","D17","BIGC","BIGC.AOS.reaeration.station.01","BIGC_S1_20170627","2017-06-27T17:54Z",853,"2017-06-27T19:22:00Z",87.20,,16.36,,104.43,,105.20
"2da90be1-f3d3-4127-866c-0ad5a1622b3f","e4825723-8197-4b1e-94ac-263c5d2887ab","D17","BIGC","BIGC.AOS.reaeration.station.01","BIGC_S1_20170627","2017-06-27T17:54Z",1143,"2017-06-27T20:10:20Z",90.80,,17.37,,106.29,,107.02
"0050aa7e-973e-4e4f-a7b8-e60d46765c94","e4825723-8197-4b1e-94ac-263c5d2887ab","D17","BIGC","BIGC.AOS.reaeration.station.01","BIGC_S1_20170627","2017-06-27T17:54Z",1167,"2017-06-27T20:14:20Z",90.70,,17.43,,106.03,,106.76
"2910628a-ecc2-4ac0-af4e-0445cbd81d25","e4825723-8197-4b1e-94ac-263c5d2887ab","D17","BIGC","BIGC.AOS.reaeration.station.01","BIGC_S1_20170627","2017-06-27T17:54Z",175,"2017-06-27T17:29:00Z",79.90,,14.45,,100.06,,100.83
"28c4108a-8bf1-4352-be60-fa8427a5d393","e4825723-8197-4b1e-94ac-263c5d2887ab","D17","BIGC","BIGC.AOS.reaeration.station.01","BIGC_S1_20170627","2017-06-27T17:54Z",1914,"2017-06-27T22:18:50Z",53.70,,26.06,,52.63,,52.56
"a5eb28f3-8798-49ec-9547-000e726f9dc9","e4825723-8197-4b1e-94ac-263c5d2887ab","D17","BIGC","BIGC.AOS.reaeration.station.01","BIGC_S1_20170627","2017-06-27T17:54Z",2160,"2017-06-27T22:59:50Z",54.50,,26.06,,53.42,,53.35
"0395f7b3-4cee-4df0-a01a-01d3a0c33031","e4825723-8197-4b1e-94ac-263c5d2887ab","D17","BIGC","BIGC.AOS.reaeration.station.01","BIGC_S1_20170627","2017-06-27T17:54Z",1621,"2017-06-27T21:30:00Z",50.90,,23.95,,51.94,,52.01
"1433af1b-c7e2-4058-8f4b-caec9938e22d","e4825723-8197-4b1e-94ac-263c5d2887ab","D17","BIGC","BIGC.AOS.reaeration.station.01","BIGC_S1_20170627","2017-06-27T17:54Z",1376,"2017-06-27T20:49:10Z",47.30,,20.40,,51.86,,52.11
"9747b35a-96d3-4374-beef-d836bf8a8d9d","e4825723-8197-4b1e-94ac-263c5d2887ab","D17","BIGC","BIGC.AOS.reaeration.station.01","BIGC_S1_20170627","2017-06-27T17:54Z",708,"2017-06-27T18:57:50Z",86.70,,15.84,,105.09,,105.87
"cfc37cdf-cfd6-4a3f-9379-eada91120a2e","e4825723-8197-4b1e-94ac-263c5d2887ab","D17","BIGC","BIGC.AOS.reaeration.station.01","BIGC_S1_20170627","2017-06-27T17:54Z",50,"2017-06-27T17:08:10Z",79.50,,14.25,,100.04,,100.81
"4782899a-4d7c-4be7-9411-17f46f71e34c","e4825723-8197-4b1e-94ac-263c5d2887ab","D17","BIGC","BIGC.AOS.reaeration.station.01","BIGC_S1_20170627","2017-06-27T17:54Z",233,"2017-06-27T17:38:40Z",80.10,,14.50,,100.19,,100.96
"d588d886-274b-4897-ab36-0d8a83e5f04c","e4825723-8197-4b1e-94ac-263c5d2887ab","D17","BIGC","BIGC.AOS.reaeration.station.01","BIGC_S1_20170627","2017-06-27T17:54Z",1027,"2017-06-27T19:51:00Z",90.10,,16.98,,106.40,,107.15
"3b547c2a-690c-4f7e-a12f-f8d1aa267249","e4825723-8197-4b1e-94ac-263c5d2887ab","D17","BIGC","BIGC.AOS.reaeration.station.01","BIGC_S1_20170627","2017-06-27T17:54Z",178,"2017-06-27T17:29:30Z",79.90,,14.42,,100.14,,100.90
"e646c740-11df-4e2d-baf7-702f40535349","e4825723-8197-4b1e-94ac-263c5d2887ab","D17","BIGC","BIGC.AOS.reaeration.station.01","BIGC_S1_20170627","2017-06-27T17:54Z",464,"2017-06-27T18:17:10Z",81.20,,14.98,,100.42,,101.19
"0682c75d-13ea-4934-b1c8-65bfe15598a1","e4825723-8197-4b1e-94ac-263c5d2887ab","D17","BIGC","BIGC.AOS.reaeration.station.01","BIGC_S1_20170627","2017-06-27T17:54Z",864,"2017-06-27T19:23:50Z",87.40,,16.40,,104.58,,105.34
"48e19d8e-cc4d-4695-8982-9d309ad544f7","e4825723-8197-4b1e-94ac-263c5d2887ab","D17","BIGC","BIGC.AOS.reaeration.station.01","BIGC_S1_20170627","2017-06-27T17:54Z",1896,"2017-06-27T22:15:50Z",53.40,,26.02,,52.38,,52.31
"f48f11ad-72e3-48a9-896c-b7046e610abc","e4825723-8197-4b1e-94ac-263c5d2887ab","D17","BIGC","BIGC.AOS.reaeration.station.01","BIGC_S1_20170627","2017-06-27T17:54Z",1990,"2017-06-27T22:31:30Z",53.90,,26.14,,52.75,,52.68
"76128fa4-c274-4bb9-a46e-aed70228932e","e4825723-8197-4b1e-94ac-263c5d2887ab","D17","BIGC","BIGC.AOS.reaeration.station.01","BIGC_S1_20170627","2017-06-27T17:54Z",755,"2017-06-27T19:05:40Z",86.60,,16.04,,104.48,,105.25
"c3d2a1ad-ce09-41fc-9c3d-61ced8de4f0b","e4825723-8197-4b1e-94ac-263c5d2887ab","D17","BIGC","BIGC.AOS.reaeration.station.01","BIGC_S1_20170627","2017-06-27T17:54Z",2384,"2017-06-27T23:37:10Z",55.00,,26.11,,53.86,,53.78
"3a8f06de-5f4f-470a-9085-d367fcd7806b","e4825723-8197-4b1e-94ac-263c5d2887ab","D17","BIGC","BIGC.AOS.reaeration.station.01","BIGC_S1_20170627","2017-06-27T17:54Z",2208,"2017-06-27T23:07:50Z",54.60,,26.05,,53.53,,53.46
"47f88df9-f128-403d-8916-c6b634d04a60","e4825723-8197-4b1e-94ac-263c5d2887ab","D17","BIGC","BIGC.AOS.reaeration.station.01","BIGC_S1_20170627","2017-06-27T17:54Z",1008,"2017-06-27T19:47:50Z",86.20,,16.90,,101.98,,102.70
"9e370da8-a416-4165-a949-a01546c67a53","e4825723-8197-4b1e-94ac-263c5d2887ab","D17","BIGC","BIGC.AOS.reaeration.station.01","BIGC_S1_20170627","2017-06-27T17:54Z",1029,"2017-06-27T19:51:20Z",88.30,,16.97,,104.30,,105.03
"836f2430-b715-426c-adfd-0c26d6748ea8","e4825723-8197-4b1e-94ac-263c5d2887ab","D17","BIGC","BIGC.AOS.reaeration.station.01","BIGC_S1_20170627","2017-06-27T17:54Z",2480,"2017-06-27T23:53:10Z",55.30,,26.17,,54.09,,54.01
"f83bf9b2-80d9-4833-977b-97c9a5115415","e4825723-8197-4b1e-94ac-263c5d2887ab","D17","BIGC","BIGC.AOS.reaeration.station.01","BIGC_S1_20170627","2017-06-27T17:54Z",1890,"2017-06-27T22:14:50Z",53.40,,26.00,,52.40,,52.33
"ac2d4a1d-8474-4b9a-8469-22ed6c3b56b4","e4825723-8197-4b1e-94ac-263c5d2887ab","D17","BIGC","BIGC.AOS.reaeration.station.01","BIGC_S1_20170627","2017-06-27T17:54Z",694,"2017-06-27T18:55:30Z",86.20,,15.81,,104.55,,105.33
"baf64d5d-1d17-44de-8e4e-aeb42097f6c9","e4825723-8197-4b1e-94ac-263c5d2887ab","D17","BIGC","BIGC.AOS.reaeration.station.01","BIGC_S1_20170627","2017-06-27T17:54Z",786,"2017-06-27T19:10:50Z",87.20,,16.13,,104.99,,105.76
"94f2b9b8-da91-4423-9026-850e6a4f0f5b","e4825723-8197-4b1e-94ac-263c5d2887ab","D17","BIGC","BIGC.AOS.reaeration.station.01","BIGC_S1_20170627","2017-06-27T17:54Z",1734,"2017-06-27T21:48:50Z",52.00,,25.15,,51.85,,51.84
"f2584a6e-4669-4ec1-bd0e-c4e43a57f416","e4825723-8197-4b1e-94ac-263c5d2887ab","D17","BIGC","BIGC.AOS.reaeration.station.01","BIGC_S1_20170627","2017-06-27T17:54Z",1330,"2017-06-27T20:41:30Z",45.00,,19.01,,50.81,,51.11
"31fa8bd1-c99c-437f-af31-53892f333998","e4825723-8197-4b1e-94ac-263c5d2887ab","D17","BIGC","BIGC.AOS.reaeration.station.01","BIGC_S1_20170627","2017-06-27T17:54Z",1928,"2017-06-27T22:21:10Z",53.70,,26.09,,52.60,,52.53
"db5008ae-eee0-407d-9057-656b48937d9a","e4825723-8197-4b1e-94ac-263c5d2887ab","D17","BIGC","BIGC.AOS.reaeration.station.01","BIGC_S1_20170627","2017-06-27T17:54Z",127,"2017-06-27T17:21:00Z",79.90,,14.31,,100.40,,101.17
"f65eb18d-3f0a-4ee7-bd0e-d0fc059688cf","e4825723-8197-4b1e-94ac-263c5d2887ab","D17","BIGC","BIGC.AOS.reaeration.station.01","BIGC_S1_20170627","2017-06-27T17:54Z",389,"2017-06-27T18:04:40Z",80.80,,14.78,,100.40,,101.17
"80cd97e0-af88-44f6-8435-8f05a8076bfc","e4825723-8197-4b1e-94ac-263c5d2887ab","D17","BIGC","BIGC.AOS.reaeration.station.01","BIGC_S1_20170627","2017-06-27T17:54Z",814,"2017-06-27T19:15:30Z",87.10,,16.23,,104.63,,105.39
"2a92f357-ef7c-464f-96dc-dfc7c16ce6ee","e4825723-8197-4b1e-94ac-263c5d2887ab","D17","BIGC","BIGC.AOS.reaeration.station.01","BIGC_S1_20170627","2017-06-27T17:54Z",731,"2017-06-27T19:01:40Z",85.90,,15.96,,103.83,,104.60
"3ff1d4c6-3681-4cdf-90d0-2c62ce598f0b","e4825723-8197-4b1e-94ac-263c5d2887ab","D17","BIGC","BIGC.AOS.reaeration.station.01","BIGC_S1_20170627","2017-06-27T17:54Z",206,"2017-06-27T17:34:10Z",80.00,,14.45,,100.19,,100.96
"6f171beb-bf2e-47fa-a796-3279ba914e86","e4825723-8197-4b1e-94ac-263c5d2887ab","D17","BIGC","BIGC.AOS.reaeration.station.01","BIGC_S1_20170627","2017-06-27T17:54Z",2591,"2017-06-28T00:11:40Z",55.40,,25.73,,54.64,,54.59
"54ec46d4-d25d-4325-8a4b-452223b542e6","e4825723-8197-4b1e-94ac-263c5d2887ab","D17","BIGC","BIGC.AOS.reaeration.station.01","BIGC_S1_20170627","2017-06-27T17:54Z",463,"2017-06-27T18:17:00Z",81.10,,14.98,,100.29,,101.06
"ddce7081-cb5f-432d-b7a6-619065a1c825","e4825723-8197-4b1e-94ac-263c5d2887ab","D17","BIGC","BIGC.AOS.reaeration.station.01","BIGC_S1_20170627","2017-06-27T17:54Z",477,"2017-06-27T18:19:20Z",81.40,,15.01,,100.59,,101.36
"b68087d7-4ff9-4a9d-9b73-ebeed20ed15f","e4825723-8197-4b1e-94ac-263c5d2887ab","D17","BIGC","BIGC.AOS.reaeration.station.01","BIGC_S1_20170627","2017-06-27T17:54Z",768,"2017-06-27T19:07:50Z",87.00,,16.07,,104.89,,105.67
"ae6622d3-4ab7-4a56-a5d5-23abd728947d","e4825723-8197-4b1e-94ac-263c5d2887ab","D17","BIGC","BIGC.AOS.reaeration.station.01","BIGC_S1_20170627","2017-06-27T17:54Z",2391,"2017-06-27T23:38:20Z",55.10,,26.11,,53.96,,53.88
"a9d9d8b0-c877-41ae-8396-b9fa911eac64","e4825723-8197-4b1e-94ac-263c5d2887ab","D17","BIGC","BIGC.AOS.reaeration.station.01","BIGC_S1_20170627","2017-06-27T17:54Z",13,"2017-06-27T17:02:00Z",79.50,,14.20,,100.16,,100.93
"3a7d3f92-b530-4b10-82ef-4001136b7cb6","e4825723-8197-4b1e-94ac-263c5d2887ab","D17","BIGC","BIGC.AOS.reaeration.station.01","BIGC_S1_20170627","2017-06-27T17:54Z",2114,"2017-06-27T22:52:10Z",54.20,,26.09,,53.09,,53.02
"74c6553d-05a8-457e-ae09-08f6e4a2e48b","e4825723-8197-4b1e-94ac-263c5d2887ab","D17","BIGC","BIGC.AOS.reaeration.station.01","BIGC_S1_20170627","2017-06-27T17:54Z",31,"2017-06-27T17:05:00Z",79.50,,14.23,,100.09,,100.86
"59ac4058-7c48-4034-b255-2257df2e1e61","e4825723-8197-4b1e-94ac-263c5d2887ab","D17","BIGC","BIGC.AOS.reaeration.station.01","BIGC_S1_20170627","2017-06-27T17:54Z",1231,"2017-06-27T20:25:00Z",91.30,,17.62,,106.28,,107.00
"4de60330-324a-4648-bc10-c8746d025a53","e4825723-8197-4b1e-94ac-263c5d2887ab","D17","BIGC","BIGC.AOS.reaeration.station.01","BIGC_S1_20170627","2017-06-27T17:54Z",1646,"2017-06-27T21:34:10Z",51.20,,24.28,,51.91,,51.96
"930470fe-2faa-4c91-9fce-dc04759042fa","e4825723-8197-4b1e-94ac-263c5d2887ab","D17","BIGC","BIGC.AOS.reaeration.station.01","BIGC_S1_20170627","2017-06-27T17:54Z",392,"2017-06-27T18:05:10Z",80.50,,14.84,,99.88,,100.65
"287fe2a7-06b8-42fb-9106-f8f4e676c9c3","e4825723-8197-4b1e-94ac-263c5d2887ab","D17","BIGC","BIGC.AOS.reaeration.station.01","BIGC_S1_20170627","2017-06-27T17:54Z",1915,"2017-06-27T22:19:00Z",53.70,,26.06,,52.63,,52.56
"f0c0b5f7-911f-4bcf-8800-d8867a1bd693","e4825723-8197-4b1e-94ac-263c5d2887ab","D17","BIGC","BIGC.AOS.reaeration.station.01","BIGC_S1_20170627","2017-06-27T17:54Z",543,"2017-06-27T18:30:20Z",81.90,,15.26,,100.62,,101.38
"136647d3-81a9-42c9-990e-77cb7e6e7db8","e4825723-8197-4b1e-94ac-263c5d2887ab","D17","BIGC","BIGC.AOS.reaeration.station.01","BIGC_S1_20170627","2017-06-27T17:54Z",1994,"2017-06-27T22:32:10Z",53.90,,26.14,,52.75,,52.68
"07718ed3-daad-46fe-a92a-1e15b0322a8e","e4825723-8197-4b1e-94ac-263c5d2887ab","D17","BIGC","BIGC.AOS.reaeration.station.01","BIGC_S1_20170627","2017-06-27T17:54Z",9,"2017-06-27T17:01:20Z",79.60,,14.17,,100.36,,101.13
"dbac4cb6-93e1-4010-8d9f-d855d1b89950","e4825723-8197-4b1e-94ac-263c5d2887ab","D17","BIGC","BIGC.AOS.reaeration.station.01","BIGC_S1_20170627","2017-06-27T17:54Z",1386,"2017-06-27T20:50:50Z",47.70,,20.64,,52.03,,52.27
"da107a9d-ca90-42f3-bb46-9e3225186682","e4825723-8197-4b1e-94ac-263c5d2887ab","D17","BIGC","BIGC.AOS.reaeration.station.01","BIGC_S1_20170627","2017-06-27T17:54Z",1390,"2017-06-27T20:51:30Z",47.70,,20.74,,51.92,,52.16
"cb20bfe8-7d96-4571-8813-19caed86d20c","e4825723-8197-4b1e-94ac-263c5d2887ab","D17","BIGC","BIGC.AOS.reaeration.station.01","BIGC_S1_20170627","2017-06-27T17:54Z",667,"2017-06-27T18:51:00Z",86.20,,15.71,,104.79,,105.58
"007dec17-7ba8-4970-bdb2-6c8f553066ad","e4825723-8197-4b1e-94ac-263c5d2887ab","D17","BIGC","BIGC.AOS.reaeration.station.01","BIGC_S1_20170627","2017-06-27T17:54Z",2392,"2017-06-27T23:38:30Z",55.00,,26.11,,53.86,,53.78
"5ccd260c-edbc-4cd0-a476-069d28af2bfc","e4825723-8197-4b1e-94ac-263c5d2887ab","D17","BIGC","BIGC.AOS.reaeration.station.01","BIGC_S1_20170627","2017-06-27T17:54Z",2214,"2017-06-27T23:08:50Z",54.60,,26.05,,53.53,,53.46
"7a051be0-df12-4745-8c0d-3f237a300ff1","e4825723-8197-4b1e-94ac-263c5d2887ab","D17","BIGC","BIGC.AOS.reaeration.station.01","BIGC_S1_20170627","2017-06-27T17:54Z",2470,"2017-06-27T23:51:30Z",55.30,,26.17,,54.09,,54.01
"4f01783e-e53d-4183-bc5f-d312daeb0e5c","e4825723-8197-4b1e-94ac-263c5d2887ab","D17","BIGC","BIGC.AOS.reaeration.station.01","BIGC_S1_20170627","2017-06-27T17:54Z",1065,"2017-06-27T19:57:20Z",89.80,,17.09,,105.78,,106.52
"204a7e3c-5d03-4a8a-b34b-f5cefdd2ee1b","e4825723-8197-4b1e-94ac-263c5d2887ab","D17","BIGC","BIGC.AOS.reaeration.station.01","BIGC_S1_20170627","2017-06-27T17:54Z",1083,"2017-06-27T20:00:20Z",90.30,,17.18,,106.16,,106.90
"8ca04976-3559-4a55-be53-c4906773ac28","e4825723-8197-4b1e-94ac-263c5d2887ab","D17","BIGC","BIGC.AOS.reaeration.station.01","BIGC_S1_20170627","2017-06-27T17:54Z",1250,"2017-06-27T20:28:10Z",88.80,,17.67,,103.26,,103.95
"1145da26-8194-4f9a-a6b8-3f6c402def24","e4825723-8197-4b1e-94ac-263c5d2887ab","D17","BIGC","BIGC.AOS.reaeration.station.01","BIGC_S1_20170627","2017-06-27T17:54Z",2533,"2017-06-28T00:02:00Z",55.50,,26.18,,54.28,,54.20
"d6e49b52-757a-465f-961f-75461954db39","e4825723-8197-4b1e-94ac-263c5d2887ab","D17","BIGC","BIGC.AOS.reaeration.station.01","BIGC_S1_20170627","2017-06-27T17:54Z",125,"2017-06-27T17:20:40Z",79.60,,14.43,,99.74,,100.50
"bed02753-93f0-40d5-b10d-8fbc1f7cdc9c","e4825723-8197-4b1e-94ac-263c5d2887ab","D17","BIGC","BIGC.AOS.reaeration.station.01","BIGC_S1_20170627","2017-06-27T17:54Z",2250,"2017-06-27T23:14:50Z",54.70,,26.05,,53.62,,53.55
"b2f0e73b-e404-4953-93e9-67ffb1ed621b","e4825723-8197-4b1e-94ac-263c5d2887ab","D17","BIGC","BIGC.AOS.reaeration.station.01","BIGC_S1_20170627","2017-06-27T17:54Z",76,"2017-06-27T17:12:30Z",79.70,,14.31,,100.15,,100.92
"cba4569d-dfe5-4f78-82ce-70260dcece29","e4825723-8197-4b1e-94ac-263c5d2887ab","D17","BIGC","BIGC.AOS.reaeration.station.01","BIGC_S1_20170627","2017-06-27T17:54Z",1139,"2017-06-27T20:09:40Z",89.80,,17.33,,105.21,,105.94
"f8e784a6-ae49-44fc-8b14-8fbf640df02e","e4825723-8197-4b1e-94ac-263c5d2887ab","D17","BIGC","BIGC.AOS.reaeration.station.01","BIGC_S1_20170627","2017-06-27T17:54Z",1815,"2017-06-27T22:02:20Z",52.70,,25.62,,52.08,,52.04
"75f93c35-4987-4a5f-9a6e-3c1fdbff006f","e4825723-8197-4b1e-94ac-263c5d2887ab","D17","BIGC","BIGC.AOS.reaeration.station.01","BIGC_S1_20170627","2017-06-27T17:54Z",1459,"2017-06-27T21:03:00Z",49.00,,22.00,,51.98,,52.15
"c98e8f40-d064-4b0d-808a-fb370e3a64d8","e4825723-8197-4b1e-94ac-263c5d2887ab","D17","BIGC","BIGC.AOS.reaeration.station.01","BIGC_S1_20170627","2017-06-27T17:54Z",2308,"2017-06-27T23:24:30Z",54.80,,26.05,,53.72,,53.65
"3ecf59cf-f484-4f09-8fde-fb9465c6c805","e4825723-8197-4b1e-94ac-263c5d2887ab","D17","BIGC","BIGC.AOS.reaeration.station.01","BIGC_S1_20170627","2017-06-27T17:54Z",1302,"2017-06-27T20:36:50Z",45.70,,17.74,,53.06,,53.41
"d0781d07-7123-4507-b645-1fb852f705a1","e4825723-8197-4b1e-94ac-263c5d2887ab","D17","BIGC","BIGC.AOS.reaeration.station.01","BIGC_S1_20170627","2017-06-27T17:54Z",1186,"2017-06-27T20:17:30Z",91.00,,17.50,,106.22,,106.94
"2ce11a87-397c-4409-a0f9-f7657e526868","e4825723-8197-4b1e-94ac-263c5d2887ab","D17","BIGC","BIGC.AOS.reaeration.station.01","BIGC_S1_20170627","2017-06-27T17:54Z",106,"2017-06-27T17:17:30Z",79.60,,14.35,,99.93,,100.69
"3c94e2cc-292b-4bcd-8117-bc47291183ba","e4825723-8197-4b1e-94ac-263c5d2887ab","D17","BIGC","BIGC.AOS.reaeration.station.01","BIGC_S1_20170627","2017-06-27T17:54Z",514,"2017-06-27T18:25:30Z",81.40,,15.20,,100.15,,100.91
"87b959ce-1ab8-4508-a8db-e02b18f69f26","e4825723-8197-4b1e-94ac-263c5d2887ab","D17","BIGC","BIGC.AOS.reaeration.station.01","BIGC_S1_20170627","2017-06-27T17:54Z",1565,"2017-06-27T21:20:40Z",50.10,,23.20,,51.88,,51.99
"1855a847-7c58-467a-a727-a6deeb57370b","e4825723-8197-4b1e-94ac-263c5d2887ab","D17","BIGC","BIGC.AOS.reaeration.station.01","BIGC_S1_20170627","2017-06-27T17:54Z",550,"2017-06-27T18:31:30Z",81.90,,15.30,,100.52,,101.29
"2be11ff5-a294-4434-ab0c-10ea339a9dde","e4825723-8197-4b1e-94ac-263c5d2887ab","D17","BIGC","BIGC.AOS.reaeration.station.01","BIGC_S1_20170627","2017-06-27T17:54Z",2220,"2017-06-27T23:09:50Z",54.70,,26.05,,53.62,,53.55
"b81ad805-c90b-4649-be2f-78441ba23432","e4825723-8197-4b1e-94ac-263c5d2887ab","D17","BIGC","BIGC.AOS.reaeration.station.01","BIGC_S1_20170627","2017-06-27T17:54Z",1142,"2017-06-27T20:10:10Z",90.40,,17.36,,105.85,,106.57
"5b086810-5990-4593-92f9-8a5670fe1fab","e4825723-8197-4b1e-94ac-263c5d2887ab","D17","BIGC","BIGC.AOS.reaeration.station.01","BIGC_S1_20170627","2017-06-27T17:54Z",1818,"2017-06-27T22:02:50Z",52.70,,25.64,,52.06,,52.02
"4b0c051f-df2a-437a-8a5b-8a22cdcc0864","e4825723-8197-4b1e-94ac-263c5d2887ab","D17","BIGC","BIGC.AOS.reaeration.station.01","BIGC_S1_20170627","2017-06-27T17:54Z",1149,"2017-06-27T20:11:20Z",90.10,,17.38,,105.45,,106.17
"db1eb1a6-6464-4c26-a840-0b9cb379a20b","e4825723-8197-4b1e-94ac-263c5d2887ab","D17","BIGC","BIGC.AOS.reaeration.station.01","BIGC_S1_20170627","2017-06-27T17:54Z",1633,"2017-06-27T21:32:00Z",51.00,,24.11,,51.88,,51.94
"47f2660e-38f6-4a9d-8ab2-7022085921f7","e4825723-8197-4b1e-94ac-263c5d2887ab","D17","BIGC","BIGC.AOS.reaeration.station.01","BIGC_S1_20170627","2017-06-27T17:54Z",1217,"2017-06-27T20:22:40Z",91.00,,17.57,,106.05,,106.77
"be55d1a3-58aa-4051-844f-23c336bbaf7e","e4825723-8197-4b1e-94ac-263c5d2887ab","D17","BIGC","BIGC.AOS.reaeration.station.01","BIGC_S1_20170627","2017-06-27T17:54Z",245,"2017-06-27T17:40:40Z",80.10,,14.55,,100.07,,100.84
"ef6866ad-d612-4969-85bd-15c49fc71e16","e4825723-8197-4b1e-94ac-263c5d2887ab","D17","BIGC","BIGC.AOS.reaeration.station.01","BIGC_S1_20170627","2017-06-27T17:54Z",185,"2017-06-27T17:30:40Z",80.00,,14.37,,100.38,,101.15
"19772662-7307-4dbf-8726-12f94890e74c","e4825723-8197-4b1e-94ac-263c5d2887ab","D17","BIGC","BIGC.AOS.reaeration.station.01","BIGC_S1_20170627","2017-06-27T17:54Z",391,"2017-06-27T18:05:00Z",80.80,,14.79,,100.37,,101.14
"3d9657db-b6ec-43ba-baae-3f366fc8e453","e4825723-8197-4b1e-94ac-263c5d2887ab","D17","BIGC","BIGC.AOS.reaeration.station.01","BIGC_S1_20170627","2017-06-27T17:54Z",502,"2017-06-27T18:23:30Z",81.30,,15.14,,100.16,,100.93
"1067b422-0865-41d4-9dca-b6d0d224ad35","e4825723-8197-4b1e-94ac-263c5d2887ab","D17","BIGC","BIGC.AOS.reaeration.station.01","BIGC_S1_20170627","2017-06-27T17:54Z",2590,"2017-06-28T00:11:30Z",55.40,,25.75,,54.62,,54.57
"0a86a21e-714a-4208-b350-ec73053f9a68","e4825723-8197-4b1e-94ac-263c5d2887ab","D17","BIGC","BIGC.AOS.reaeration.station.01","BIGC_S1_20170627","2017-06-27T17:54Z",1122,"2017-06-27T20:06:50Z",90.40,,17.30,,105.99,,106.72
"67973b6d-8f72-44cf-bed0-c95c50eb44dc","e4825723-8197-4b1e-94ac-263c5d2887ab","D17","BIGC","BIGC.AOS.reaeration.station.01","BIGC_S1_20170627","2017-06-27T17:54Z",2528,"2017-06-28T00:01:10Z",55.60,,26.18,,54.37,,54.29
"4695f12c-0b4d-4da8-a6fd-7b41e5822d0b","e4825723-8197-4b1e-94ac-263c5d2887ab","D17","BIGC","BIGC.AOS.reaeration.station.01","BIGC_S1_20170627","2017-06-27T17:54Z",1278,"2017-06-27T20:32:50Z",87.30,,17.70,,101.44,,102.13
"6c5d36a0-aa09-450e-b47c-e0f5f1b09f80","e4825723-8197-4b1e-94ac-263c5d2887ab","D17","BIGC","BIGC.AOS.reaeration.station.01","BIGC_S1_20170627","2017-06-27T17:54Z",552,"2017-06-27T18:31:50Z",81.90,,15.30,,100.52,,101.29
"d96e05b2-4fe3-48ac-af7d-0761160e42cf","e4825723-8197-4b1e-94ac-263c5d2887ab","D17","BIGC","BIGC.AOS.reaeration.station.01","BIGC_S1_20170627","2017-06-27T17:54Z",2039,"2017-06-27T22:39:40Z",54.10,,26.14,,52.95,,52.87
"216b1401-a2dd-49f7-81ec-49477a1c2840","e4825723-8197-4b1e-94ac-263c5d2887ab","D17","BIGC","BIGC.AOS.reaeration.station.01","BIGC_S1_20170627","2017-06-27T17:54Z",265,"2017-06-27T17:44:00Z",80.20,,14.55,,100.20,,100.97
"31a0f13e-8049-4b4d-885c-05f2ea47a8e4","e4825723-8197-4b1e-94ac-263c5d2887ab","D17","BIGC","BIGC.AOS.reaeration.station.01","BIGC_S1_20170627","2017-06-27T17:54Z",2462,"2017-06-27T23:50:10Z",55.20,,26.17,,53.99,,53.91
"1a3cf632-b5f9-40c8-bd21-46cc2a5fe631","e4825723-8197-4b1e-94ac-263c5d2887ab","D17","BIGC","BIGC.AOS.reaeration.station.01","BIGC_S1_20170627","2017-06-27T17:54Z",1006,"2017-06-27T19:47:30Z",86.50,,16.91,,102.31,,103.03
"9eb11408-9afa-412b-9578-a35d009d0fff","e4825723-8197-4b1e-94ac-263c5d2887ab","D17","BIGC","BIGC.AOS.reaeration.station.01","BIGC_S1_20170627","2017-06-27T17:54Z",1617,"2017-06-27T21:29:20Z",50.80,,23.89,,51.90,,51.97
"74456fc0-e446-407b-9a2e-302a5784d641","e4825723-8197-4b1e-94ac-263c5d2887ab","D17","BIGC","BIGC.AOS.reaeration.station.01","BIGC_S1_20170627","2017-06-27T17:54Z",1648,"2017-06-27T21:34:30Z",51.20,,24.30,,51.89,,51.94
"5d8069c6-b0a1-4269-ba8d-d6492a8c071e","e4825723-8197-4b1e-94ac-263c5d2887ab","D17","BIGC","BIGC.AOS.reaeration.station.01","BIGC_S1_20170627","2017-06-27T17:54Z",1521,"2017-06-27T21:13:20Z",49.80,,22.77,,52.02,,52.15
"7bec1121-5832-4ea3-90e6-fb4b2714977a","e4825723-8197-4b1e-94ac-263c5d2887ab","D17","BIGC","BIGC.AOS.reaeration.station.01","BIGC_S1_20170627","2017-06-27T17:54Z",1222,"2017-06-27T20:23:30Z",91.00,,17.58,,106.03,,106.75
"4f1fd224-44b9-433a-96f7-cd6fe6fd02fc","e4825723-8197-4b1e-94ac-263c5d2887ab","D17","BIGC","BIGC.AOS.reaeration.station.01","BIGC_S1_20170627","2017-06-27T17:54Z",2184,"2017-06-27T23:03:50Z",54.50,,26.06,,53.42,,53.35
"4040b6f8-3d9c-47a5-89b4-ec8f32e5242d","e4825723-8197-4b1e-94ac-263c5d2887ab","D17","BIGC","BIGC.AOS.reaeration.station.01","BIGC_S1_20170627","2017-06-27T17:54Z",1882,"2017-06-27T22:13:30Z",53.40,,25.97,,52.43,,52.37
"ae1d6f67-8182-423b-8d10-313f7dfb283e","e4825723-8197-4b1e-94ac-263c5d2887ab","D17","BIGC","BIGC.AOS.reaeration.station.01","BIGC_S1_20170627","2017-06-27T17:54Z",2342,"2017-06-27T23:30:10Z",54.90,,26.06,,53.81,,53.74
"9000a4d9-8782-4905-abcf-e90aa0852722","e4825723-8197-4b1e-94ac-263c5d2887ab","D17","BIGC","BIGC.AOS.reaeration.station.01","BIGC_S1_20170627","2017-06-27T17:54Z",199,"2017-06-27T17:33:00Z",80.10,,14.39,,100.46,,101.23
"84f738b7-8890-4ce1-b6a1-7c7e02c59ec2","e4825723-8197-4b1e-94ac-263c5d2887ab","D17","BIGC","BIGC.AOS.reaeration.station.01","BIGC_S1_20170627","2017-06-27T17:54Z",1739,"2017-06-27T21:49:40Z",52.10,,25.18,,51.92,,51.91
"cd09a7f6-b681-4a10-9488-d8ade7aee9d4","e4825723-8197-4b1e-94ac-263c5d2887ab","D17","BIGC","BIGC.AOS.reaeration.station.01","BIGC_S1_20170627","2017-06-27T17:54Z",1904,"2017-06-27T22:17:10Z",53.50,,26.04,,52.46,,52.39
"a990f74d-5b50-4ce4-8fed-01a57c54d56b","e4825723-8197-4b1e-94ac-263c5d2887ab","D17","BIGC","BIGC.AOS.reaeration.station.01","BIGC_S1_20170627","2017-06-27T17:54Z",360,"2017-06-27T17:59:50Z",80.50,,14.73,,100.14,,100.91
"9d7ee82b-0542-4693-b31e-09dcde0bd158","e4825723-8197-4b1e-94ac-263c5d2887ab","D17","BIGC","BIGC.AOS.reaeration.station.01","BIGC_S1_20170627","2017-06-27T17:54Z",599,"2017-06-27T18:39:40Z",82.10,,15.47,,100.37,,101.13
"13c0a06c-b7b1-40f7-a8be-0dba7d97a0ca","e4825723-8197-4b1e-94ac-263c5d2887ab","D17","BIGC","BIGC.AOS.reaeration.station.01","BIGC_S1_20170627","2017-06-27T17:54Z",1800,"2017-06-27T21:59:50Z",52.50,,25.51,,51.99,,51.96
"3cdcb098-176f-4923-a99b-ddad50109ffa","e4825723-8197-4b1e-94ac-263c5d2887ab","D17","BIGC","BIGC.AOS.reaeration.station.01","BIGC_S1_20170627","2017-06-27T17:54Z",1091,"2017-06-27T20:01:40Z",89.40,,17.20,,105.05,,105.78
"08b41935-96e4-487c-9374-ed42901bd9f3","e4825723-8197-4b1e-94ac-263c5d2887ab","D17","BIGC","BIGC.AOS.reaeration.station.01","BIGC_S1_20170627","2017-06-27T17:54Z",91,"2017-06-27T17:15:00Z",79.50,,14.33,,99.85,,100.62
"c4498863-836e-4e94-b1ed-46d50024b62d","e4825723-8197-4b1e-94ac-263c5d2887ab","D17","BIGC","BIGC.AOS.reaeration.station.01","BIGC_S1_20170627","2017-06-27T17:54Z",1841,"2017-06-27T22:06:40Z",53.00,,25.79,,52.21,,52.16
"daab8427-6c0c-43f6-af99-ee2809f95e0c","e4825723-8197-4b1e-94ac-263c5d2887ab","D17","BIGC","BIGC.AOS.reaeration.station.01","BIGC_S1_20170627","2017-06-27T17:54Z",1640,"2017-06-27T21:33:10Z",51.20,,24.19,,52.00,,52.05
"53c48edc-df0a-48d6-ac54-e81637c1c197","e4825723-8197-4b1e-94ac-263c5d2887ab","D17","BIGC","BIGC.AOS.reaeration.station.01","BIGC_S1_20170627","2017-06-27T17:54Z",1458,"2017-06-27T21:02:50Z",49.00,,21.99,,51.99,,52.16
"55422fa7-647a-4676-9123-1892eec3c1ae","e4825723-8197-4b1e-94ac-263c5d2887ab","D17","BIGC","BIGC.AOS.reaeration.station.01","BIGC_S1_20170627","2017-06-27T17:54Z",1430,"2017-06-27T20:58:10Z",48.60,,21.54,,52.04,,52.24
"b0cacb33-1096-4e6e-84fa-0ed5d176cf16","e4825723-8197-4b1e-94ac-263c5d2887ab","D17","BIGC","BIGC.AOS.reaeration.station.01","BIGC_S1_20170627","2017-06-27T17:54Z",170,"2017-06-27T17:28:10Z",79.90,,14.41,,100.16,,100.93
"0fa649a6-9572-4f92-b44c-635ec6e4bf86","e4825723-8197-4b1e-94ac-263c5d2887ab","D17","BIGC","BIGC.AOS.reaeration.station.01","BIGC_S1_20170627","2017-06-27T17:54Z",846,"2017-06-27T19:20:50Z",87.20,,16.35,,104.46,,105.22
"4d9f73b8-681d-4e90-8f51-d79e2bb79e86","e4825723-8197-4b1e-94ac-263c5d2887ab","D17","BIGC","BIGC.AOS.reaeration.station.01","BIGC_S1_20170627","2017-06-27T17:54Z",591,"2017-06-27T18:38:20Z",82.00,,15.47,,100.25,,101.00
"85cf1676-6c01-4c96-a157-a01aa86b9781","e4825723-8197-4b1e-94ac-263c5d2887ab","D17","BIGC","BIGC.AOS.reaeration.station.01","BIGC_S1_20170627","2017-06-27T17:54Z",1354,"2017-06-27T20:45:30Z",45.90,,19.65,,51.12,,51.40
"cdbc2a77-ad2c-4983-99c0-1191444f466c","e4825723-8197-4b1e-94ac-263c5d2887ab","D17","BIGC","BIGC.AOS.reaeration.station.01","BIGC_S1_20170627","2017-06-27T17:54Z",77,"2017-06-27T17:12:40Z",79.60,,14.27,,100.12,,100.89
"7d2f4f0b-5030-431b-a1f0-ad63dd668a9b","e4825723-8197-4b1e-94ac-263c5d2887ab","D17","BIGC","BIGC.AOS.reaeration.station.01","BIGC_S1_20170627","2017-06-27T17:54Z",1710,"2017-06-27T21:44:50Z",51.80,,24.97,,51.83,,51.83
"829ff5bb-e1fe-44c5-aef8-95e09c31733b","e4825723-8197-4b1e-94ac-263c5d2887ab","D17","BIGC","BIGC.AOS.reaeration.station.01","BIGC_S1_20170627","2017-06-27T17:54Z",1417,"2017-06-27T20:56:00Z",48.30,,21.30,,51.97,,52.18
"90b4a0d9-4b0e-402b-8cc5-c27b5702aeee","e4825723-8197-4b1e-94ac-263c5d2887ab","D17","BIGC","BIGC.AOS.reaeration.station.01","BIGC_S1_20170627","2017-06-27T17:54Z",2279,"2017-06-27T23:19:40Z",54.70,,26.05,,53.62,,53.55
"1d960739-c6c9-423c-9462-eb7ac2ae690a","e4825723-8197-4b1e-94ac-263c5d2887ab","D17","BIGC","BIGC.AOS.reaeration.station.01","BIGC_S1_20170627","2017-06-27T17:54Z",1383,"2017-06-27T20:50:20Z",47.50,,20.57,,51.89,,52.13
"6302f54a-9410-42de-8fc3-2c592a22d672","e4825723-8197-4b1e-94ac-263c5d2887ab","D17","BIGC","BIGC.AOS.reaeration.station.01","BIGC_S1_20170627","2017-06-27T17:54Z",906,"2017-06-27T19:30:50Z",88.30,,16.52,,105.37,,106.13
"887e2fb8-8cb1-4b58-a437-efd38d2da107","e4825723-8197-4b1e-94ac-263c5d2887ab","D17","BIGC","BIGC.AOS.reaeration.station.01","BIGC_S1_20170627","2017-06-27T17:54Z",1968,"2017-06-27T22:27:50Z",53.90,,26.14,,52.75,,52.68
"d01b5a87-1723-475e-b907-510166233573","e4825723-8197-4b1e-94ac-263c5d2887ab","D17","BIGC","BIGC.AOS.reaeration.station.01","BIGC_S1_20170627","2017-06-27T17:54Z",1873,"2017-06-27T22:12:00Z",53.20,,25.93,,52.27,,52.21
"a65c385a-dd0d-4d18-9ca6-4647dfc161cd","e4825723-8197-4b1e-94ac-263c5d2887ab","D17","BIGC","BIGC.AOS.reaeration.station.01","BIGC_S1_20170627","2017-06-27T17:54Z",1942,"2017-06-27T22:23:30Z",53.80,,26.11,,52.68,,52.61
"cdc9a920-9711-4ba7-92fa-79485ebf7ebd","e4825723-8197-4b1e-94ac-263c5d2887ab","D17","BIGC","BIGC.AOS.reaeration.station.01","BIGC_S1_20170627","2017-06-27T17:54Z",2025,"2017-06-27T22:37:20Z",54.10,,26.14,,52.95,,52.87
"dbefbc47-e1cd-42dc-8b2d-d67b6719db17","e4825723-8197-4b1e-94ac-263c5d2887ab","D17","BIGC","BIGC.AOS.reaeration.station.01","BIGC_S1_20170627","2017-06-27T17:54Z",844,"2017-06-27T19:20:30Z",86.90,,16.35,,104.10,,104.86
"9a00345b-6210-44a1-b9e0-9322b1572cd7","e4825723-8197-4b1e-94ac-263c5d2887ab","D17","BIGC","BIGC.AOS.reaeration.station.01","BIGC_S1_20170627","2017-06-27T17:54Z",2572,"2017-06-28T00:08:30Z",55.80,,26.18,,54.57,,54.49
"36dc9e04-4930-4134-a0c8-629fdd2df642","e4825723-8197-4b1e-94ac-263c5d2887ab","D17","BIGC","BIGC.AOS.reaeration.station.01","BIGC_S1_20170627","2017-06-27T17:54Z",692,"2017-06-27T18:55:10Z",85.80,,15.81,,104.07,,104.84
"291a24d6-d1fe-473e-b7ee-26820d4a0f20","e4825723-8197-4b1e-94ac-263c5d2887ab","D17","BIGC","BIGC.AOS.reaeration.station.01","BIGC_S1_20170627","2017-06-27T17:54Z",1196,"2017-06-27T20:19:10Z",90.70,,17.52,,105.82,,106.54
"cd252eb1-cc8f-49b7-b54d-a1269ef69b07","e4825723-8197-4b1e-94ac-263c5d2887ab","D17","BIGC","BIGC.AOS.reaeration.station.01","BIGC_S1_20170627","2017-06-27T17:54Z",1545,"2017-06-27T21:17:20Z",49.90,,23.02,,51.86,,51.98
"4be0cffe-2f89-4a56-9d1b-b35c2d07e70c","e4825723-8197-4b1e-94ac-263c5d2887ab","D17","BIGC","BIGC.AOS.reaeration.station.01","BIGC_S1_20170627","2017-06-27T17:54Z",88,"2017-06-27T17:14:30Z",79.70,,14.30,,100.17,,100.94
"b18a65b9-2846-487d-b528-a533286aba9b","e4825723-8197-4b1e-94ac-263c5d2887ab","D17","BIGC","BIGC.AOS.reaeration.station.01","BIGC_S1_20170627","2017-06-27T17:54Z",2550,"2017-06-28T00:04:50Z",55.50,,26.18,,54.28,,54.20
"a3daa2a9-e9be-49ed-92e2-856650591fca","e4825723-8197-4b1e-94ac-263c5d2887ab","D17","BIGC","BIGC.AOS.reaeration.station.01","BIGC_S1_20170627","2017-06-27T17:54Z",665,"2017-06-27T18:50:40Z",86.90,,15.70,,105.67,,106.46
"88fcc0de-3740-4104-a4e2-2f5fa913a194","e4825723-8197-4b1e-94ac-263c5d2887ab","D17","BIGC","BIGC.AOS.reaeration.station.01","BIGC_S1_20170627","2017-06-27T17:54Z",1697,"2017-06-27T21:42:40Z",51.80,,24.85,,51.95,,51.96
"482cccaf-b3cf-4fd0-8c0b-8ee12fcb8fdd","e4825723-8197-4b1e-94ac-263c5d2887ab","D17","BIGC","BIGC.AOS.reaeration.station.01","BIGC_S1_20170627","2017-06-27T17:54Z",558,"2017-06-27T18:32:50Z",81.90,,15.33,,100.45,,101.22
"dadcceb4-6551-4704-a35d-c4ee4f1a2dff","e4825723-8197-4b1e-94ac-263c5d2887ab","D17","BIGC","BIGC.AOS.reaeration.station.01","BIGC_S1_20170627","2017-06-27T17:54Z",1050,"2017-06-27T19:54:50Z",89.20,,17.04,,105.19,,105.93
"52369b41-32ef-41bb-a06e-772f8fca4594","e4825723-8197-4b1e-94ac-263c5d2887ab","D17","BIGC","BIGC.AOS.reaeration.station.01","BIGC_S1_20170627","2017-06-27T17:54Z",328,"2017-06-27T17:54:30Z",80.40,,14.66,,100.19,,100.95
"bd01035a-3ac0-4e50-acd2-6cf048e5f909","e4825723-8197-4b1e-94ac-263c5d2887ab","D17","BIGC","BIGC.AOS.reaeration.station.01","BIGC_S1_20170627","2017-06-27T17:54Z",1117,"2017-06-27T20:06:00Z",89.30,,17.27,,104.77,,105.49
"7e7dc8ec-fa26-4522-a4c9-c06131f74be4","e4825723-8197-4b1e-94ac-263c5d2887ab","D17","BIGC","BIGC.AOS.reaeration.station.01","BIGC_S1_20170627","2017-06-27T17:54Z",323,"2017-06-27T17:53:40Z",80.40,,14.67,,100.16,,100.93
"83469f89-cdd0-4a56-8f1d-33290ba819d6","e4825723-8197-4b1e-94ac-263c5d2887ab","D17","BIGC","BIGC.AOS.reaeration.station.01","BIGC_S1_20170627","2017-06-27T17:54Z",1834,"2017-06-27T22:05:30Z",53.00,,25.74,,52.26,,52.21
"cebb030c-3c6e-462e-bd85-67e16fa65520","e4825723-8197-4b1e-94ac-263c5d2887ab","D17","BIGC","BIGC.AOS.reaeration.station.01","BIGC_S1_20170627","2017-06-27T17:54Z",2477,"2017-06-27T23:52:40Z",55.20,,26.17,,53.99,,53.91
"d89ef293-a6dd-48b4-8194-cfe4b6b2dc05","e4825723-8197-4b1e-94ac-263c5d2887ab","D17","BIGC","BIGC.AOS.reaeration.station.01","BIGC_S1_20170627","2017-06-27T17:54Z",57,"2017-06-27T17:09:20Z",79.50,,14.32,,99.87,,100.64
"b5e5fba9-4fb0-4a39-ba1f-c675f6056f17","e4825723-8197-4b1e-94ac-263c5d2887ab","D17","BIGC","BIGC.AOS.reaeration.station.01","BIGC_S1_20170627","2017-06-27T17:54Z",355,"2017-06-27T17:59:00Z",80.50,,14.74,,100.12,,100.89
"06913bd9-920e-4389-b8c3-0b5589240e91","e4825723-8197-4b1e-94ac-263c5d2887ab","D17","BIGC","BIGC.AOS.reaeration.station.01","BIGC_S1_20170627","2017-06-27T17:54Z",560,"2017-06-27T18:33:10Z",81.90,,15.34,,100.43,,101.19
"439253f3-b258-4c52-86e9-e0aee8214381","e4825723-8197-4b1e-94ac-263c5d2887ab","D17","BIGC","BIGC.AOS.reaeration.station.01","BIGC_S1_20170627","2017-06-27T17:54Z",2367,"2017-06-27T23:34:20Z",55.00,,26.09,,53.88,,53.80
"ebfac235-4bb0-4b45-86fd-e6b44b2cbd1f","e4825723-8197-4b1e-94ac-263c5d2887ab","D17","BIGC","BIGC.AOS.reaeration.station.01","BIGC_S1_20170627","2017-06-27T17:54Z",1405,"2017-06-27T20:54:00Z",48.10,,21.06,,52.01,,52.24
"6786c4ee-85d5-4a03-8ff6-e58113fee92e","e4825723-8197-4b1e-94ac-263c5d2887ab","D17","BIGC","BIGC.AOS.reaeration.station.01","BIGC_S1_20170627","2017-06-27T17:54Z",1025,"2017-06-27T19:50:40Z",88.40,,16.95,,104.46,,105.20
"91f6a663-fab6-48d4-8cb7-03e373a74b18","e4825723-8197-4b1e-94ac-263c5d2887ab","D17","BIGC","BIGC.AOS.reaeration.station.01","BIGC_S1_20170627","2017-06-27T17:54Z",1605,"2017-06-27T21:27:20Z",50.70,,23.71,,51.98,,52.06
"7a761a91-ea9d-4bc6-8d62-0ef4d77a2a9c","e4825723-8197-4b1e-94ac-263c5d2887ab","D17","BIGC","BIGC.AOS.reaeration.station.01","BIGC_S1_20170627","2017-06-27T17:54Z",427,"2017-06-27T18:11:00Z",80.80,,14.93,,100.04,,100.81
"82afccda-194f-419b-9383-11b0e1227e92","e4825723-8197-4b1e-94ac-263c5d2887ab","D17","BIGC","BIGC.AOS.reaeration.station.01","BIGC_S1_20170627","2017-06-27T17:54Z",26,"2017-06-27T17:04:10Z",79.60,,14.18,,100.34,,101.11
"72318d0e-27d1-4385-b405-1f9c09f62db9","e4825723-8197-4b1e-94ac-263c5d2887ab","D17","BIGC","BIGC.AOS.reaeration.station.01","BIGC_S1_20170627","2017-06-27T17:54Z",2230,"2017-06-27T23:11:30Z",54.70,,26.05,,53.62,,53.55
"a19305cb-6543-4a99-b584-bba03b0819e9","e4825723-8197-4b1e-94ac-263c5d2887ab","D17","BIGC","BIGC.AOS.reaeration.station.01","BIGC_S1_20170627","2017-06-27T17:54Z",1685,"2017-06-27T21:40:40Z",51.60,,24.72,,51.88,,51.90
"bdf67c7a-8203-4244-ac7d-bddf9fc8ea6e","e4825723-8197-4b1e-94ac-263c5d2887ab","D17","BIGC","BIGC.AOS.reaeration.station.01","BIGC_S1_20170627","2017-06-27T17:54Z",103,"2017-06-27T17:17:00Z",79.60,,14.37,,99.88,,100.65
"5566924d-ffbf-43ef-892d-2e89f0df97e3","e4825723-8197-4b1e-94ac-263c5d2887ab","D17","BIGC","BIGC.AOS.reaeration.station.01","BIGC_S1_20170627","2017-06-27T17:54Z",1253,"2017-06-27T20:28:40Z",87.80,,17.66,,102.12,,102.80
"b9d89750-3343-4719-8fb7-4e5cf69c94e2","e4825723-8197-4b1e-94ac-263c5d2887ab","D17","BIGC","BIGC.AOS.reaeration.station.01","BIGC_S1_20170627","2017-06-27T17:54Z",1501,"2017-06-27T21:10:00Z",49.50,,22.54,,51.94,,52.09
"fadb8eaf-bc28-4be6-8099-4ec47ef2611e","e4825723-8197-4b1e-94ac-263c5d2887ab","D17","BIGC","BIGC.AOS.reaeration.station.01","BIGC_S1_20170627","2017-06-27T17:54Z",1300,"2017-06-27T20:36:30Z",87.00,,17.75,,100.98,,101.66
"35ae613e-beda-48f5-bf56-c9f3f4369eaf","e4825723-8197-4b1e-94ac-263c5d2887ab","D17","BIGC","BIGC.AOS.reaeration.station.01","BIGC_S1_20170627","2017-06-27T17:54Z",484,"2017-06-27T18:20:30Z",81.10,,15.14,,99.92,,100.68
"fff80aca-c5ee-4705-95d0-d81c1c92074e","e4825723-8197-4b1e-94ac-263c5d2887ab","D17","BIGC","BIGC.AOS.reaeration.station.01","BIGC_S1_20170627","2017-06-27T17:54Z",913,"2017-06-27T19:32:00Z",87.70,,16.56,,104.55,,105.31
"a93316d9-dec9-409e-9cb7-2c4e64900af6","e4825723-8197-4b1e-94ac-263c5d2887ab","D17","BIGC","BIGC.AOS.reaeration.station.01","BIGC_S1_20170627","2017-06-27T17:54Z",951,"2017-06-27T19:38:20Z",86.40,,16.70,,102.68,,103.41
"537e0915-d3d8-4199-9284-d99f20117747","e4825723-8197-4b1e-94ac-263c5d2887ab","D17","BIGC","BIGC.AOS.reaeration.station.01","BIGC_S1_20170627","2017-06-27T17:54Z",634,"2017-06-27T18:45:30Z",83.70,,15.60,,102.02,,102.78
"266f17ca-f3aa-4a7d-bff0-72e8ab182864","e4825723-8197-4b1e-94ac-263c5d2887ab","D17","BIGC","BIGC.AOS.reaeration.station.01","BIGC_S1_20170627","2017-06-27T17:54Z",991,"2017-06-27T19:45:00Z",87.00,,16.83,,103.09,,103.82
"0aa9f820-b2bc-4787-90a4-2e86beda9753","e4825723-8197-4b1e-94ac-263c5d2887ab","D17","BIGC","BIGC.AOS.reaeration.station.01","BIGC_S1_20170627","2017-06-27T17:54Z",2238,"2017-06-27T23:12:50Z",54.70,,26.05,,53.62,,53.55
"2a417d18-17ca-4301-a43d-34c20adef118","e4825723-8197-4b1e-94ac-263c5d2887ab","D17","BIGC","BIGC.AOS.reaeration.station.01","BIGC_S1_20170627","2017-06-27T17:54Z",410,"2017-06-27T18:08:10Z",80.60,,14.89,,99.89,,100.65
"3a3c840c-7e46-4e46-812a-04c525203258","e4825723-8197-4b1e-94ac-263c5d2887ab","D17","BIGC","BIGC.AOS.reaeration.station.01","BIGC_S1_20170627","2017-06-27T17:54Z",1041,"2017-06-27T19:53:20Z",88.10,,17.02,,103.94,,104.68
"ca2658d1-00c0-480f-a85a-a48633d0e59a","e4825723-8197-4b1e-94ac-263c5d2887ab","D17","BIGC","BIGC.AOS.reaeration.station.01","BIGC_S1_20170627","2017-06-27T17:54Z",577,"2017-06-27T18:36:00Z",82.10,,15.40,,100.53,,101.29
"86abd4bd-3f37-4804-b743-534a6ffd082a","e4825723-8197-4b1e-94ac-263c5d2887ab","D17","BIGC","BIGC.AOS.reaeration.station.01","BIGC_S1_20170627","2017-06-27T17:54Z",920,"2017-06-27T19:33:10Z",87.10,,16.60,,103.74,,104.49
"2d7fb331-476d-49e0-a317-f76fb4e983f2","e4825723-8197-4b1e-94ac-263c5d2887ab","D17","BIGC","BIGC.AOS.reaeration.station.01","BIGC_S1_20170627","2017-06-27T17:54Z",209,"2017-06-27T17:34:40Z",79.90,,14.50,,99.94,,100.71
"a465f086-6fe1-4374-8b44-34d1b02f5311","e4825723-8197-4b1e-94ac-263c5d2887ab","D17","BIGC","BIGC.AOS.reaeration.station.01","BIGC_S1_20170627","2017-06-27T17:54Z",2234,"2017-06-27T23:12:10Z",54.70,,26.05,,53.62,,53.55
"5f6b879e-c3f3-4397-a8fc-26de7ea65a55","e4825723-8197-4b1e-94ac-263c5d2887ab","D17","BIGC","BIGC.AOS.reaeration.station.01","BIGC_S1_20170627","2017-06-27T17:54Z",1787,"2017-06-27T21:57:40Z",52.30,,25.43,,51.87,,51.85
"ae3d85ba-fba5-46fb-8c01-e3041ffbd6e5","e4825723-8197-4b1e-94ac-263c5d2887ab","D17","BIGC","BIGC.AOS.reaeration.station.01","BIGC_S1_20170627","2017-06-27T17:54Z",1387,"2017-06-27T20:51:00Z",47.70,,20.67,,52.00,,52.24
"5941ed22-0817-4da6-9a6e-1ccbef70b13e","e4825723-8197-4b1e-94ac-263c5d2887ab","D17","BIGC","BIGC.AOS.reaeration.station.01","BIGC_S1_20170627","2017-06-27T17:54Z",104,"2017-06-27T17:17:10Z",79.40,,14.44,,99.46,,100.22
"43827ec5-7695-4c1e-8a77-1eebdc15a168","e4825723-8197-4b1e-94ac-263c5d2887ab","D17","BIGC","BIGC.AOS.reaeration.station.01","BIGC_S1_20170627","2017-06-27T17:54Z",1408,"2017-06-27T20:54:30Z",48.10,,21.12,,51.95,,52.17
"3f5cd03b-f905-4eaf-8efa-43521903de2e","e4825723-8197-4b1e-94ac-263c5d2887ab","D17","BIGC","BIGC.AOS.reaeration.station.01","BIGC_S1_20170627","2017-06-27T17:54Z",1672,"2017-06-27T21:38:30Z",51.50,,24.58,,51.92,,51.94
"25c21ebb-41a3-45fd-a5ba-b631e5603840","e4825723-8197-4b1e-94ac-263c5d2887ab","D17","BIGC","BIGC.AOS.reaeration.station.01","BIGC_S1_20170627","2017-06-27T17:54Z",1655,"2017-06-27T21:35:40Z",51.30,,24.39,,51.90,,51.94
"1f4d7d0a-3a74-4b78-ba30-6c1b878745bc","e4825723-8197-4b1e-94ac-263c5d2887ab","D17","BIGC","BIGC.AOS.reaeration.station.01","BIGC_S1_20170627","2017-06-27T17:54Z",2488,"2017-06-27T23:54:30Z",55.30,,26.17,,54.09,,54.01
"f01a3ac5-e32c-4164-a776-4fcbb13966e2","e4825723-8197-4b1e-94ac-263c5d2887ab","D17","BIGC","BIGC.AOS.reaeration.station.01","BIGC_S1_20170627","2017-06-27T17:54Z",1331,"2017-06-27T20:41:40Z",45.40,,19.10,,51.17,,51.46
"63b9e823-c71f-4d20-9bd1-c55d4607f749","e4825723-8197-4b1e-94ac-263c5d2887ab","D17","BIGC","BIGC.AOS.reaeration.station.01","BIGC_S1_20170627","2017-06-27T17:54Z",454,"2017-06-27T18:15:30Z",81.10,,14.97,,100.32,,101.08
"94575527-f9d6-43f2-84c5-4f6f3dc2e71c","e4825723-8197-4b1e-94ac-263c5d2887ab","D17","BIGC","BIGC.AOS.reaeration.station.01","BIGC_S1_20170627","2017-06-27T17:54Z",1506,"2017-06-27T21:10:50Z",49.50,,22.60,,51.88,,52.02
"511746bb-21cb-4fa3-8a4b-2ecd33f8b63d","e4825723-8197-4b1e-94ac-263c5d2887ab","D17","BIGC","BIGC.AOS.reaeration.station.01","BIGC_S1_20170627","2017-06-27T17:54Z",1156,"2017-06-27T20:12:30Z",90.70,,17.42,,106.05,,106.78
"fd247254-2de8-4388-af52-100daa7b7c0c","e4825723-8197-4b1e-94ac-263c5d2887ab","D17","BIGC","BIGC.AOS.reaeration.station.01","BIGC_S1_20170627","2017-06-27T17:54Z",2401,"2017-06-27T23:40:00Z",55.10,,26.12,,53.95,,53.87
"abe68b7c-8be3-4292-97b1-31d1225344b1","e4825723-8197-4b1e-94ac-263c5d2887ab","D17","BIGC","BIGC.AOS.reaeration.station.01","BIGC_S1_20170627","2017-06-27T17:54Z",758,"2017-06-27T19:06:10Z",86.70,,16.04,,104.60,,105.38
"e4bea1d3-d9a1-4f0d-9196-c5e1c673f099","e4825723-8197-4b1e-94ac-263c5d2887ab","D17","BIGC","BIGC.AOS.reaeration.station.01","BIGC_S1_20170627","2017-06-27T17:54Z",401,"2017-06-27T18:06:40Z",80.80,,14.83,,100.28,,101.05
"7b972a20-ec87-4c9d-8054-60313460d3c4","e4825723-8197-4b1e-94ac-263c5d2887ab","D17","BIGC","BIGC.AOS.reaeration.station.01","BIGC_S1_20170627","2017-06-27T17:54Z",237,"2017-06-27T17:39:20Z",80.00,,14.54,,99.97,,100.74
"e1f8034f-4e53-4605-96cc-7de15d36039d","e4825723-8197-4b1e-94ac-263c5d2887ab","D17","BIGC","BIGC.AOS.reaeration.station.01","BIGC_S1_20170627","2017-06-27T17:54Z",412,"2017-06-27T18:08:30Z",80.90,,14.83,,100.40,,101.17
"d76dd551-fd03-40ad-8dd1-c6c3727b52a3","e4825723-8197-4b1e-94ac-263c5d2887ab","D17","BIGC","BIGC.AOS.reaeration.station.01","BIGC_S1_20170627","2017-06-27T17:54Z",781,"2017-06-27T19:10:00Z",87.50,,16.11,,105.40,,106.18
"16f38fff-27c3-4e2e-bb8a-ec79d976ad9b","e4825723-8197-4b1e-94ac-263c5d2887ab","D17","BIGC","BIGC.AOS.reaeration.station.01","BIGC_S1_20170627","2017-06-27T17:54Z",1779,"2017-06-27T21:56:20Z",52.10,,25.38,,51.72,,51.70
"29b3bca0-40c4-4eb4-8afc-022036c5cb29","e4825723-8197-4b1e-94ac-263c5d2887ab","D17","BIGC","BIGC.AOS.reaeration.station.01","BIGC_S1_20170627","2017-06-27T17:54Z",2350,"2017-06-27T23:31:30Z",54.90,,26.08,,53.79,,53.72
"e7547884-646c-4ace-b459-a07d01a9de8d","e4825723-8197-4b1e-94ac-263c5d2887ab","D17","BIGC","BIGC.AOS.reaeration.station.01","BIGC_S1_20170627","2017-06-27T17:54Z",851,"2017-06-27T19:21:40Z",87.20,,16.36,,104.43,,105.20
"99378a4a-b5d7-44f9-8607-c72bf5475376","e4825723-8197-4b1e-94ac-263c5d2887ab","D17","BIGC","BIGC.AOS.reaeration.station.01","BIGC_S1_20170627","2017-06-27T17:54Z",902,"2017-06-27T19:30:10Z",86.90,,16.53,,103.67,,104.42
"8501df4b-cbab-43e9-89c4-dbee9c4c9c37","e4825723-8197-4b1e-94ac-263c5d2887ab","D17","BIGC","BIGC.AOS.reaeration.station.01","BIGC_S1_20170627","2017-06-27T17:54Z",2161,"2017-06-27T23:00:00Z",54.50,,26.06,,53.42,,53.35
"20ba2b2e-7971-46d1-9ad5-06b2022408e9","e4825723-8197-4b1e-94ac-263c5d2887ab","D17","BIGC","BIGC.AOS.reaeration.station.01","BIGC_S1_20170627","2017-06-27T17:54Z",2566,"2017-06-28T00:07:30Z",55.80,,26.18,,54.57,,54.49
"a98c1145-4473-4f66-9899-2d57b3da65a9","e4825723-8197-4b1e-94ac-263c5d2887ab","D17","BIGC","BIGC.AOS.reaeration.station.01","BIGC_S1_20170627","2017-06-27T17:54Z",2570,"2017-06-28T00:08:10Z",55.80,,26.18,,54.57,,54.49
"675661dd-8965-4fb2-be87-22da7eec85d1","e4825723-8197-4b1e-94ac-263c5d2887ab","D17","BIGC","BIGC.AOS.reaeration.station.01","BIGC_S1_20170627","2017-06-27T17:54Z",1438,"2017-06-27T20:59:30Z",48.70,,21.67,,52.01,,52.20
"6d3a7fe2-e962-44fc-96c5-d1bb3621d1fd","e4825723-8197-4b1e-94ac-263c5d2887ab","D17","BIGC","BIGC.AOS.reaeration.station.01","BIGC_S1_20170627","2017-06-27T17:54Z",324,"2017-06-27T17:53:50Z",80.40,,14.66,,100.19,,100.95
"f1354857-829c-4c2b-84aa-b9052d868dc6","e4825723-8197-4b1e-94ac-263c5d2887ab","D17","BIGC","BIGC.AOS.reaeration.station.01","BIGC_S1_20170627","2017-06-27T17:54Z",1581,"2017-06-27T21:23:20Z",50.30,,23.35,,51.94,,52.04
"366594e7-1db8-448a-be16-406582836d18","e4825723-8197-4b1e-94ac-263c5d2887ab","D17","BIGC","BIGC.AOS.reaeration.station.01","BIGC_S1_20170627","2017-06-27T17:54Z",1571,"2017-06-27T21:21:40Z",50.20,,23.26,,51.93,,52.03
"7ae90fb7-b2df-4976-9914-f3c75d541b01","e4825723-8197-4b1e-94ac-263c5d2887ab","D17","BIGC","BIGC.AOS.reaeration.station.01","BIGC_S1_20170627","2017-06-27T17:54Z",2525,"2017-06-28T00:00:40Z",55.50,,26.18,,54.28,,54.20
"5ce7f3d1-14aa-48b5-93a1-7d426eb28a5b","e4825723-8197-4b1e-94ac-263c5d2887ab","D17","BIGC","BIGC.AOS.reaeration.station.01","BIGC_S1_20170627","2017-06-27T17:54Z",604,"2017-06-27T18:40:30Z",82.20,,15.50,,100.42,,101.18
"d1ed5249-1b28-4631-a617-3fd792212c6a","e4825723-8197-4b1e-94ac-263c5d2887ab","D17","BIGC","BIGC.AOS.reaeration.station.01","BIGC_S1_20170627","2017-06-27T17:54Z",841,"2017-06-27T19:20:00Z",86.90,,16.32,,104.17,,104.93
"12f7bf6f-70d1-48ba-aefe-e3711c344f07","e4825723-8197-4b1e-94ac-263c5d2887ab","D17","BIGC","BIGC.AOS.reaeration.station.01","BIGC_S1_20170627","2017-06-27T17:54Z",849,"2017-06-27T19:21:20Z",87.40,,16.36,,104.67,,105.44
"ee654514-89a1-4500-8026-082d3230b986","e4825723-8197-4b1e-94ac-263c5d2887ab","D17","BIGC","BIGC.AOS.reaeration.station.01","BIGC_S1_20170627","2017-06-27T17:54Z",819,"2017-06-27T19:16:20Z",86.30,,16.28,,103.55,,104.31
"4801d6cc-7605-4f23-a21e-40f1e4985277","e4825723-8197-4b1e-94ac-263c5d2887ab","D17","BIGC","BIGC.AOS.reaeration.station.01","BIGC_S1_20170627","2017-06-27T17:54Z",156,"2017-06-27T17:25:50Z",79.60,,14.45,,99.69,,100.45
"2f2cde2b-2bfa-4236-ae6d-17fb449af303","e4825723-8197-4b1e-94ac-263c5d2887ab","D17","BIGC","BIGC.AOS.reaeration.station.01","BIGC_S1_20170627","2017-06-27T17:54Z",1011,"2017-06-27T19:48:20Z",86.10,,16.90,,101.86,,102.58
"e63b6079-cd37-4fca-946b-7eb7b62c121d","e4825723-8197-4b1e-94ac-263c5d2887ab","D17","BIGC","BIGC.AOS.reaeration.station.01","BIGC_S1_20170627","2017-06-27T17:54Z",2125,"2017-06-27T22:54:00Z",54.40,,26.08,,53.30,,53.23
"0dce7550-e389-46a5-bf7c-3476c804822d","e4825723-8197-4b1e-94ac-263c5d2887ab","D17","BIGC","BIGC.AOS.reaeration.station.01","BIGC_S1_20170627","2017-06-27T17:54Z",1557,"2017-06-27T21:19:20Z",50.10,,23.13,,51.96,,52.07
"7a6a62ac-f87e-410a-ac47-3cd406e1e443","e4825723-8197-4b1e-94ac-263c5d2887ab","D17","BIGC","BIGC.AOS.reaeration.station.01","BIGC_S1_20170627","2017-06-27T17:54Z",1372,"2017-06-27T20:48:30Z",47.20,,20.29,,51.87,,52.12
"9019cf78-651b-4aa0-9662-756b435a356b","e4825723-8197-4b1e-94ac-263c5d2887ab","D17","BIGC","BIGC.AOS.reaeration.station.01","BIGC_S1_20170627","2017-06-27T17:54Z",2228,"2017-06-27T23:11:10Z",54.70,,26.05,,53.62,,53.55
"8dcf5519-9f19-47b6-86ca-daecbe6c09b5","e4825723-8197-4b1e-94ac-263c5d2887ab","D17","BIGC","BIGC.AOS.reaeration.station.01","BIGC_S1_20170627","2017-06-27T17:54Z",1748,"2017-06-27T21:51:10Z",52.10,,25.22,,51.88,,51.87
"b8a9a145-20c2-434d-84b2-5d7a8e8bf970","e4825723-8197-4b1e-94ac-263c5d2887ab","D17","BIGC","BIGC.AOS.reaeration.station.01","BIGC_S1_20170627","2017-06-27T17:54Z",2254,"2017-06-27T23:15:30Z",54.70,,26.05,,53.62,,53.55
"f85366ad-f5af-4f1e-b787-3da4a7d09950","e4825723-8197-4b1e-94ac-263c5d2887ab","D17","BIGC","BIGC.AOS.reaeration.station.01","BIGC_S1_20170627","2017-06-27T17:54Z",2179,"2017-06-27T23:03:00Z",54.60,,26.06,,53.52,,53.45
"dbc49b05-3ddc-4645-8c6a-68fa53c4683a","e4825723-8197-4b1e-94ac-263c5d2887ab","D17","BIGC","BIGC.AOS.reaeration.station.01","BIGC_S1_20170627","2017-06-27T17:54Z",151,"2017-06-27T17:25:00Z",79.90,,14.32,,100.38,,101.15
"a9c74fc8-64a7-466c-a933-2df93ea8f612","e4825723-8197-4b1e-94ac-263c5d2887ab","D17","BIGC","BIGC.AOS.reaeration.station.01","BIGC_S1_20170627","2017-06-27T17:54Z",530,"2017-06-27T18:28:10Z",81.70,,15.27,,100.35,,101.11
"9951067c-ec75-4d94-bb46-29a5bd07bc92","e4825723-8197-4b1e-94ac-263c5d2887ab","D17","BIGC","BIGC.AOS.reaeration.station.01","BIGC_S1_20170627","2017-06-27T17:54Z",1965,"2017-06-27T22:27:20Z",53.90,,26.14,,52.75,,52.68
"d5e7df30-231b-4c0d-a9f4-c320593430e6","e4825723-8197-4b1e-94ac-263c5d2887ab","D17","BIGC","BIGC.AOS.reaeration.station.01","BIGC_S1_20170627","2017-06-27T17:54Z",1694,"2017-06-27T21:42:10Z",51.70,,24.82,,51.88,,51.89
"81f5344c-6992-4263-8136-d9db4af0046c","e4825723-8197-4b1e-94ac-263c5d2887ab","D17","BIGC","BIGC.AOS.reaeration.station.01","BIGC_S1_20170627","2017-06-27T17:54Z",2033,"2017-06-27T22:38:40Z",54.20,,26.14,,53.04,,52.97
"81d369c8-5113-467c-92ed-f658da7c3086","e4825723-8197-4b1e-94ac-263c5d2887ab","D17","BIGC","BIGC.AOS.reaeration.station.01","BIGC_S1_20170627","2017-06-27T17:54Z",690,"2017-06-27T18:54:50Z",86.80,,15.78,,105.35,,106.14
"21257a44-aebc-4671-949c-c0e3ef33234f","e4825723-8197-4b1e-94ac-263c5d2887ab","D17","BIGC","BIGC.AOS.reaeration.station.01","BIGC_S1_20170627","2017-06-27T17:54Z",1674,"2017-06-27T21:38:50Z",51.60,,24.60,,52.00,,52.02
"220c5cdf-35b9-4bc3-a786-141d011c7d9d","e4825723-8197-4b1e-94ac-263c5d2887ab","D17","BIGC","BIGC.AOS.reaeration.station.01","BIGC_S1_20170627","2017-06-27T17:54Z",157,"2017-06-27T17:26:00Z",79.80,,14.41,,100.03,,100.80
"ba75bc1d-a991-46c1-9fd8-a0de8ea34b0f","e4825723-8197-4b1e-94ac-263c5d2887ab","D17","BIGC","BIGC.AOS.reaeration.station.01","BIGC_S1_20170627","2017-06-27T17:54Z",569,"2017-06-27T18:34:40Z",82.10,,15.34,,100.68,,101.44
"ff153a1b-7e66-4aa6-9332-9006281f31dc","e4825723-8197-4b1e-94ac-263c5d2887ab","D17","BIGC","BIGC.AOS.reaeration.station.01","BIGC_S1_20170627","2017-06-27T17:54Z",214,"2017-06-27T17:35:30Z",79.90,,14.55,,99.82,,100.59
"2862b200-0d25-4aa7-8e50-0d1fc073953e","e4825723-8197-4b1e-94ac-263c5d2887ab","D17","BIGC","BIGC.AOS.reaeration.station.01","BIGC_S1_20170627","2017-06-27T17:54Z",1219,"2017-06-27T20:23:00Z",91.30,,17.57,,106.40,,107.12
"faea3c2a-4a96-424d-b6b5-f0c0b100e380","e4825723-8197-4b1e-94ac-263c5d2887ab","D17","BIGC","BIGC.AOS.reaeration.station.01","BIGC_S1_20170627","2017-06-27T17:54Z",33,"2017-06-27T17:05:20Z",79.50,,14.23,,100.09,,100.86
"3d9ece36-e094-48c5-8d6a-fda78b95d7b1","e4825723-8197-4b1e-94ac-263c5d2887ab","D17","BIGC","BIGC.AOS.reaeration.station.01","BIGC_S1_20170627","2017-06-27T17:54Z",2370,"2017-06-27T23:34:50Z",55.00,,26.09,,53.88,,53.80
"4ceb0cc1-20a8-4dfe-97ef-942305011862","e4825723-8197-4b1e-94ac-263c5d2887ab","D17","BIGC","BIGC.AOS.reaeration.station.01","BIGC_S1_20170627","2017-06-27T17:54Z",802,"2017-06-27T19:13:30Z",86.70,,16.19,,104.24,,105.01
"3a090d09-add0-4dfb-9d1b-6b164460a282","e4825723-8197-4b1e-94ac-263c5d2887ab","D17","BIGC","BIGC.AOS.reaeration.station.01","BIGC_S1_20170627","2017-06-27T17:54Z",1282,"2017-06-27T20:33:30Z",87.40,,17.72,,101.52,,102.20
"588184db-707c-42b2-b6ef-3430fc74aea9","e4825723-8197-4b1e-94ac-263c5d2887ab","D17","BIGC","BIGC.AOS.reaeration.station.01","BIGC_S1_20170627","2017-06-27T17:54Z",2336,"2017-06-27T23:29:10Z",54.90,,26.06,,53.81,,53.74
"678bcaed-1b19-4984-8866-8466c015c691","e4825723-8197-4b1e-94ac-263c5d2887ab","D17","BIGC","BIGC.AOS.reaeration.station.01","BIGC_S1_20170627","2017-06-27T17:54Z",1662,"2017-06-27T21:36:50Z",51.40,,24.46,,51.94,,51.97
"5642b018-e8ca-4975-a1a1-19b25c0efa32","e4825723-8197-4b1e-94ac-263c5d2887ab","D17","BIGC","BIGC.AOS.reaeration.station.01","BIGC_S1_20170627","2017-06-27T17:54Z",1830,"2017-06-27T22:04:50Z",52.90,,25.72,,52.18,,52.14
"56ad4601-f54d-4bd4-a7b9-13e6969b4b82","e4825723-8197-4b1e-94ac-263c5d2887ab","D17","BIGC","BIGC.AOS.reaeration.station.01","BIGC_S1_20170627","2017-06-27T17:54Z",766,"2017-06-27T19:07:30Z",86.60,,16.06,,104.43,,105.21
"e842f7ca-ec94-438e-a7b0-c3258805f07b","e4825723-8197-4b1e-94ac-263c5d2887ab","D17","BIGC","BIGC.AOS.reaeration.station.01","BIGC_S1_20170627","2017-06-27T17:54Z",934,"2017-06-27T19:35:30Z",86.00,,16.65,,102.32,,103.06
"a4de9a58-0878-43a2-a983-b20567757e3e","e4825723-8197-4b1e-94ac-263c5d2887ab","D17","BIGC","BIGC.AOS.reaeration.station.01","BIGC_S1_20170627","2017-06-27T17:54Z",506,"2017-06-27T18:24:10Z",81.40,,15.14,,100.29,,101.05
"791a401e-1a60-45ab-a147-b6205073aa81","e4825723-8197-4b1e-94ac-263c5d2887ab","D17","BIGC","BIGC.AOS.reaeration.station.01","BIGC_S1_20170627","2017-06-27T17:54Z",1881,"2017-06-27T22:13:20Z",53.40,,25.97,,52.43,,52.37
"2361231c-4cc7-4eec-8547-4c600c80c02e","e4825723-8197-4b1e-94ac-263c5d2887ab","D17","BIGC","BIGC.AOS.reaeration.station.01","BIGC_S1_20170627","2017-06-27T17:54Z",601,"2017-06-27T18:40:00Z",82.10,,15.51,,100.28,,101.03
"ca4346a1-312d-4d5c-a06b-4f92d5a8d719","e4825723-8197-4b1e-94ac-263c5d2887ab","D17","BIGC","BIGC.AOS.reaeration.station.01","BIGC_S1_20170627","2017-06-27T17:54Z",1468,"2017-06-27T21:04:30Z",49.10,,22.13,,51.95,,52.11
"63d6fb72-d45e-47f8-bba8-bcbf4029f16f","e4825723-8197-4b1e-94ac-263c5d2887ab","D17","BIGC","BIGC.AOS.reaeration.station.01","BIGC_S1_20170627","2017-06-27T17:54Z",1772,"2017-06-27T21:55:10Z",52.30,,25.33,,51.97,,51.95
"f05f01ae-f2fb-434e-8489-949a3c9a0451","e4825723-8197-4b1e-94ac-263c5d2887ab","D17","BIGC","BIGC.AOS.reaeration.station.01","BIGC_S1_20170627","2017-06-27T17:54Z",2612,"2017-06-28T00:14:41Z",,,,,,,
"4b5d5bd7-9cff-4cf2-aedc-fc9493fb1bb4","e4825723-8197-4b1e-94ac-263c5d2887ab","D17","BIGC","BIGC.AOS.reaeration.station.01","BIGC_S1_20170627","2017-06-27T17:54Z",2478,"2017-06-27T23:52:50Z",55.40,,26.17,,54.19,,54.11
"8ed52cd6-226d-4a12-8e3f-49241bf97484","e4825723-8197-4b1e-94ac-263c5d2887ab","D17","BIGC","BIGC.AOS.reaeration.station.01","BIGC_S1_20170627","2017-06-27T17:54Z",2501,"2017-06-27T23:56:40Z",55.30,,26.17,,54.09,,54.01
"f3dffcc2-0e04-43c6-973d-72351e14bbc0","e4825723-8197-4b1e-94ac-263c5d2887ab","D17","BIGC","BIGC.AOS.reaeration.station.01","BIGC_S1_20170627","2017-06-27T17:54Z",635,"2017-06-27T18:45:40Z",83.60,,15.59,,101.92,,102.69
"eb896636-1874-41a3-86ce-4ccca3220b92","e4825723-8197-4b1e-94ac-263c5d2887ab","D17","BIGC","BIGC.AOS.reaeration.station.01","BIGC_S1_20170627","2017-06-27T17:54Z",2260,"2017-06-27T23:16:30Z",54.70,,26.05,,53.62,,53.55
"a08ebff0-900b-4a25-be0e-d0703972439c","e4825723-8197-4b1e-94ac-263c5d2887ab","D17","BIGC","BIGC.AOS.reaeration.station.01","BIGC_S1_20170627","2017-06-27T17:54Z",15,"2017-06-27T17:02:20Z",79.70,,14.18,,100.46,,101.23
"512de4ad-e42e-4f09-b46d-d1746d15a8bc","e4825723-8197-4b1e-94ac-263c5d2887ab","D17","BIGC","BIGC.AOS.reaeration.station.01","BIGC_S1_20170627","2017-06-27T17:54Z",1380,"2017-06-27T20:49:50Z",47.40,,20.50,,51.86,,52.10
"7a14d0de-0107-41e4-b161-288f209d1396","e4825723-8197-4b1e-94ac-263c5d2887ab","D17","BIGC","BIGC.AOS.reaeration.station.01","BIGC_S1_20170627","2017-06-27T17:54Z",1945,"2017-06-27T22:24:00Z",53.90,,26.12,,52.77,,52.70
"e3e67635-9663-40d1-aafe-87ab5468118c","e4825723-8197-4b1e-94ac-263c5d2887ab","D17","BIGC","BIGC.AOS.reaeration.station.01","BIGC_S1_20170627","2017-06-27T17:54Z",2459,"2017-06-27T23:49:40Z",55.20,,26.16,,54.00,,53.92
"1f42214b-9be4-40cd-9d93-a070c81239e2","e4825723-8197-4b1e-94ac-263c5d2887ab","D17","BIGC","BIGC.AOS.reaeration.station.01","BIGC_S1_20170627","2017-06-27T17:54Z",2057,"2017-06-27T22:42:40Z",54.20,,26.14,,53.04,,52.97
"59555c4a-651d-4c93-a4d8-83aa2824f202","e4825723-8197-4b1e-94ac-263c5d2887ab","D17","BIGC","BIGC.AOS.reaeration.station.01","BIGC_S1_20170627","2017-06-27T17:54Z",380,"2017-06-27T18:03:10Z",80.60,,14.79,,100.13,,100.89
"1964f86f-b6ad-4456-aca1-a7c08192e2f0","e4825723-8197-4b1e-94ac-263c5d2887ab","D17","BIGC","BIGC.AOS.reaeration.station.01","BIGC_S1_20170627","2017-06-27T17:54Z",551,"2017-06-27T18:31:40Z",81.80,,15.30,,100.40,,101.16
"aa71f6b7-147b-4e69-a3b1-d3d672df82bf","e4825723-8197-4b1e-94ac-263c5d2887ab","D17","BIGC","BIGC.AOS.reaeration.station.01","BIGC_S1_20170627","2017-06-27T17:54Z",940,"2017-06-27T19:36:30Z",85.90,,16.66,,102.18,,102.91
"ee37e040-6df3-47cb-bc43-2de3ed139c2b","e4825723-8197-4b1e-94ac-263c5d2887ab","D17","BIGC","BIGC.AOS.reaeration.station.01","BIGC_S1_20170627","2017-06-27T17:54Z",448,"2017-06-27T18:14:30Z",81.10,,14.96,,100.34,,101.11
"aac574ff-9e0f-4f3e-9593-aff3834f1731","e4825723-8197-4b1e-94ac-263c5d2887ab","D17","BIGC","BIGC.AOS.reaeration.station.01","BIGC_S1_20170627","2017-06-27T17:54Z",232,"2017-06-27T17:38:30Z",80.00,,14.54,,99.97,,100.74
"f9e3adeb-259f-426d-8af4-f74c6c0f6c96","e4825723-8197-4b1e-94ac-263c5d2887ab","D17","BIGC","BIGC.AOS.reaeration.station.01","BIGC_S1_20170627","2017-06-27T17:54Z",1894,"2017-06-27T22:15:30Z",53.40,,26.02,,52.38,,52.31
"824c7a92-bdc3-453f-827f-708d72159ec4","e4825723-8197-4b1e-94ac-263c5d2887ab","D17","BIGC","BIGC.AOS.reaeration.station.01","BIGC_S1_20170627","2017-06-27T17:54Z",2136,"2017-06-27T22:55:50Z",54.40,,26.08,,53.30,,53.23
"2a88f48c-67b0-44a7-be12-2138110478a9","e4825723-8197-4b1e-94ac-263c5d2887ab","D17","BIGC","BIGC.AOS.reaeration.station.01","BIGC_S1_20170627","2017-06-27T17:54Z",2011,"2017-06-27T22:35:00Z",53.90,,26.14,,52.75,,52.68
"528e47cd-15b0-46ee-9298-20db9fc467ab","e4825723-8197-4b1e-94ac-263c5d2887ab","D17","BIGC","BIGC.AOS.reaeration.station.01","BIGC_S1_20170627","2017-06-27T17:54Z",405,"2017-06-27T18:07:20Z",80.70,,14.85,,100.11,,100.87
"ecdaf6ee-3975-439c-9523-1491b175f5b1","e4825723-8197-4b1e-94ac-263c5d2887ab","D17","BIGC","BIGC.AOS.reaeration.station.01","BIGC_S1_20170627","2017-06-27T17:54Z",2575,"2017-06-28T00:09:00Z",55.90,,26.18,,54.67,,54.59
"f00c3354-c490-409c-8501-ddc895a137ca","e4825723-8197-4b1e-94ac-263c5d2887ab","D17","BIGC","BIGC.AOS.reaeration.station.01","BIGC_S1_20170627","2017-06-27T17:54Z",2495,"2017-06-27T23:55:40Z",55.30,,26.17,,54.09,,54.01
"1a9cab7b-9dc8-4212-9d93-195aa397b600","e4825723-8197-4b1e-94ac-263c5d2887ab","D17","BIGC","BIGC.AOS.reaeration.station.01","BIGC_S1_20170627","2017-06-27T17:54Z",2536,"2017-06-28T00:02:30Z",55.50,,26.18,,54.28,,54.20
"6186fe70-b513-43cf-8b24-f5532826f87f","e4825723-8197-4b1e-94ac-263c5d2887ab","D17","BIGC","BIGC.AOS.reaeration.station.01","BIGC_S1_20170627","2017-06-27T17:54Z",1954,"2017-06-27T22:25:30Z",53.70,,26.14,,52.56,,52.48
"843c55dc-5e94-4e7c-a1f6-8b9aaa1bcbf1","e4825723-8197-4b1e-94ac-263c5d2887ab","D17","BIGC","BIGC.AOS.reaeration.station.01","BIGC_S1_20170627","2017-06-27T17:54Z",818,"2017-06-27T19:16:10Z",86.60,,16.26,,103.95,,104.72
"64863c50-4f81-47ad-8de5-bf7b7b7d2a5c","e4825723-8197-4b1e-94ac-263c5d2887ab","D17","BIGC","BIGC.AOS.reaeration.station.01","BIGC_S1_20170627","2017-06-27T17:54Z",179,"2017-06-27T17:29:40Z",79.90,,14.44,,100.09,,100.86
"12ff3aee-616b-4500-aa2e-51a33b02f0fd","e4825723-8197-4b1e-94ac-263c5d2887ab","D17","BIGC","BIGC.AOS.reaeration.station.01","BIGC_S1_20170627","2017-06-27T17:54Z",651,"2017-06-27T18:48:20Z",85.00,,15.64,,103.50,,104.28
"6f665d60-b40b-4e50-b2de-9a128dfd673d","e4825723-8197-4b1e-94ac-263c5d2887ab","D17","BIGC","BIGC.AOS.reaeration.station.01","BIGC_S1_20170627","2017-06-27T17:54Z",64,"2017-06-27T17:10:30Z",79.40,,14.32,,99.75,,100.51
"6a44a96b-8b15-4a32-85a7-1a635b9a1afe","e4825723-8197-4b1e-94ac-263c5d2887ab","D17","BIGC","BIGC.AOS.reaeration.station.01","BIGC_S1_20170627","2017-06-27T17:54Z",241,"2017-06-27T17:40:00Z",80.20,,14.51,,100.30,,101.06
"c4025fe4-6798-4e68-a5ec-40712eeef32d","e4825723-8197-4b1e-94ac-263c5d2887ab","D17","BIGC","BIGC.AOS.reaeration.station.01","BIGC_S1_20170627","2017-06-27T17:54Z",749,"2017-06-27T19:04:40Z",86.40,,16.01,,104.31,,105.09
"7bc5220c-f373-427c-967a-ccad55102213","e4825723-8197-4b1e-94ac-263c5d2887ab","D17","BIGC","BIGC.AOS.reaeration.station.01","BIGC_S1_20170627","2017-06-27T17:54Z",2286,"2017-06-27T23:20:50Z",54.80,,26.05,,53.72,,53.65
"acf57482-9407-42fc-9722-39063dbac253","e4825723-8197-4b1e-94ac-263c5d2887ab","D17","BIGC","BIGC.AOS.reaeration.station.01","BIGC_S1_20170627","2017-06-27T17:54Z",44,"2017-06-27T17:07:10Z",79.60,,14.25,,100.17,,100.94
"1dd3df16-134b-4711-91a9-86f7ce461b71","e4825723-8197-4b1e-94ac-263c5d2887ab","D17","BIGC","BIGC.AOS.reaeration.station.01","BIGC_S1_20170627","2017-06-27T17:54Z",912,"2017-06-27T19:31:50Z",87.40,,16.56,,104.20,,104.95
"fa8ed3cb-90da-4024-86d7-17af6bbe862f","e4825723-8197-4b1e-94ac-263c5d2887ab","D17","BIGC","BIGC.AOS.reaeration.station.01","BIGC_S1_20170627","2017-06-27T17:54Z",307,"2017-06-27T17:51:00Z",80.40,,14.62,,100.28,,101.05
"3717eb6c-5687-4065-8f55-afbc4dd02bb8","e4825723-8197-4b1e-94ac-263c5d2887ab","D17","BIGC","BIGC.AOS.reaeration.station.01","BIGC_S1_20170627","2017-06-27T17:54Z",72,"2017-06-27T17:11:50Z",79.50,,14.33,,99.85,,100.62
"58d88667-60e8-4001-87c6-b9f1392666a7","e4825723-8197-4b1e-94ac-263c5d2887ab","D17","BIGC","BIGC.AOS.reaeration.station.01","BIGC_S1_20170627","2017-06-27T17:54Z",1164,"2017-06-27T20:13:50Z",90.20,,17.43,,105.45,,106.17
"a52e07fc-4ee7-4b79-bf96-cb88c7921149","e4825723-8197-4b1e-94ac-263c5d2887ab","D17","BIGC","BIGC.AOS.reaeration.station.01","BIGC_S1_20170627","2017-06-27T17:54Z",1328,"2017-06-27T20:41:10Z",45.10,,19.04,,50.89,,51.19
"84a479c2-207f-469d-878c-8ac63228c759","e4825723-8197-4b1e-94ac-263c5d2887ab","D17","BIGC","BIGC.AOS.reaeration.station.01","BIGC_S1_20170627","2017-06-27T17:54Z",478,"2017-06-27T18:19:30Z",81.40,,15.03,,100.55,,101.31
"db860e03-8aa8-42bc-99ab-8e1122a838ae","e4825723-8197-4b1e-94ac-263c5d2887ab","D17","BIGC","BIGC.AOS.reaeration.station.01","BIGC_S1_20170627","2017-06-27T17:54Z",672,"2017-06-27T18:51:50Z",85.60,,15.74,,103.99,,104.77
"e0bf76ab-01c7-4443-9da7-b53a7984a15b","e4825723-8197-4b1e-94ac-263c5d2887ab","D17","BIGC","BIGC.AOS.reaeration.station.01","BIGC_S1_20170627","2017-06-27T17:54Z",2001,"2017-06-27T22:33:20Z",53.90,,26.14,,52.75,,52.68
"53758647-4798-431b-97c5-e825856a9a8a","e4825723-8197-4b1e-94ac-263c5d2887ab","D17","BIGC","BIGC.AOS.reaeration.station.01","BIGC_S1_20170627","2017-06-27T17:54Z",1084,"2017-06-27T20:00:30Z",89.00,,17.18,,104.63,,105.36
"e8612a44-2008-4500-b223-018ed641f33e","e4825723-8197-4b1e-94ac-263c5d2887ab","D17","BIGC","BIGC.AOS.reaeration.station.01","BIGC_S1_20170627","2017-06-27T17:54Z",2512,"2017-06-27T23:58:30Z",55.40,,26.18,,54.18,,54.10
"249a5c4d-d4e3-488c-ba8e-af216f7e886b","e4825723-8197-4b1e-94ac-263c5d2887ab","D17","BIGC","BIGC.AOS.reaeration.station.01","BIGC_S1_20170627","2017-06-27T17:54Z",1554,"2017-06-27T21:18:50Z",50.10,,23.10,,51.99,,52.10
"2c4e8939-b650-4fca-b76a-eacb8f801700","e4825723-8197-4b1e-94ac-263c5d2887ab","D17","BIGC","BIGC.AOS.reaeration.station.01","BIGC_S1_20170627","2017-06-27T17:54Z",674,"2017-06-27T18:52:10Z",86.80,,15.72,,105.50,,106.29
"e20a083e-ba37-48b5-bd41-acc986b10164","e4825723-8197-4b1e-94ac-263c5d2887ab","D17","BIGC","BIGC.AOS.reaeration.station.01","BIGC_S1_20170627","2017-06-27T17:54Z",1502,"2017-06-27T21:10:10Z",49.50,,22.55,,51.93,,52.07
"b0c4e2c9-ad37-427a-877e-b115998f54be","e4825723-8197-4b1e-94ac-263c5d2887ab","D17","BIGC","BIGC.AOS.reaeration.station.01","BIGC_S1_20170627","2017-06-27T17:54Z",336,"2017-06-27T17:55:50Z",80.40,,14.68,,100.14,,100.91
"35dc8b29-7dd2-4a6c-bc0e-365225ec9b33","e4825723-8197-4b1e-94ac-263c5d2887ab","D17","BIGC","BIGC.AOS.reaeration.station.01","BIGC_S1_20170627","2017-06-27T17:54Z",1274,"2017-06-27T20:32:10Z",87.20,,17.72,,101.28,,101.96
"8a2e2614-c225-490e-8a5f-22a62922a43e","e4825723-8197-4b1e-94ac-263c5d2887ab","D17","BIGC","BIGC.AOS.reaeration.station.01","BIGC_S1_20170627","2017-06-27T17:54Z",1785,"2017-06-27T21:57:20Z",52.20,,25.42,,51.78,,51.76
"50888f5c-f96e-49e3-88ea-83465c0f157d","e4825723-8197-4b1e-94ac-263c5d2887ab","D17","BIGC","BIGC.AOS.reaeration.station.01","BIGC_S1_20170627","2017-06-27T17:54Z",783,"2017-06-27T19:10:20Z",86.80,,16.12,,104.53,,105.30
"3c5e168f-255a-45f8-b432-706469e038aa","e4825723-8197-4b1e-94ac-263c5d2887ab","D17","BIGC","BIGC.AOS.reaeration.station.01","BIGC_S1_20170627","2017-06-27T17:54Z",1224,"2017-06-27T20:23:50Z",91.50,,17.60,,106.56,,107.28
"0ab61642-37cf-45bc-9ce9-efa671cbe32e","e4825723-8197-4b1e-94ac-263c5d2887ab","D17","BIGC","BIGC.AOS.reaeration.station.01","BIGC_S1_20170627","2017-06-27T17:54Z",590,"2017-06-27T18:38:10Z",82.10,,15.47,,100.37,,101.13
"559bf066-02e1-4926-8d1f-ffeaa8b8106d","e4825723-8197-4b1e-94ac-263c5d2887ab","D17","BIGC","BIGC.AOS.reaeration.station.01","BIGC_S1_20170627","2017-06-27T17:54Z",2341,"2017-06-27T23:30:00Z",54.90,,26.06,,53.81,,53.74
"3ebbec87-ea57-4fb9-9b9c-e262cfc689ff","e4825723-8197-4b1e-94ac-263c5d2887ab","D17","BIGC","BIGC.AOS.reaeration.station.01","BIGC_S1_20170627","2017-06-27T17:54Z",1432,"2017-06-27T20:58:30Z",48.60,,21.57,,52.01,,52.20
"be30e19b-aee5-4c37-a857-6d90a9ccd2ba","e4825723-8197-4b1e-94ac-263c5d2887ab","D17","BIGC","BIGC.AOS.reaeration.station.01","BIGC_S1_20170627","2017-06-27T17:54Z",2262,"2017-06-27T23:16:50Z",54.70,,26.05,,53.62,,53.55
"8ef2d754-0ffe-4b07-bc14-993f1359465c","e4825723-8197-4b1e-94ac-263c5d2887ab","D17","BIGC","BIGC.AOS.reaeration.station.01","BIGC_S1_20170627","2017-06-27T17:54Z",1594,"2017-06-27T21:25:30Z",50.50,,23.55,,51.94,,52.03
"b46aa9d8-8d51-4bf1-888d-f69851a942f6","e4825723-8197-4b1e-94ac-263c5d2887ab","D17","BIGC","BIGC.AOS.reaeration.station.01","BIGC_S1_20170627","2017-06-27T17:54Z",801,"2017-06-27T19:13:20Z",86.40,,16.20,,103.86,,104.62
"3c648fde-63dd-46ac-aaed-3bb0a11af1f0","e4825723-8197-4b1e-94ac-263c5d2887ab","D17","BIGC","BIGC.AOS.reaeration.station.01","BIGC_S1_20170627","2017-06-27T17:54Z",2319,"2017-06-27T23:26:20Z",54.80,,26.05,,53.72,,53.65
"fbb21e0a-695e-443f-ad87-75aab4603e5f","e4825723-8197-4b1e-94ac-263c5d2887ab","D17","BIGC","BIGC.AOS.reaeration.station.01","BIGC_S1_20170627","2017-06-27T17:54Z",182,"2017-06-27T17:30:10Z",79.90,,14.45,,100.06,,100.83
"fa5a514f-73b1-4f55-b769-639cbd2e7c2a","e4825723-8197-4b1e-94ac-263c5d2887ab","D17","BIGC","BIGC.AOS.reaeration.station.01","BIGC_S1_20170627","2017-06-27T17:54Z",2034,"2017-06-27T22:38:50Z",54.10,,26.14,,52.95,,52.87
"6b1a0d5d-e6d1-45b7-a1ba-5126ad00c344","e4825723-8197-4b1e-94ac-263c5d2887ab","D17","BIGC","BIGC.AOS.reaeration.station.01","BIGC_S1_20170627","2017-06-27T17:54Z",255,"2017-06-27T17:42:20Z",80.20,,14.51,,100.30,,101.06
"51d0e606-f99b-44f2-bb33-b038eb3de534","e4825723-8197-4b1e-94ac-263c5d2887ab","D17","BIGC","BIGC.AOS.reaeration.station.01","BIGC_S1_20170627","2017-06-27T17:54Z",2144,"2017-06-27T22:57:10Z",54.40,,26.08,,53.30,,53.23
"fbce9224-ca77-437c-9d2a-b27a49bb0e63","e4825723-8197-4b1e-94ac-263c5d2887ab","D17","BIGC","BIGC.AOS.reaeration.station.01","BIGC_S1_20170627","2017-06-27T17:54Z",1656,"2017-06-27T21:35:50Z",51.40,,24.40,,52.00,,52.03
"24c256bd-40f2-485a-94eb-9018b2e6ed4e","e4825723-8197-4b1e-94ac-263c5d2887ab","D17","BIGC","BIGC.AOS.reaeration.station.01","BIGC_S1_20170627","2017-06-27T17:54Z",483,"2017-06-27T18:20:20Z",81.40,,15.07,,100.45,,101.22
"a3a5f021-4636-4b94-b119-61b1bb594741","e4825723-8197-4b1e-94ac-263c5d2887ab","D17","BIGC","BIGC.AOS.reaeration.station.01","BIGC_S1_20170627","2017-06-27T17:54Z",788,"2017-06-27T19:11:10Z",86.70,,16.16,,104.31,,105.08
"31e22d45-4b7c-4bf7-8c66-b9f6dfb83113","e4825723-8197-4b1e-94ac-263c5d2887ab","D17","BIGC","BIGC.AOS.reaeration.station.01","BIGC_S1_20170627","2017-06-27T17:54Z",1683,"2017-06-27T21:40:20Z",51.60,,24.70,,51.90,,51.92
"67c0744a-61a7-4241-9151-706082e3d54d","e4825723-8197-4b1e-94ac-263c5d2887ab","D17","BIGC","BIGC.AOS.reaeration.station.01","BIGC_S1_20170627","2017-06-27T17:54Z",1512,"2017-06-27T21:11:50Z",49.50,,22.67,,51.81,,51.94
"cc2b2265-2ef0-4cf2-aabc-dbb4309184d9","e4825723-8197-4b1e-94ac-263c5d2887ab","D17","BIGC","BIGC.AOS.reaeration.station.01","BIGC_S1_20170627","2017-06-27T17:54Z",1481,"2017-06-27T21:06:40Z",49.30,,22.30,,51.98,,52.14
"1ad9fab6-5d44-4cf2-af2c-ce795b6498ba","e4825723-8197-4b1e-94ac-263c5d2887ab","D17","BIGC","BIGC.AOS.reaeration.station.01","BIGC_S1_20170627","2017-06-27T17:54Z",2297,"2017-06-27T23:22:40Z",54.80,,26.05,,53.72,,53.65
"3194ca1f-5cc0-45f7-8712-dc95f49f508d","e4825723-8197-4b1e-94ac-263c5d2887ab","D17","BIGC","BIGC.AOS.reaeration.station.01","BIGC_S1_20170627","2017-06-27T17:54Z",1409,"2017-06-27T20:54:40Z",48.10,,21.15,,51.92,,52.13
"ecaea95a-9379-418c-ae95-9ef30c1afd99","e4825723-8197-4b1e-94ac-263c5d2887ab","D17","BIGC","BIGC.AOS.reaeration.station.01","BIGC_S1_20170627","2017-06-27T17:54Z",2096,"2017-06-27T22:49:10Z",54.30,,26.10,,53.18,,53.11
"4c02d9bd-797e-465e-b270-af3e97d61807","e4825723-8197-4b1e-94ac-263c5d2887ab","D17","BIGC","BIGC.AOS.reaeration.station.01","BIGC_S1_20170627","2017-06-27T17:54Z",2408,"2017-06-27T23:41:10Z",55.00,,26.14,,53.83,,53.75
"e0a64dc3-1266-460d-b50d-0a9afe506fdd","e4825723-8197-4b1e-94ac-263c5d2887ab","D17","BIGC","BIGC.AOS.reaeration.station.01","BIGC_S1_20170627","2017-06-27T17:54Z",1469,"2017-06-27T21:04:40Z",49.10,,22.14,,51.94,,52.10
"a1b387f3-f1be-46d3-ade8-fc16ae95fe62","e4825723-8197-4b1e-94ac-263c5d2887ab","D17","BIGC","BIGC.AOS.reaeration.station.01","BIGC_S1_20170627","2017-06-27T17:54Z",2071,"2017-06-27T22:45:00Z",54.20,,26.11,,53.07,,53.00
"5e002a20-b050-479b-9260-73e0f5d08402","e4825723-8197-4b1e-94ac-263c5d2887ab","D17","BIGC","BIGC.AOS.reaeration.station.01","BIGC_S1_20170627","2017-06-27T17:54Z",1057,"2017-06-27T19:56:00Z",89.40,,17.07,,105.36,,106.10
"70bb5525-3fe0-4815-8723-f19f400c944b","e4825723-8197-4b1e-94ac-263c5d2887ab","D17","BIGC","BIGC.AOS.reaeration.station.01","BIGC_S1_20170627","2017-06-27T17:54Z",587,"2017-06-27T18:37:40Z",81.90,,15.47,,100.13,,100.88
"3ebf2c8d-933e-4b40-9048-12939de8398d","e4825723-8197-4b1e-94ac-263c5d2887ab","D17","BIGC","BIGC.AOS.reaeration.station.01","BIGC_S1_20170627","2017-06-27T17:54Z",2407,"2017-06-27T23:41:00Z",55.20,,26.14,,54.02,,53.95
"a1cae6c1-ecef-4ce5-960f-01a081c9a987","e4825723-8197-4b1e-94ac-263c5d2887ab","D17","BIGC","BIGC.AOS.reaeration.station.01","BIGC_S1_20170627","2017-06-27T17:54Z",61,"2017-06-27T17:10:00Z",79.60,,14.26,,100.14,,100.91
"5dec55a1-21fd-4964-b58f-c4bb5b429d8f","e4825723-8197-4b1e-94ac-263c5d2887ab","D17","BIGC","BIGC.AOS.reaeration.station.01","BIGC_S1_20170627","2017-06-27T17:54Z",2167,"2017-06-27T23:01:00Z",54.50,,26.06,,53.42,,53.35
"3d763699-a997-4d94-b51c-e129a4ee2fe0","e4825723-8197-4b1e-94ac-263c5d2887ab","D17","BIGC","BIGC.AOS.reaeration.station.01","BIGC_S1_20170627","2017-06-27T17:54Z",525,"2017-06-27T18:27:20Z",81.30,,15.24,,99.93,,100.69
"1b836fef-50dd-46ea-8e67-5e883a4ac346","e4825723-8197-4b1e-94ac-263c5d2887ab","D17","BIGC","BIGC.AOS.reaeration.station.01","BIGC_S1_20170627","2017-06-27T17:54Z",885,"2017-06-27T19:27:20Z",87.10,,16.47,,104.05,,104.81
"f19ab10f-43b5-4f0d-b760-d52f7d3fda6f","e4825723-8197-4b1e-94ac-263c5d2887ab","D17","BIGC","BIGC.AOS.reaeration.station.01","BIGC_S1_20170627","2017-06-27T17:54Z",2609,"2017-06-28T00:14:20Z",54.20,,25.27,,53.92,,53.90
"46c2f47f-c2e1-40cf-8201-d446e9ee76ba","e4825723-8197-4b1e-94ac-263c5d2887ab","D17","BIGC","BIGC.AOS.reaeration.station.01","BIGC_S1_20170627","2017-06-27T17:54Z",1613,"2017-06-27T21:28:40Z",50.70,,23.83,,51.86,,51.93
"caad0c57-af24-4a59-9660-129e62526d83","e4825723-8197-4b1e-94ac-263c5d2887ab","D17","BIGC","BIGC.AOS.reaeration.station.01","BIGC_S1_20170627","2017-06-27T17:54Z",1228,"2017-06-27T20:24:30Z",90.80,,17.61,,105.72,,106.44
"9acc53b7-5a42-4a06-94ab-cb2a193543f3","e4825723-8197-4b1e-94ac-263c5d2887ab","D17","BIGC","BIGC.AOS.reaeration.station.01","BIGC_S1_20170627","2017-06-27T17:54Z",2009,"2017-06-27T22:34:40Z",54.00,,26.14,,52.85,,52.77
"f5b06f9d-1ab0-42eb-a524-e88c6dd74f93","e4825723-8197-4b1e-94ac-263c5d2887ab","D17","BIGC","BIGC.AOS.reaeration.station.01","BIGC_S1_20170627","2017-06-27T17:54Z",259,"2017-06-27T17:43:00Z",80.20,,14.57,,100.15,,100.92
"36c0a20e-fbe9-46fd-95d8-b11f6a1fff78","e4825723-8197-4b1e-94ac-263c5d2887ab","D17","BIGC","BIGC.AOS.reaeration.station.01","BIGC_S1_20170627","2017-06-27T17:54Z",479,"2017-06-27T18:19:40Z",81.30,,15.03,,100.42,,101.19
"10c7d8d5-2aa8-402c-9cbb-4f234f48aa42","e4825723-8197-4b1e-94ac-263c5d2887ab","D17","BIGC","BIGC.AOS.reaeration.station.01","BIGC_S1_20170627","2017-06-27T17:54Z",1791,"2017-06-27T21:58:20Z",52.50,,25.45,,52.05,,52.02
"bb88465b-e740-4e9a-bac6-90d14492c051","e4825723-8197-4b1e-94ac-263c5d2887ab","D17","BIGC","BIGC.AOS.reaeration.station.01","BIGC_S1_20170627","2017-06-27T17:54Z",161,"2017-06-27T17:26:40Z",79.90,,14.39,,100.21,,100.98
"824a331c-b01c-47f9-884c-09c067bb2324","e4825723-8197-4b1e-94ac-263c5d2887ab","D17","BIGC","BIGC.AOS.reaeration.station.01","BIGC_S1_20170627","2017-06-27T17:54Z",500,"2017-06-27T18:23:10Z",81.40,,15.11,,100.36,,101.12
"b34fa6a8-60a4-4f2e-a5ae-30fa29922ebb","e4825723-8197-4b1e-94ac-263c5d2887ab","D17","BIGC","BIGC.AOS.reaeration.station.01","BIGC_S1_20170627","2017-06-27T17:54Z",1180,"2017-06-27T20:16:30Z",90.30,,17.48,,105.45,,106.17
"a43d8d19-63dc-4065-b221-75bf4870bbc8","e4825723-8197-4b1e-94ac-263c5d2887ab","D17","BIGC","BIGC.AOS.reaeration.station.01","BIGC_S1_20170627","2017-06-27T17:54Z",1047,"2017-06-27T19:54:20Z",88.90,,17.02,,104.89,,105.63
"97bf4017-10d5-4f9c-a20f-aec7a5c3a170","e4825723-8197-4b1e-94ac-263c5d2887ab","D17","BIGC","BIGC.AOS.reaeration.station.01","BIGC_S1_20170627","2017-06-27T17:54Z",2294,"2017-06-27T23:22:10Z",54.80,,26.05,,53.72,,53.65
"fee40120-1ad1-4f4b-8f76-24f7b18a8e4b","e4825723-8197-4b1e-94ac-263c5d2887ab","D17","BIGC","BIGC.AOS.reaeration.station.01","BIGC_S1_20170627","2017-06-27T17:54Z",945,"2017-06-27T19:37:20Z",86.20,,16.67,,102.51,,103.25
"a51350d6-10f9-4ba8-8872-cf511731253e","e4825723-8197-4b1e-94ac-263c5d2887ab","D17","BIGC","BIGC.AOS.reaeration.station.01","BIGC_S1_20170627","2017-06-27T17:54Z",1368,"2017-06-27T20:47:50Z",47.00,,20.19,,51.75,,52.01
"f0eeea5d-9a97-452b-8d9e-2ad2b5e08383","e4825723-8197-4b1e-94ac-263c5d2887ab","D17","BIGC","BIGC.AOS.reaeration.station.01","BIGC_S1_20170627","2017-06-27T17:54Z",1360,"2017-06-27T20:46:30Z",46.40,,19.91,,51.40,,51.67
"dea2569b-28d4-44cf-84e0-9eba2d8fd3e7","e4825723-8197-4b1e-94ac-263c5d2887ab","D17","BIGC","BIGC.AOS.reaeration.station.01","BIGC_S1_20170627","2017-06-27T17:54Z",621,"2017-06-27T18:43:20Z",82.20,,15.57,,100.26,,101.01
"be5206f7-c974-49db-bdc9-decba3aea265","e4825723-8197-4b1e-94ac-263c5d2887ab","D17","BIGC","BIGC.AOS.reaeration.station.01","BIGC_S1_20170627","2017-06-27T17:54Z",74,"2017-06-27T17:12:10Z",79.70,,14.24,,100.32,,101.09
"616ef0f7-624e-4b20-8faa-8926b81f1a7d","e4825723-8197-4b1e-94ac-263c5d2887ab","D17","BIGC","BIGC.AOS.reaeration.station.01","BIGC_S1_20170627","2017-06-27T17:54Z",2553,"2017-06-28T00:05:20Z",55.70,,26.17,,54.48,,54.40
"7984bb84-1c88-4353-b0ad-3c171f0fb5fe","e4825723-8197-4b1e-94ac-263c5d2887ab","D17","BIGC","BIGC.AOS.reaeration.station.01","BIGC_S1_20170627","2017-06-27T17:54Z",251,"2017-06-27T17:41:40Z",80.10,,14.57,,100.03,,100.79
"fd10304a-04bf-4913-aa66-3df27cf9f8e4","e4825723-8197-4b1e-94ac-263c5d2887ab","D17","BIGC","BIGC.AOS.reaeration.station.01","BIGC_S1_20170627","2017-06-27T17:54Z",1265,"2017-06-27T20:30:40Z",87.70,,17.69,,101.93,,102.62
"c7551124-4e25-478b-a0ca-17a60434c168","e4825723-8197-4b1e-94ac-263c5d2887ab","D17","BIGC","BIGC.AOS.reaeration.station.01","BIGC_S1_20170627","2017-06-27T17:54Z",32,"2017-06-27T17:05:10Z",79.60,,14.21,,100.26,,101.03
"d2b11293-a2ce-4bbc-9470-936cabae1d94","e4825723-8197-4b1e-94ac-263c5d2887ab","D17","BIGC","BIGC.AOS.reaeration.station.01","BIGC_S1_20170627","2017-06-27T17:54Z",1309,"2017-06-27T20:38:00Z",43.40,,18.05,,50.04,,50.37
"5b024a88-4a32-4d2d-abd1-2b3db5d0ee8e","e4825723-8197-4b1e-94ac-263c5d2887ab","D17","BIGC","BIGC.AOS.reaeration.station.01","BIGC_S1_20170627","2017-06-27T17:54Z",1503,"2017-06-27T21:10:20Z",49.40,,22.57,,51.80,,51.95
"a290f7e4-7ca3-44a7-b4f6-4199d3c5ad62","e4825723-8197-4b1e-94ac-263c5d2887ab","D17","BIGC","BIGC.AOS.reaeration.station.01","BIGC_S1_20170627","2017-06-27T17:54Z",1939,"2017-06-27T22:23:00Z",53.80,,26.11,,52.68,,52.61
"ed417405-86f3-4de9-95f3-9f3685cac133","e4825723-8197-4b1e-94ac-263c5d2887ab","D17","BIGC","BIGC.AOS.reaeration.station.01","BIGC_S1_20170627","2017-06-27T17:54Z",1059,"2017-06-27T19:56:20Z",89.60,,17.08,,105.57,,106.31
"18f0cefa-5bbd-44a6-8b81-61b0532dcd25","e4825723-8197-4b1e-94ac-263c5d2887ab","D17","BIGC","BIGC.AOS.reaeration.station.01","BIGC_S1_20170627","2017-06-27T17:54Z",2416,"2017-06-27T23:42:30Z",55.10,,26.14,,53.93,,53.85
"4abfdc48-2901-4f9c-b051-bdd46168f430","e4825723-8197-4b1e-94ac-263c5d2887ab","D17","BIGC","BIGC.AOS.reaeration.station.01","BIGC_S1_20170627","2017-06-27T17:54Z",1807,"2017-06-27T22:01:00Z",52.70,,25.56,,52.14,,52.11
"feb23ffc-2b35-4148-8588-f8465937f9fa","e4825723-8197-4b1e-94ac-263c5d2887ab","D17","BIGC","BIGC.AOS.reaeration.station.01","BIGC_S1_20170627","2017-06-27T17:54Z",1712,"2017-06-27T21:45:10Z",51.90,,25.00,,51.90,,51.90
"633f3024-694c-4df2-bad3-8458f1fb5fab","e4825723-8197-4b1e-94ac-263c5d2887ab","D17","BIGC","BIGC.AOS.reaeration.station.01","BIGC_S1_20170627","2017-06-27T17:54Z",681,"2017-06-27T18:53:20Z",86.00,,15.76,,104.43,,105.21
"cee67e52-8819-468b-9038-bcc8c9a9a676","e4825723-8197-4b1e-94ac-263c5d2887ab","D17","BIGC","BIGC.AOS.reaeration.station.01","BIGC_S1_20170627","2017-06-27T17:54Z",693,"2017-06-27T18:55:20Z",86.30,,15.81,,104.67,,105.46
"e2e0b9c8-c215-413d-9e43-a6aeebdb2dfa","e4825723-8197-4b1e-94ac-263c5d2887ab","D17","BIGC","BIGC.AOS.reaeration.station.01","BIGC_S1_20170627","2017-06-27T17:54Z",1547,"2017-06-27T21:17:40Z",49.90,,23.03,,51.85,,51.97
"e9153211-f96e-4081-b39f-70d51f7efa8d","e4825723-8197-4b1e-94ac-263c5d2887ab","D17","BIGC","BIGC.AOS.reaeration.station.01","BIGC_S1_20170627","2017-06-27T17:54Z",2052,"2017-06-27T22:41:50Z",54.20,,26.12,,53.06,,52.99
"f329d705-0b52-48f3-aa70-81d908b4e825","e4825723-8197-4b1e-94ac-263c5d2887ab","D17","BIGC","BIGC.AOS.reaeration.station.01","BIGC_S1_20170627","2017-06-27T17:54Z",582,"2017-06-27T18:36:50Z",82.00,,15.46,,100.27,,101.03
"11905155-90f6-4840-a806-b622e27bb0c6","e4825723-8197-4b1e-94ac-263c5d2887ab","D17","BIGC","BIGC.AOS.reaeration.station.01","BIGC_S1_20170627","2017-06-27T17:54Z",1863,"2017-06-27T22:10:20Z",53.20,,25.90,,52.30,,52.24
"7128d278-936b-4798-87d8-dad3e0d30a81","e4825723-8197-4b1e-94ac-263c5d2887ab","D17","BIGC","BIGC.AOS.reaeration.station.01","BIGC_S1_20170627","2017-06-27T17:54Z",2227,"2017-06-27T23:11:00Z",54.70,,26.05,,53.62,,53.55
"864aa586-8f58-4c9c-86d0-9fbf659d2e64","e4825723-8197-4b1e-94ac-263c5d2887ab","D17","BIGC","BIGC.AOS.reaeration.station.01","BIGC_S1_20170627","2017-06-27T17:54Z",249,"2017-06-27T17:41:20Z",80.00,,14.57,,99.90,,100.67
"6c89e140-32fe-432f-afea-fe529a53b9e3","e4825723-8197-4b1e-94ac-263c5d2887ab","D17","BIGC","BIGC.AOS.reaeration.station.01","BIGC_S1_20170627","2017-06-27T17:54Z",1401,"2017-06-27T20:53:20Z",48.00,,20.98,,51.99,,52.22
"fc65a20c-8044-487c-9401-6851fe13fdf0","e4825723-8197-4b1e-94ac-263c5d2887ab","D17","BIGC","BIGC.AOS.reaeration.station.01","BIGC_S1_20170627","2017-06-27T17:54Z",409,"2017-06-27T18:08:00Z",80.90,,14.81,,100.45,,101.22
"f48dc996-a5a9-4b33-8a6a-2bcf3551c7c2","e4825723-8197-4b1e-94ac-263c5d2887ab","D17","BIGC","BIGC.AOS.reaeration.station.01","BIGC_S1_20170627","2017-06-27T17:54Z",1550,"2017-06-27T21:18:10Z",50.00,,23.07,,51.91,,52.03
"8e49a958-4575-4ebd-9bf7-279dc50bb011","e4825723-8197-4b1e-94ac-263c5d2887ab","D17","BIGC","BIGC.AOS.reaeration.station.01","BIGC_S1_20170627","2017-06-27T17:54Z",1777,"2017-06-27T21:56:00Z",52.30,,25.37,,51.93,,51.91
"10c858fa-bac7-42c0-95b6-5625290c1b29","e4825723-8197-4b1e-94ac-263c5d2887ab","D17","BIGC","BIGC.AOS.reaeration.station.01","BIGC_S1_20170627","2017-06-27T17:54Z",845,"2017-06-27T19:20:40Z",86.80,,16.35,,103.98,,104.74
"a1597d7f-201a-4199-9c51-95f4a4c9aedc","e4825723-8197-4b1e-94ac-263c5d2887ab","D17","BIGC","BIGC.AOS.reaeration.station.01","BIGC_S1_20170627","2017-06-27T17:54Z",1530,"2017-06-27T21:14:50Z",49.90,,22.87,,52.02,,52.14
"ab2695fc-c59c-4b84-9626-bf89341bd149","e4825723-8197-4b1e-94ac-263c5d2887ab","D17","BIGC","BIGC.AOS.reaeration.station.01","BIGC_S1_20170627","2017-06-27T17:54Z",1310,"2017-06-27T20:38:10Z",43.50,,18.08,,50.13,,50.45
"6d545ee9-5dc4-4b13-96e3-9282fa8e9586","e4825723-8197-4b1e-94ac-263c5d2887ab","D17","BIGC","BIGC.AOS.reaeration.station.01","BIGC_S1_20170627","2017-06-27T17:54Z",1771,"2017-06-27T21:55:00Z",52.30,,25.33,,51.97,,51.95
"61a39428-c282-4627-a2dc-b4c453b7207b","e4825723-8197-4b1e-94ac-263c5d2887ab","D17","BIGC","BIGC.AOS.reaeration.station.01","BIGC_S1_20170627","2017-06-27T17:54Z",637,"2017-06-27T18:46:00Z",84.00,,15.58,,102.43,,103.20
"701660cd-0fd3-42ba-81a7-beeafe9c184b","e4825723-8197-4b1e-94ac-263c5d2887ab","D17","BIGC","BIGC.AOS.reaeration.station.01","BIGC_S1_20170627","2017-06-27T17:54Z",1035,"2017-06-27T19:52:20Z",88.90,,16.98,,104.98,,105.72
"ab1cb1ef-dbd8-410e-b573-fa0afc5f06cf","e4825723-8197-4b1e-94ac-263c5d2887ab","D17","BIGC","BIGC.AOS.reaeration.station.01","BIGC_S1_20170627","2017-06-27T17:54Z",2073,"2017-06-27T22:45:20Z",54.20,,26.11,,53.07,,53.00
"9cc177c8-cd68-4cab-aa3c-9be08112f493","e4825723-8197-4b1e-94ac-263c5d2887ab","D17","BIGC","BIGC.AOS.reaeration.station.01","BIGC_S1_20170627","2017-06-27T17:54Z",2233,"2017-06-27T23:12:00Z",54.70,,26.05,,53.62,,53.55
"70d4fba8-53b1-47bc-8f6e-bd7fbb367850","e4825723-8197-4b1e-94ac-263c5d2887ab","D17","BIGC","BIGC.AOS.reaeration.station.01","BIGC_S1_20170627","2017-06-27T17:54Z",1532,"2017-06-27T21:15:10Z",49.90,,22.89,,52.00,,52.12
"cc2afd51-93e5-4a94-842f-fe456093c17d","e4825723-8197-4b1e-94ac-263c5d2887ab","D17","BIGC","BIGC.AOS.reaeration.station.01","BIGC_S1_20170627","2017-06-27T17:54Z",162,"2017-06-27T17:26:50Z",79.80,,14.39,,100.08,,100.85
"ce3f7085-77b3-45a8-b530-af7d2a74757c","e4825723-8197-4b1e-94ac-263c5d2887ab","D17","BIGC","BIGC.AOS.reaeration.station.01","BIGC_S1_20170627","2017-06-27T17:54Z",1170,"2017-06-27T20:14:50Z",90.20,,17.44,,105.42,,106.14
"a28bdcd3-7dea-4e7c-be9e-a24ce3eb0ede","e4825723-8197-4b1e-94ac-263c5d2887ab","D17","BIGC","BIGC.AOS.reaeration.station.01","BIGC_S1_20170627","2017-06-27T17:54Z",1698,"2017-06-27T21:42:50Z",51.80,,24.85,,51.95,,51.96
"cdf46c76-b055-4592-826c-1a64fe1f504d","e4825723-8197-4b1e-94ac-263c5d2887ab","D17","BIGC","BIGC.AOS.reaeration.station.01","BIGC_S1_20170627","2017-06-27T17:54Z",999,"2017-06-27T19:46:20Z",86.40,,16.85,,102.33,,103.06
"861e1775-76c6-4d62-bc5c-4ac454182137","e4825723-8197-4b1e-94ac-263c5d2887ab","D17","BIGC","BIGC.AOS.reaeration.station.01","BIGC_S1_20170627","2017-06-27T17:54Z",884,"2017-06-27T19:27:10Z",87.50,,16.46,,104.55,,105.31
"e3af0bcf-cd7b-4655-846c-bc4a9d6fe4c8","e4825723-8197-4b1e-94ac-263c5d2887ab","D17","BIGC","BIGC.AOS.reaeration.station.01","BIGC_S1_20170627","2017-06-27T17:54Z",63,"2017-06-27T17:10:20Z",79.70,,14.25,,100.29,,101.06
"1a6856fb-698e-4133-9863-2bdd2aac3dfc","e4825723-8197-4b1e-94ac-263c5d2887ab","D17","BIGC","BIGC.AOS.reaeration.station.01","BIGC_S1_20170627","2017-06-27T17:54Z",219,"2017-06-27T17:36:20Z",80.10,,14.48,,100.24,,101.01
"58f28564-f7a0-45ed-909d-6c29e7f8e002","e4825723-8197-4b1e-94ac-263c5d2887ab","D17","BIGC","BIGC.AOS.reaeration.station.01","BIGC_S1_20170627","2017-06-27T17:54Z",2380,"2017-06-27T23:36:30Z",55.00,,26.10,,53.87,,53.79
"a307f63b-1ca2-4a8d-98fc-ade839c30f8d","e4825723-8197-4b1e-94ac-263c5d2887ab","D17","BIGC","BIGC.AOS.reaeration.station.01","BIGC_S1_20170627","2017-06-27T17:54Z",1021,"2017-06-27T19:50:00Z",87.70,,16.94,,103.66,,104.39
"764009cf-a302-4e00-a6f1-2cfefc39599d","e4825723-8197-4b1e-94ac-263c5d2887ab","D17","BIGC","BIGC.AOS.reaeration.station.01","BIGC_S1_20170627","2017-06-27T17:54Z",572,"2017-06-27T18:35:10Z",81.90,,15.39,,100.31,,101.07
"09f1b19f-3310-4697-85ab-6d9442943c7a","e4825723-8197-4b1e-94ac-263c5d2887ab","D17","BIGC","BIGC.AOS.reaeration.station.01","BIGC_S1_20170627","2017-06-27T17:54Z",113,"2017-06-27T17:18:40Z",79.90,,14.30,,100.42,,101.20
"68d1e43d-8be0-4f61-86c4-fa1c117a415d","e4825723-8197-4b1e-94ac-263c5d2887ab","D17","BIGC","BIGC.AOS.reaeration.station.01","BIGC_S1_20170627","2017-06-27T17:54Z",1394,"2017-06-27T20:52:10Z",47.90,,20.82,,52.06,,52.29
"47f99f4e-797b-42ff-a9cc-284fa5d5a6c5","e4825723-8197-4b1e-94ac-263c5d2887ab","D17","BIGC","BIGC.AOS.reaeration.station.01","BIGC_S1_20170627","2017-06-27T17:54Z",49,"2017-06-27T17:08:00Z",79.60,,14.24,,100.19,,100.96
"66735137-b0e6-42be-b22a-57feb14825fc","e4825723-8197-4b1e-94ac-263c5d2887ab","D17","BIGC","BIGC.AOS.reaeration.station.01","BIGC_S1_20170627","2017-06-27T17:54Z",109,"2017-06-27T17:18:00Z",79.60,,14.43,,99.74,,100.50
"e629a9c0-d5f4-488a-8e33-af82cdc54bd9","e4825723-8197-4b1e-94ac-263c5d2887ab","D17","BIGC","BIGC.AOS.reaeration.station.01","BIGC_S1_20170627","2017-06-27T17:54Z",1941,"2017-06-27T22:23:20Z",53.80,,26.11,,52.68,,52.61
"9e0d2288-6d6d-41d3-ace5-2f69c39c0307","e4825723-8197-4b1e-94ac-263c5d2887ab","D17","BIGC","BIGC.AOS.reaeration.station.01","BIGC_S1_20170627","2017-06-27T17:54Z",2162,"2017-06-27T23:00:10Z",54.50,,26.06,,53.42,,53.35
"52700a29-5f5b-4cd9-8618-09ed1df76889","e4825723-8197-4b1e-94ac-263c5d2887ab","D17","BIGC","BIGC.AOS.reaeration.station.01","BIGC_S1_20170627","2017-06-27T17:54Z",2442,"2017-06-27T23:46:50Z",55.20,,26.16,,54.00,,53.92
"fecd028e-ca17-4624-bc16-57180b3a01f5","e4825723-8197-4b1e-94ac-263c5d2887ab","D17","BIGC","BIGC.AOS.reaeration.station.01","BIGC_S1_20170627","2017-06-27T17:54Z",962,"2017-06-27T19:40:10Z",85.40,,16.73,,101.42,,102.15
"f99f7f5d-8f7d-43c0-87f3-532feb61751f","e4825723-8197-4b1e-94ac-263c5d2887ab","D17","BIGC","BIGC.AOS.reaeration.station.01","BIGC_S1_20170627","2017-06-27T17:54Z",1531,"2017-06-27T21:15:00Z",49.80,,22.89,,51.89,,52.02
"77ca789f-0bd4-4150-9265-5447763a8cdb","e4825723-8197-4b1e-94ac-263c5d2887ab","D17","BIGC","BIGC.AOS.reaeration.station.01","BIGC_S1_20170627","2017-06-27T17:54Z",316,"2017-06-27T17:52:30Z",80.20,,14.71,,99.82,,100.58
"a386b565-2b36-4016-8865-0f2709f8c0a6","e4825723-8197-4b1e-94ac-263c5d2887ab","D17","BIGC","BIGC.AOS.reaeration.station.01","BIGC_S1_20170627","2017-06-27T17:54Z",1423,"2017-06-27T20:57:00Z",48.40,,21.41,,51.96,,52.17
"8b6f5c10-bc3a-4718-85fb-e3b8436835f0","e4825723-8197-4b1e-94ac-263c5d2887ab","D17","BIGC","BIGC.AOS.reaeration.station.01","BIGC_S1_20170627","2017-06-27T17:54Z",2443,"2017-06-27T23:47:00Z",55.20,,26.16,,54.00,,53.92
"dfa5f00d-ffbc-46bf-ad8d-8035b5e26f03","e4825723-8197-4b1e-94ac-263c5d2887ab","D17","BIGC","BIGC.AOS.reaeration.station.01","BIGC_S1_20170627","2017-06-27T17:54Z",2131,"2017-06-27T22:55:00Z",54.30,,26.08,,53.20,,53.13
"68c0c8fc-b3d9-46fe-8e34-cd34a24599b1","e4825723-8197-4b1e-94ac-263c5d2887ab","D17","BIGC","BIGC.AOS.reaeration.station.01","BIGC_S1_20170627","2017-06-27T17:54Z",668,"2017-06-27T18:51:10Z",85.80,,15.72,,104.28,,105.07
"69188ac4-5d42-406a-a2f7-c2e5320fc4ca","e4825723-8197-4b1e-94ac-263c5d2887ab","D17","BIGC","BIGC.AOS.reaeration.station.01","BIGC_S1_20170627","2017-06-27T17:54Z",1293,"2017-06-27T20:35:20Z",87.20,,17.75,,101.22,,101.89
"b78d39d5-0ebe-46d2-b401-f7dd27ae9663","e4825723-8197-4b1e-94ac-263c5d2887ab","D17","BIGC","BIGC.AOS.reaeration.station.01","BIGC_S1_20170627","2017-06-27T17:54Z",2281,"2017-06-27T23:20:00Z",54.80,,26.05,,53.72,,53.65
"d0510b33-9d25-4404-b72e-fc8f5cdcdb35","e4825723-8197-4b1e-94ac-263c5d2887ab","D17","BIGC","BIGC.AOS.reaeration.station.01","BIGC_S1_20170627","2017-06-27T17:54Z",75,"2017-06-27T17:12:20Z",79.70,,14.30,,100.17,,100.94
"cb9c5c40-b6d8-4ee7-9bc7-9f47735691a0","e4825723-8197-4b1e-94ac-263c5d2887ab","D17","BIGC","BIGC.AOS.reaeration.station.01","BIGC_S1_20170627","2017-06-27T17:54Z",1555,"2017-06-27T21:19:00Z",50.10,,23.11,,51.98,,52.09
"f4567482-479b-4289-8fd5-a67d716f378f","e4825723-8197-4b1e-94ac-263c5d2887ab","D17","BIGC","BIGC.AOS.reaeration.station.01","BIGC_S1_20170627","2017-06-27T17:54Z",368,"2017-06-27T18:01:10Z",80.60,,14.75,,100.22,,100.99
"0f98c986-38b9-4c43-9855-3e5f43981c91","e4825723-8197-4b1e-94ac-263c5d2887ab","D17","BIGC","BIGC.AOS.reaeration.station.01","BIGC_S1_20170627","2017-06-27T17:54Z",180,"2017-06-27T17:29:50Z",80.00,,14.42,,100.26,,101.03
"45e75433-4448-40fa-99a4-5c6a1c4eea7d","e4825723-8197-4b1e-94ac-263c5d2887ab","D17","BIGC","BIGC.AOS.reaeration.station.01","BIGC_S1_20170627","2017-06-27T17:54Z",1418,"2017-06-27T20:56:10Z",48.30,,21.33,,51.94,,52.15
"a76c634d-5a32-4eed-8a88-880d828a24a2","e4825723-8197-4b1e-94ac-263c5d2887ab","D17","BIGC","BIGC.AOS.reaeration.station.01","BIGC_S1_20170627","2017-06-27T17:54Z",830,"2017-06-27T19:18:10Z",86.30,,16.31,,103.47,,104.23
"e41c4e7d-2e80-49ee-b43b-d5fd92117c76","e4825723-8197-4b1e-94ac-263c5d2887ab","D17","BIGC","BIGC.AOS.reaeration.station.01","BIGC_S1_20170627","2017-06-27T17:54Z",1270,"2017-06-27T20:31:30Z",87.30,,17.70,,101.44,,102.13
"7e9a4ba0-2e65-47f0-b6d6-d125771d25ea","e4825723-8197-4b1e-94ac-263c5d2887ab","D17","BIGC","BIGC.AOS.reaeration.station.01","BIGC_S1_20170627","2017-06-27T17:54Z",666,"2017-06-27T18:50:50Z",86.00,,15.70,,104.58,,105.36
"2f54f967-aeb0-475d-aaa7-1f4410a1ac44","e4825723-8197-4b1e-94ac-263c5d2887ab","D17","BIGC","BIGC.AOS.reaeration.station.01","BIGC_S1_20170627","2017-06-27T17:54Z",1943,"2017-06-27T22:23:40Z",53.80,,26.12,,52.67,,52.60
"d5bbcd80-cff5-44b5-9293-01e0a99b1f91","e4825723-8197-4b1e-94ac-263c5d2887ab","D17","BIGC","BIGC.AOS.reaeration.station.01","BIGC_S1_20170627","2017-06-27T17:54Z",2103,"2017-06-27T22:50:20Z",54.20,,26.10,,53.08,,53.01
"df6dfc75-c283-438a-8ca1-2203e11dda70","e4825723-8197-4b1e-94ac-263c5d2887ab","D17","BIGC","BIGC.AOS.reaeration.station.01","BIGC_S1_20170627","2017-06-27T17:54Z",2113,"2017-06-27T22:52:00Z",54.30,,26.09,,53.19,,53.12
"e2f847a7-bdb5-4bd4-ba70-58a9db587572","e4825723-8197-4b1e-94ac-263c5d2887ab","D17","BIGC","BIGC.AOS.reaeration.station.01","BIGC_S1_20170627","2017-06-27T17:54Z",862,"2017-06-27T19:23:30Z",86.90,,16.41,,103.96,,104.71
"459af814-0094-4d80-b315-df57a74a52a8","e4825723-8197-4b1e-94ac-263c5d2887ab","D17","BIGC","BIGC.AOS.reaeration.station.01","BIGC_S1_20170627","2017-06-27T17:54Z",1679,"2017-06-27T21:39:40Z",51.60,,24.65,,51.95,,51.97
"aa5736c5-ee93-49c5-ba1f-f8133200017b","e4825723-8197-4b1e-94ac-263c5d2887ab","D17","BIGC","BIGC.AOS.reaeration.station.01","BIGC_S1_20170627","2017-06-27T17:54Z",47,"2017-06-27T17:07:40Z",79.70,,14.21,,100.39,,101.16
"9390de8b-101e-4986-b0f8-0581cb830444","e4825723-8197-4b1e-94ac-263c5d2887ab","D17","BIGC","BIGC.AOS.reaeration.station.01","BIGC_S1_20170627","2017-06-27T17:54Z",1637,"2017-06-27T21:32:40Z",51.20,,24.16,,52.03,,52.09
"d7a21d43-b3bb-411d-a27e-52e1bda60b65","e4825723-8197-4b1e-94ac-263c5d2887ab","D17","BIGC","BIGC.AOS.reaeration.station.01","BIGC_S1_20170627","2017-06-27T17:54Z",2389,"2017-06-27T23:38:00Z",55.00,,26.11,,53.86,,53.78
"2419f1db-7313-4cb2-85db-bccf9f78e156","e4825723-8197-4b1e-94ac-263c5d2887ab","D17","BIGC","BIGC.AOS.reaeration.station.01","BIGC_S1_20170627","2017-06-27T17:54Z",62,"2017-06-27T17:10:10Z",79.70,,14.29,,100.20,,100.97
"e1609d32-e944-4060-aaf9-360881bd558c","e4825723-8197-4b1e-94ac-263c5d2887ab","D17","BIGC","BIGC.AOS.reaeration.station.01","BIGC_S1_20170627","2017-06-27T17:54Z",285,"2017-06-27T17:47:20Z",80.40,,14.57,,100.40,,101.17
"9271ce9c-4301-4a2c-902b-7984aa90b562","e4825723-8197-4b1e-94ac-263c5d2887ab","D17","BIGC","BIGC.AOS.reaeration.station.01","BIGC_S1_20170627","2017-06-27T17:54Z",2529,"2017-06-28T00:01:20Z",55.50,,26.18,,54.28,,54.20
"9e84d456-2733-4bbf-a6c5-0919ef25c969","e4825723-8197-4b1e-94ac-263c5d2887ab","D17","BIGC","BIGC.AOS.reaeration.station.01","BIGC_S1_20170627","2017-06-27T17:54Z",2499,"2017-06-27T23:56:20Z",55.30,,26.18,,54.08,,54.00
"e75e42dd-0208-40ad-847e-e2ca2a16398e","e4825723-8197-4b1e-94ac-263c5d2887ab","D17","BIGC","BIGC.AOS.reaeration.station.01","BIGC_S1_20170627","2017-06-27T17:54Z",1649,"2017-06-27T21:34:40Z",51.30,,24.31,,51.99,,52.03
"0da7bc5e-f95f-44ee-a424-16541b4718eb","e4825723-8197-4b1e-94ac-263c5d2887ab","D17","BIGC","BIGC.AOS.reaeration.station.01","BIGC_S1_20170627","2017-06-27T17:54Z",1101,"2017-06-27T20:03:20Z",90.00,,17.20,,105.76,,106.49
"c91894ab-eaf8-4d7c-a6cd-f398971b7b9f","e4825723-8197-4b1e-94ac-263c5d2887ab","D17","BIGC","BIGC.AOS.reaeration.station.01","BIGC_S1_20170627","2017-06-27T17:54Z",1105,"2017-06-27T20:04:00Z",90.00,,17.24,,105.66,,106.39
"cd329351-c9f1-4f8b-bd5b-8ee20a3a1b36","e4825723-8197-4b1e-94ac-263c5d2887ab","D17","BIGC","BIGC.AOS.reaeration.station.01","BIGC_S1_20170627","2017-06-27T17:54Z",584,"2017-06-27T18:37:10Z",82.00,,15.46,,100.27,,101.03
"5962b633-fab4-4c55-a31f-0946ba5f01d8","e4825723-8197-4b1e-94ac-263c5d2887ab","D17","BIGC","BIGC.AOS.reaeration.station.01","BIGC_S1_20170627","2017-06-27T17:54Z",2551,"2017-06-28T00:05:00Z",55.60,,26.17,,54.38,,54.30
"7d8b4632-2f15-4865-85ad-f7fc8dc55a56","e4825723-8197-4b1e-94ac-263c5d2887ab","D17","BIGC","BIGC.AOS.reaeration.station.01","BIGC_S1_20170627","2017-06-27T17:54Z",861,"2017-06-27T19:23:20Z",86.70,,16.41,,103.72,,104.47
"33dd43d7-eacb-4d69-9a7f-07703b025459","e4825723-8197-4b1e-94ac-263c5d2887ab","D17","BIGC","BIGC.AOS.reaeration.station.01","BIGC_S1_20170627","2017-06-27T17:54Z",424,"2017-06-27T18:10:30Z",80.70,,14.93,,99.92,,100.68
"4d55e613-e62a-4565-b36f-db3b07eaccf8","e4825723-8197-4b1e-94ac-263c5d2887ab","D17","BIGC","BIGC.AOS.reaeration.station.01","BIGC_S1_20170627","2017-06-27T17:54Z",159,"2017-06-27T17:26:20Z",79.90,,14.39,,100.21,,100.98
"9dfd29b9-535e-41a4-bead-c36409c9c466","e4825723-8197-4b1e-94ac-263c5d2887ab","D17","BIGC","BIGC.AOS.reaeration.station.01","BIGC_S1_20170627","2017-06-27T17:54Z",516,"2017-06-27T18:25:50Z",81.30,,15.20,,100.02,,100.78
"5b3a7ddb-d371-4186-b7a3-ecab328bf1de","e4825723-8197-4b1e-94ac-263c5d2887ab","D17","BIGC","BIGC.AOS.reaeration.station.01","BIGC_S1_20170627","2017-06-27T17:54Z",66,"2017-06-27T17:10:50Z",79.70,,14.29,,100.20,,100.97
"151a86f6-641b-4f47-b45c-be99344129b7","e4825723-8197-4b1e-94ac-263c5d2887ab","D17","BIGC","BIGC.AOS.reaeration.station.01","BIGC_S1_20170627","2017-06-27T17:54Z",2108,"2017-06-27T22:51:10Z",54.30,,26.09,,53.19,,53.12
"be3d027c-18ab-46b7-a7a9-64bbf6be2ab2","e4825723-8197-4b1e-94ac-263c5d2887ab","D17","BIGC","BIGC.AOS.reaeration.station.01","BIGC_S1_20170627","2017-06-27T17:54Z",997,"2017-06-27T19:46:00Z",86.30,,16.86,,102.19,,102.91
"f341568c-08ba-4e76-b21e-91e219ad8452","e4825723-8197-4b1e-94ac-263c5d2887ab","D17","BIGC","BIGC.AOS.reaeration.station.01","BIGC_S1_20170627","2017-06-27T17:54Z",923,"2017-06-27T19:33:40Z",87.10,,16.61,,103.72,,104.47
"7990808a-b437-4e47-9461-416eecadc3ac","e4825723-8197-4b1e-94ac-263c5d2887ab","D17","BIGC","BIGC.AOS.reaeration.station.01","BIGC_S1_20170627","2017-06-27T17:54Z",1827,"2017-06-27T22:04:20Z",52.80,,25.70,,52.10,,52.06
"fa353c3f-29a9-4671-9326-2ef8027e1dff","e4825723-8197-4b1e-94ac-263c5d2887ab","D17","BIGC","BIGC.AOS.reaeration.station.01","BIGC_S1_20170627","2017-06-27T17:54Z",2465,"2017-06-27T23:50:40Z",55.20,,26.17,,53.99,,53.91
"c1d88a88-4417-4675-973f-b6652f03a1b5","e4825723-8197-4b1e-94ac-263c5d2887ab","D17","BIGC","BIGC.AOS.reaeration.station.01","BIGC_S1_20170627","2017-06-27T17:54Z",455,"2017-06-27T18:15:40Z",81.10,,14.98,,100.29,,101.06
"09a0c1a8-aa82-4c42-a055-6e4bff2de3a1","e4825723-8197-4b1e-94ac-263c5d2887ab","D17","BIGC","BIGC.AOS.reaeration.station.01","BIGC_S1_20170627","2017-06-27T17:54Z",2055,"2017-06-27T22:42:20Z",54.20,,26.12,,53.06,,52.99
"e213d12f-e045-4516-8b90-58a1875f9d89","e4825723-8197-4b1e-94ac-263c5d2887ab","D17","BIGC","BIGC.AOS.reaeration.station.01","BIGC_S1_20170627","2017-06-27T17:54Z",419,"2017-06-27T18:09:40Z",80.60,,14.98,,99.68,,100.44
"fc9663f3-d9f7-4b44-8a37-d306acfd161c","e4825723-8197-4b1e-94ac-263c5d2887ab","D17","BIGC","BIGC.AOS.reaeration.station.01","BIGC_S1_20170627","2017-06-27T17:54Z",566,"2017-06-27T18:34:10Z",81.90,,15.38,,100.34,,101.10
"e9a75eeb-8d55-41d7-8c65-56a19411c1a9","e4825723-8197-4b1e-94ac-263c5d2887ab","D17","BIGC","BIGC.AOS.reaeration.station.01","BIGC_S1_20170627","2017-06-27T17:54Z",1123,"2017-06-27T20:07:00Z",90.10,,17.30,,105.64,,106.37
"2df6045e-a76f-4db0-9e6e-3679b9d1b98b","e4825723-8197-4b1e-94ac-263c5d2887ab","D17","BIGC","BIGC.AOS.reaeration.station.01","BIGC_S1_20170627","2017-06-27T17:54Z",346,"2017-06-27T17:57:30Z",80.40,,14.73,,100.02,,100.79
"1f913d43-5c01-45fc-9cf9-22f26f3e9c17","e4825723-8197-4b1e-94ac-263c5d2887ab","D17","BIGC","BIGC.AOS.reaeration.station.01","BIGC_S1_20170627","2017-06-27T17:54Z",2296,"2017-06-27T23:22:30Z",54.80,,26.05,,53.72,,53.65
"56e00b1f-d6e0-4c7f-9d51-71430b37574f","e4825723-8197-4b1e-94ac-263c5d2887ab","D17","BIGC","BIGC.AOS.reaeration.station.01","BIGC_S1_20170627","2017-06-27T17:54Z",1924,"2017-06-27T22:20:30Z",53.70,,26.09,,52.60,,52.53
"feb1530e-a72d-4f5a-ac3e-cb9738de5714","e4825723-8197-4b1e-94ac-263c5d2887ab","D17","BIGC","BIGC.AOS.reaeration.station.01","BIGC_S1_20170627","2017-06-27T17:54Z",842,"2017-06-27T19:20:10Z",87.10,,16.34,,104.36,,105.13
"d326f7ae-e976-4248-8c32-7904efafff54","e4825723-8197-4b1e-94ac-263c5d2887ab","D17","BIGC","BIGC.AOS.reaeration.station.01","BIGC_S1_20170627","2017-06-27T17:54Z",2021,"2017-06-27T22:36:40Z",54.10,,26.14,,52.95,,52.87
"51bd212d-3b0c-4c9f-8f4f-f0aa502b8543","e4825723-8197-4b1e-94ac-263c5d2887ab","D17","BIGC","BIGC.AOS.reaeration.station.01","BIGC_S1_20170627","2017-06-27T17:54Z",744,"2017-06-27T19:03:50Z",86.50,,15.99,,104.48,,105.26
"a525b01f-ee82-40cf-933f-9125990bb97d","e4825723-8197-4b1e-94ac-263c5d2887ab","D17","BIGC","BIGC.AOS.reaeration.station.01","BIGC_S1_20170627","2017-06-27T17:54Z",1623,"2017-06-27T21:30:20Z",50.90,,23.98,,51.91,,51.97
"24230f17-4648-4fcc-a269-16fe48cd6aa2","e4825723-8197-4b1e-94ac-263c5d2887ab","D17","BIGC","BIGC.AOS.reaeration.station.01","BIGC_S1_20170627","2017-06-27T17:54Z",1643,"2017-06-27T21:33:40Z",51.20,,24.24,,51.95,,52.00
"17c45f50-d487-44f7-8a9b-c907b538eb25","e4825723-8197-4b1e-94ac-263c5d2887ab","D17","BIGC","BIGC.AOS.reaeration.station.01","BIGC_S1_20170627","2017-06-27T17:54Z",1831,"2017-06-27T22:05:00Z",52.80,,25.73,,52.07,,52.03
"b26cbd67-3463-438d-b444-1b1cd7967277","e4825723-8197-4b1e-94ac-263c5d2887ab","D17","BIGC","BIGC.AOS.reaeration.station.01","BIGC_S1_20170627","2017-06-27T17:54Z",1473,"2017-06-27T21:05:20Z",49.20,,22.19,,51.99,,52.15
"c0c8432e-7a50-4f47-b445-7295f1143773","e4825723-8197-4b1e-94ac-263c5d2887ab","D17","BIGC","BIGC.AOS.reaeration.station.01","BIGC_S1_20170627","2017-06-27T17:54Z",1926,"2017-06-27T22:20:50Z",53.70,,26.09,,52.60,,52.53
"a0b3ae17-5842-4d91-8b2a-82858f76cc43","e4825723-8197-4b1e-94ac-263c5d2887ab","D17","BIGC","BIGC.AOS.reaeration.station.01","BIGC_S1_20170627","2017-06-27T17:54Z",2548,"2017-06-28T00:04:30Z",55.60,,26.18,,54.37,,54.29
"983717b0-fb02-4dd3-8b5d-8923ccf563d0","e4825723-8197-4b1e-94ac-263c5d2887ab","D17","BIGC","BIGC.AOS.reaeration.station.01","BIGC_S1_20170627","2017-06-27T17:54Z",1147,"2017-06-27T20:11:00Z",90.20,,17.37,,105.59,,106.31
"32627f12-26d9-4fe3-84a6-702d2218a06b","e4825723-8197-4b1e-94ac-263c5d2887ab","D17","BIGC","BIGC.AOS.reaeration.station.01","BIGC_S1_20170627","2017-06-27T17:54Z",461,"2017-06-27T18:16:40Z",81.10,,14.99,,100.27,,101.04
"4b674f26-d10f-4df9-a50b-37947e4abc32","e4825723-8197-4b1e-94ac-263c5d2887ab","D17","BIGC","BIGC.AOS.reaeration.station.01","BIGC_S1_20170627","2017-06-27T17:54Z",686,"2017-06-27T18:54:10Z",86.00,,15.78,,104.38,,105.16
"8a7bced7-f22d-47f8-9c12-f583cc9356be","e4825723-8197-4b1e-94ac-263c5d2887ab","D17","BIGC","BIGC.AOS.reaeration.station.01","BIGC_S1_20170627","2017-06-27T17:54Z",1327,"2017-06-27T20:41:00Z",45.00,,18.96,,50.87,,51.17
"4fbd2c9a-0066-426e-b0d5-c28fbea32f20","e4825723-8197-4b1e-94ac-263c5d2887ab","D17","BIGC","BIGC.AOS.reaeration.station.01","BIGC_S1_20170627","2017-06-27T17:54Z",847,"2017-06-27T19:21:00Z",87.40,,16.34,,104.72,,105.49
"015b2261-b7a1-4391-bf30-a662874e95ef","e4825723-8197-4b1e-94ac-263c5d2887ab","D17","BIGC","BIGC.AOS.reaeration.station.01","BIGC_S1_20170627","2017-06-27T17:54Z",1215,"2017-06-27T20:22:20Z",92.30,,17.60,,107.49,,108.22
"8d2bfaf7-1b7c-4450-b996-42e21d1a62c5","e4825723-8197-4b1e-94ac-263c5d2887ab","D17","BIGC","BIGC.AOS.reaeration.station.01","BIGC_S1_20170627","2017-06-27T17:54Z",827,"2017-06-27T19:17:40Z",86.90,,16.29,,104.24,,105.01
"7e866c8a-6dc3-416b-96ae-260a4599e0da","e4825723-8197-4b1e-94ac-263c5d2887ab","D17","BIGC","BIGC.AOS.reaeration.station.01","BIGC_S1_20170627","2017-06-27T17:54Z",2301,"2017-06-27T23:23:20Z",54.80,,26.05,,53.72,,53.65
"eb3011be-ffcf-4fd7-b8d2-7dac56ef68b0","e4825723-8197-4b1e-94ac-263c5d2887ab","D17","BIGC","BIGC.AOS.reaeration.station.01","BIGC_S1_20170627","2017-06-27T17:54Z",639,"2017-06-27T18:46:20Z",83.60,,15.63,,101.82,,102.59
"a8a5d25c-0d17-4485-8f0b-d45163cd6a93","e4825723-8197-4b1e-94ac-263c5d2887ab","D17","BIGC","BIGC.AOS.reaeration.station.01","BIGC_S1_20170627","2017-06-27T17:54Z",396,"2017-06-27T18:05:50Z",80.60,,14.86,,99.96,,100.72
"e34203d7-f5ce-4a5f-b854-25e58db01a42","e4825723-8197-4b1e-94ac-263c5d2887ab","D17","BIGC","BIGC.AOS.reaeration.station.01","BIGC_S1_20170627","2017-06-27T17:54Z",1107,"2017-06-27T20:04:20Z",90.00,,17.25,,105.64,,106.37
"c2b82138-0bd3-4763-9b72-a845491a1c54","e4825723-8197-4b1e-94ac-263c5d2887ab","D17","BIGC","BIGC.AOS.reaeration.station.01","BIGC_S1_20170627","2017-06-27T17:54Z",370,"2017-06-27T18:01:30Z",80.60,,14.73,,100.27,,101.04
"33071cdd-9bb2-4d38-b04c-8d3c15f69e49","e4825723-8197-4b1e-94ac-263c5d2887ab","D17","BIGC","BIGC.AOS.reaeration.station.01","BIGC_S1_20170627","2017-06-27T17:54Z",2240,"2017-06-27T23:13:10Z",54.70,,26.05,,53.62,,53.55
"6f646573-2d5f-464e-bbda-caa34e44c2d7","e4825723-8197-4b1e-94ac-263c5d2887ab","D17","BIGC","BIGC.AOS.reaeration.station.01","BIGC_S1_20170627","2017-06-27T17:54Z",1012,"2017-06-27T19:48:30Z",86.30,,16.90,,102.10,,102.82
"565eef34-40c6-4de1-b75a-0f6c8210f700","e4825723-8197-4b1e-94ac-263c5d2887ab","D17","BIGC","BIGC.AOS.reaeration.station.01","BIGC_S1_20170627","2017-06-27T17:54Z",1434,"2017-06-27T20:58:50Z",48.60,,21.61,,51.96,,52.16
"dbd6197a-ef33-4d05-a7b6-8dcf80c5f866","e4825723-8197-4b1e-94ac-263c5d2887ab","D17","BIGC","BIGC.AOS.reaeration.station.01","BIGC_S1_20170627","2017-06-27T17:54Z",1118,"2017-06-27T20:06:10Z",90.00,,17.27,,105.59,,106.32
"1a5ecb16-f37a-4fce-89d0-6bf43f3a240c","e4825723-8197-4b1e-94ac-263c5d2887ab","D17","BIGC","BIGC.AOS.reaeration.station.01","BIGC_S1_20170627","2017-06-27T17:54Z",2597,"2017-06-28T00:12:40Z",54.80,,25.56,,54.22,,54.18
"4924c489-5d53-48a8-9a8a-9e34759bdc75","e4825723-8197-4b1e-94ac-263c5d2887ab","D17","BIGC","BIGC.AOS.reaeration.station.01","BIGC_S1_20170627","2017-06-27T17:54Z",809,"2017-06-27T19:14:40Z",86.40,,16.23,,103.78,,104.55
"ebd81204-8bd7-4d1b-8811-bb8100be33d3","e4825723-8197-4b1e-94ac-263c5d2887ab","D17","BIGC","BIGC.AOS.reaeration.station.01","BIGC_S1_20170627","2017-06-27T17:54Z",1766,"2017-06-27T21:54:10Z",52.30,,25.30,,52.00,,51.98
"f800e57b-d017-4afe-ae56-f5a272947fdc","e4825723-8197-4b1e-94ac-263c5d2887ab","D17","BIGC","BIGC.AOS.reaeration.station.01","BIGC_S1_20170627","2017-06-27T17:54Z",1801,"2017-06-27T22:00:00Z",52.40,,25.52,,51.88,,51.85
"d5f233c3-4058-4a58-ac66-44137366e34c","e4825723-8197-4b1e-94ac-263c5d2887ab","D17","BIGC","BIGC.AOS.reaeration.station.01","BIGC_S1_20170627","2017-06-27T17:54Z",334,"2017-06-27T17:55:30Z",80.50,,14.67,,100.29,,101.06
"e357d8b3-ff72-4715-bd20-c9cadaa4afe8","e4825723-8197-4b1e-94ac-263c5d2887ab","D17","BIGC","BIGC.AOS.reaeration.station.01","BIGC_S1_20170627","2017-06-27T17:54Z",1130,"2017-06-27T20:08:10Z",91.50,,17.34,,107.18,,107.92
"c2127420-c606-4624-98ce-bbc93b0e77cf","e4825723-8197-4b1e-94ac-263c5d2887ab","D17","BIGC","BIGC.AOS.reaeration.station.01","BIGC_S1_20170627","2017-06-27T17:54Z",1676,"2017-06-27T21:39:10Z",51.60,,24.63,,51.97,,51.99
"15c57d39-48f8-41c6-8b6c-b644a96d793a","e4825723-8197-4b1e-94ac-263c5d2887ab","D17","BIGC","BIGC.AOS.reaeration.station.01","BIGC_S1_20170627","2017-06-27T17:54Z",145,"2017-06-27T17:24:00Z",79.60,,14.42,,99.76,,100.53
"59de524b-5794-462a-8f02-823ba4bae86a","e4825723-8197-4b1e-94ac-263c5d2887ab","D17","BIGC","BIGC.AOS.reaeration.station.01","BIGC_S1_20170627","2017-06-27T17:54Z",183,"2017-06-27T17:30:20Z",80.10,,14.37,,100.51,,101.28
"f88992b4-b23f-4665-a5b2-8e526c1f15d4","e4825723-8197-4b1e-94ac-263c5d2887ab","D17","BIGC","BIGC.AOS.reaeration.station.01","BIGC_S1_20170627","2017-06-27T17:54Z",1523,"2017-06-27T21:13:40Z",49.70,,22.79,,51.89,,52.02
"bd64c43f-b228-41bf-b8eb-1e9848c035e3","e4825723-8197-4b1e-94ac-263c5d2887ab","D17","BIGC","BIGC.AOS.reaeration.station.01","BIGC_S1_20170627","2017-06-27T17:54Z",1276,"2017-06-27T20:32:30Z",87.30,,17.70,,101.44,,102.13
"630211b8-c380-4ddb-97d4-0096ff891839","e4825723-8197-4b1e-94ac-263c5d2887ab","D17","BIGC","BIGC.AOS.reaeration.station.01","BIGC_S1_20170627","2017-06-27T17:54Z",2323,"2017-06-27T23:27:00Z",54.90,,26.05,,53.82,,53.75
"cc5cca4f-aaca-44d5-80b9-ab79efce0450","e4825723-8197-4b1e-94ac-263c5d2887ab","D17","BIGC","BIGC.AOS.reaeration.station.01","BIGC_S1_20170627","2017-06-27T17:54Z",1511,"2017-06-27T21:11:40Z",49.60,,22.66,,51.92,,52.06
"e265ae27-2dfa-4f01-b84d-e92aac9c1d4c","e4825723-8197-4b1e-94ac-263c5d2887ab","D17","BIGC","BIGC.AOS.reaeration.station.01","BIGC_S1_20170627","2017-06-27T17:54Z",1329,"2017-06-27T20:41:20Z",45.10,,19.04,,50.89,,51.19
"8a6c6a94-4799-4cf1-a582-d98087de0f84","e4825723-8197-4b1e-94ac-263c5d2887ab","D17","BIGC","BIGC.AOS.reaeration.station.01","BIGC_S1_20170627","2017-06-27T17:54Z",325,"2017-06-27T17:54:00Z",80.50,,14.65,,100.33,,101.10
"c58dda95-3beb-4dc2-9052-4f9bb3a217fb","e4825723-8197-4b1e-94ac-263c5d2887ab","D17","BIGC","BIGC.AOS.reaeration.station.01","BIGC_S1_20170627","2017-06-27T17:54Z",2599,"2017-06-28T00:13:00Z",54.30,,25.40,,53.89,,53.86
"74375891-6e72-43c9-b157-9dfc9e6f8bae","e4825723-8197-4b1e-94ac-263c5d2887ab","D17","BIGC","BIGC.AOS.reaeration.station.01","BIGC_S1_20170627","2017-06-27T17:54Z",433,"2017-06-27T18:12:00Z",80.80,,14.98,,99.92,,100.69
"54123a71-adfe-434c-92e1-c71a54e7d555","e4825723-8197-4b1e-94ac-263c5d2887ab","D17","BIGC","BIGC.AOS.reaeration.station.01","BIGC_S1_20170627","2017-06-27T17:54Z",1095,"2017-06-27T20:02:20Z",90.00,,17.20,,105.76,,106.49
"96ebbcbf-bf9b-44da-9497-5de600aed6a2","e4825723-8197-4b1e-94ac-263c5d2887ab","D17","BIGC","BIGC.AOS.reaeration.station.01","BIGC_S1_20170627","2017-06-27T17:54Z",1233,"2017-06-27T20:25:20Z",90.60,,17.62,,105.47,,106.18
"8b1295f9-2ef5-48e1-b0ca-323695a1d6e4","e4825723-8197-4b1e-94ac-263c5d2887ab","D17","BIGC","BIGC.AOS.reaeration.station.01","BIGC_S1_20170627","2017-06-27T17:54Z",748,"2017-06-27T19:04:30Z",86.70,,16.00,,104.70,,105.47
"967dec64-f6cf-4550-bcf6-6a9494b016c6","e4825723-8197-4b1e-94ac-263c5d2887ab","D17","BIGC","BIGC.AOS.reaeration.station.01","BIGC_S1_20170627","2017-06-27T17:54Z",2092,"2017-06-27T22:48:30Z",54.20,,26.10,,53.08,,53.01
"0950e05c-9533-4634-90b9-edc3818aa7ff","e4825723-8197-4b1e-94ac-263c5d2887ab","D17","BIGC","BIGC.AOS.reaeration.station.01","BIGC_S1_20170627","2017-06-27T17:54Z",1574,"2017-06-27T21:22:10Z",50.20,,23.28,,51.91,,52.01
"abd7512e-6b76-4ae1-aa04-21d2218a2c54","e4825723-8197-4b1e-94ac-263c5d2887ab","D17","BIGC","BIGC.AOS.reaeration.station.01","BIGC_S1_20170627","2017-06-27T17:54Z",863,"2017-06-27T19:23:40Z",87.40,,16.40,,104.58,,105.34
"c76f2ec8-0139-4bba-87fc-a5be66bffe0d","e4825723-8197-4b1e-94ac-263c5d2887ab","D17","BIGC","BIGC.AOS.reaeration.station.01","BIGC_S1_20170627","2017-06-27T17:54Z",2091,"2017-06-27T22:48:20Z",54.20,,26.10,,53.08,,53.01
"0ee80d61-8660-4ba9-9378-3c5df35456fd","e4825723-8197-4b1e-94ac-263c5d2887ab","D17","BIGC","BIGC.AOS.reaeration.station.01","BIGC_S1_20170627","2017-06-27T17:54Z",958,"2017-06-27T19:39:30Z",85.60,,16.72,,101.68,,102.41
"964af831-1c09-45ea-9270-7a9d98046285","e4825723-8197-4b1e-94ac-263c5d2887ab","D17","BIGC","BIGC.AOS.reaeration.station.01","BIGC_S1_20170627","2017-06-27T17:54Z",964,"2017-06-27T19:40:30Z",85.30,,16.74,,101.28,,102.00
"b8593f3f-f2eb-47d8-be7a-c4555673d5d8","e4825723-8197-4b1e-94ac-263c5d2887ab","D17","BIGC","BIGC.AOS.reaeration.station.01","BIGC_S1_20170627","2017-06-27T17:54Z",1560,"2017-06-27T21:19:50Z",50.10,,23.16,,51.92,,52.04
"6cd4fd9b-8029-4df5-93d0-538ac9a3b108","e4825723-8197-4b1e-94ac-263c5d2887ab","D17","BIGC","BIGC.AOS.reaeration.station.01","BIGC_S1_20170627","2017-06-27T17:54Z",2067,"2017-06-27T22:44:20Z",54.20,,26.11,,53.07,,53.00
"335170f4-ed49-4f45-939a-a3267a49054b","e4825723-8197-4b1e-94ac-263c5d2887ab","D17","BIGC","BIGC.AOS.reaeration.station.01","BIGC_S1_20170627","2017-06-27T17:54Z",2394,"2017-06-27T23:38:50Z",55.00,,26.11,,53.86,,53.78
"041c6b1b-745d-42bc-be79-645ace920ed6","e4825723-8197-4b1e-94ac-263c5d2887ab","D17","BIGC","BIGC.AOS.reaeration.station.01","BIGC_S1_20170627","2017-06-27T17:54Z",2249,"2017-06-27T23:14:40Z",54.70,,26.05,,53.62,,53.55
"f4c9f357-5556-49c3-b4ce-15ab6e35c53b","e4825723-8197-4b1e-94ac-263c5d2887ab","D17","BIGC","BIGC.AOS.reaeration.station.01","BIGC_S1_20170627","2017-06-27T17:54Z",1559,"2017-06-27T21:19:40Z",50.10,,23.15,,51.94,,52.05
"2a6dd4d0-6f42-46ac-acab-70063bf016a8","e4825723-8197-4b1e-94ac-263c5d2887ab","D17","BIGC","BIGC.AOS.reaeration.station.01","BIGC_S1_20170627","2017-06-27T17:54Z",1796,"2017-06-27T21:59:10Z",52.40,,25.49,,51.91,,51.88
"c09f854e-7c8a-42ae-8ee8-84ee376e798c","e4825723-8197-4b1e-94ac-263c5d2887ab","D17","BIGC","BIGC.AOS.reaeration.station.01","BIGC_S1_20170627","2017-06-27T17:54Z",642,"2017-06-27T18:46:50Z",84.50,,15.62,,102.94,,103.72
"735e3d38-34ed-4c21-9bb2-00e37222fb72","e4825723-8197-4b1e-94ac-263c5d2887ab","D17","BIGC","BIGC.AOS.reaeration.station.01","BIGC_S1_20170627","2017-06-27T17:54Z",2216,"2017-06-27T23:09:10Z",54.60,,26.05,,53.53,,53.46
"d81ac866-d72a-446c-a07c-b380729fd840","e4825723-8197-4b1e-94ac-263c5d2887ab","D17","BIGC","BIGC.AOS.reaeration.station.01","BIGC_S1_20170627","2017-06-27T17:54Z",1864,"2017-06-27T22:10:30Z",53.20,,25.90,,52.30,,52.24
"ec0bf620-12be-407b-ab35-d09e5e09d406","e4825723-8197-4b1e-94ac-263c5d2887ab","D17","BIGC","BIGC.AOS.reaeration.station.01","BIGC_S1_20170627","2017-06-27T17:54Z",2104,"2017-06-27T22:50:30Z",54.30,,26.10,,53.18,,53.11
"af3d0a3b-e7c4-4417-b753-349d401e2fe3","e4825723-8197-4b1e-94ac-263c5d2887ab","D17","BIGC","BIGC.AOS.reaeration.station.01","BIGC_S1_20170627","2017-06-27T17:54Z",148,"2017-06-27T17:24:30Z",79.90,,14.35,,100.30,,101.07
"72f29301-20a6-4e00-9508-5be0263655cb","e4825723-8197-4b1e-94ac-263c5d2887ab","D17","BIGC","BIGC.AOS.reaeration.station.01","BIGC_S1_20170627","2017-06-27T17:54Z",120,"2017-06-27T17:19:50Z",79.80,,14.37,,100.13,,100.90
"937614e0-ecbe-4b84-8124-412b2e3ea91d","e4825723-8197-4b1e-94ac-263c5d2887ab","D17","BIGC","BIGC.AOS.reaeration.station.01","BIGC_S1_20170627","2017-06-27T17:54Z",430,"2017-06-27T18:11:30Z",80.80,,14.96,,99.97,,100.73
"23ad0281-c750-4717-a5ca-8f17483d2ae0","e4825723-8197-4b1e-94ac-263c5d2887ab","D17","BIGC","BIGC.AOS.reaeration.station.01","BIGC_S1_20170627","2017-06-27T17:54Z",737,"2017-06-27T19:02:40Z",86.70,,15.96,,104.79,,105.57
"37a1b8cd-4304-4d97-8373-917062f0a3e4","e4825723-8197-4b1e-94ac-263c5d2887ab","D17","BIGC","BIGC.AOS.reaeration.station.01","BIGC_S1_20170627","2017-06-27T17:54Z",2111,"2017-06-27T22:51:40Z",54.40,,26.09,,53.29,,53.22
"4748215c-72da-43e6-b305-ee852002b3e3","e4825723-8197-4b1e-94ac-263c5d2887ab","D17","BIGC","BIGC.AOS.reaeration.station.01","BIGC_S1_20170627","2017-06-27T17:54Z",2133,"2017-06-27T22:55:20Z",54.40,,26.08,,53.30,,53.23
"5ec828fb-144f-48f2-b749-1b92a664911c","e4825723-8197-4b1e-94ac-263c5d2887ab","D17","BIGC","BIGC.AOS.reaeration.station.01","BIGC_S1_20170627","2017-06-27T17:54Z",593,"2017-06-27T18:38:40Z",82.20,,15.46,,100.52,,101.28
"80da508f-0da1-4852-a851-6127e28aa8a8","e4825723-8197-4b1e-94ac-263c5d2887ab","D17","BIGC","BIGC.AOS.reaeration.station.01","BIGC_S1_20170627","2017-06-27T17:54Z",408,"2017-06-27T18:07:50Z",80.90,,14.81,,100.45,,101.22
"1505771f-4067-427f-8ec8-31575676afd4","e4825723-8197-4b1e-94ac-263c5d2887ab","D17","BIGC","BIGC.AOS.reaeration.station.01","BIGC_S1_20170627","2017-06-27T17:54Z",1245,"2017-06-27T20:27:20Z",90.10,,17.64,,104.84,,105.55
"b9037d96-4f08-423a-8e45-5a16bc1952bd","e4825723-8197-4b1e-94ac-263c5d2887ab","D17","BIGC","BIGC.AOS.reaeration.station.01","BIGC_S1_20170627","2017-06-27T17:54Z",2023,"2017-06-27T22:37:00Z",54.10,,26.14,,52.95,,52.87
"a258de7f-40b8-4559-a682-1bef022ecc24","e4825723-8197-4b1e-94ac-263c5d2887ab","D17","BIGC","BIGC.AOS.reaeration.station.01","BIGC_S1_20170627","2017-06-27T17:54Z",37,"2017-06-27T17:06:00Z",79.60,,14.24,,100.19,,100.96
"ecf8147f-e16b-4e0b-9a7f-82b831314134","e4825723-8197-4b1e-94ac-263c5d2887ab","D17","BIGC","BIGC.AOS.reaeration.station.01","BIGC_S1_20170627","2017-06-27T17:54Z",1610,"2017-06-27T21:28:10Z",50.70,,23.80,,51.89,,51.96
"4da79214-e962-411f-a33d-e3b99124267b","e4825723-8197-4b1e-94ac-263c5d2887ab","D17","BIGC","BIGC.AOS.reaeration.station.01","BIGC_S1_20170627","2017-06-27T17:54Z",1036,"2017-06-27T19:52:30Z",89.00,,17.00,,105.05,,105.79
"d7ca8a44-5c9a-46ec-8a51-b155701c24af","e4825723-8197-4b1e-94ac-263c5d2887ab","D17","BIGC","BIGC.AOS.reaeration.station.01","BIGC_S1_20170627","2017-06-27T17:54Z",698,"2017-06-27T18:56:10Z",86.20,,15.83,,104.50,,105.28
"71c6ec4d-103f-479f-bb56-c0e52df729bd","e4825723-8197-4b1e-94ac-263c5d2887ab","D17","BIGC","BIGC.AOS.reaeration.station.01","BIGC_S1_20170627","2017-06-27T17:54Z",866,"2017-06-27T19:24:10Z",86.90,,16.41,,103.96,,104.71
"02f52c87-f2d9-4271-a82c-b6a1a075fffd","e4825723-8197-4b1e-94ac-263c5d2887ab","D17","BIGC","BIGC.AOS.reaeration.station.01","BIGC_S1_20170627","2017-06-27T17:54Z",953,"2017-06-27T19:38:40Z",86.20,,16.70,,102.44,,103.18
"8963d7c4-fffe-44db-a847-94d7672552ee","e4825723-8197-4b1e-94ac-263c5d2887ab","D17","BIGC","BIGC.AOS.reaeration.station.01","BIGC_S1_20170627","2017-06-27T17:54Z",1205,"2017-06-27T20:20:40Z",91.80,,17.57,,106.98,,107.71
"638da102-9b31-4c01-b1f5-d3a1be753fbb","e4825723-8197-4b1e-94ac-263c5d2887ab","D17","BIGC","BIGC.AOS.reaeration.station.01","BIGC_S1_20170627","2017-06-27T17:54Z",2053,"2017-06-27T22:42:00Z",54.20,,26.12,,53.06,,52.99
"ccb5c2ff-1ffc-4c7a-8cbd-9e40b232d0ed","e4825723-8197-4b1e-94ac-263c5d2887ab","D17","BIGC","BIGC.AOS.reaeration.station.01","BIGC_S1_20170627","2017-06-27T17:54Z",2088,"2017-06-27T22:47:50Z",54.30,,26.10,,53.18,,53.11
"a0b09dd1-2062-44ba-aa46-adaa6637cc0c","e4825723-8197-4b1e-94ac-263c5d2887ab","D17","BIGC","BIGC.AOS.reaeration.station.01","BIGC_S1_20170627","2017-06-27T17:54Z",220,"2017-06-27T17:36:30Z",80.10,,14.45,,100.31,,101.08
"a5b556af-c662-47a4-a493-95863e1c3ef7","e4825723-8197-4b1e-94ac-263c5d2887ab","D17","BIGC","BIGC.AOS.reaeration.station.01","BIGC_S1_20170627","2017-06-27T17:54Z",78,"2017-06-27T17:12:50Z",79.40,,14.38,,99.60,,100.37
"cd1b5ca4-3502-475d-9e69-6f97a9a2f73f","e4825723-8197-4b1e-94ac-263c5d2887ab","D17","BIGC","BIGC.AOS.reaeration.station.01","BIGC_S1_20170627","2017-06-27T17:54Z",2451,"2017-06-27T23:48:20Z",55.20,,26.16,,54.00,,53.92
"7c703890-bd45-4891-8c6a-a214b49bae87","e4825723-8197-4b1e-94ac-263c5d2887ab","D17","BIGC","BIGC.AOS.reaeration.station.01","BIGC_S1_20170627","2017-06-27T17:54Z",294,"2017-06-27T17:48:50Z",80.40,,14.60,,100.33,,101.10
"5cb481bf-7f49-45db-9557-e53f03517f1c","e4825723-8197-4b1e-94ac-263c5d2887ab","D17","BIGC","BIGC.AOS.reaeration.station.01","BIGC_S1_20170627","2017-06-27T17:54Z",654,"2017-06-27T18:48:50Z",84.90,,15.68,,103.29,,104.06
"b3026911-836b-464a-94e0-3a2879a49183","e4825723-8197-4b1e-94ac-263c5d2887ab","D17","BIGC","BIGC.AOS.reaeration.station.01","BIGC_S1_20170627","2017-06-27T17:54Z",2435,"2017-06-27T23:45:40Z",55.20,,26.15,,54.01,,53.94
"30979036-5a2e-4dbe-8992-6eae6d17eace","e4825723-8197-4b1e-94ac-263c5d2887ab","D17","BIGC","BIGC.AOS.reaeration.station.01","BIGC_S1_20170627","2017-06-27T17:54Z",1604,"2017-06-27T21:27:10Z",50.60,,23.70,,51.89,,51.97
"d625eff0-29b8-4bcc-b4f3-f098a3fe770f","e4825723-8197-4b1e-94ac-263c5d2887ab","D17","BIGC","BIGC.AOS.reaeration.station.01","BIGC_S1_20170627","2017-06-27T17:54Z",212,"2017-06-27T17:35:10Z",79.90,,14.54,,99.85,,100.61
"3d354e47-b4a2-436a-8b84-2cdd7b002712","e4825723-8197-4b1e-94ac-263c5d2887ab","D17","BIGC","BIGC.AOS.reaeration.station.01","BIGC_S1_20170627","2017-06-27T17:54Z",767,"2017-06-27T19:07:40Z",86.70,,16.07,,104.53,,105.30
"9d129cf2-2c01-4525-8451-8869bfc8f67b","e4825723-8197-4b1e-94ac-263c5d2887ab","D17","BIGC","BIGC.AOS.reaeration.station.01","BIGC_S1_20170627","2017-06-27T17:54Z",980,"2017-06-27T19:43:10Z",85.70,,16.80,,101.61,,102.34
"4171e686-9af6-46fc-917f-38615d6dcdb4","e4825723-8197-4b1e-94ac-263c5d2887ab","D17","BIGC","BIGC.AOS.reaeration.station.01","BIGC_S1_20170627","2017-06-27T17:54Z",1476,"2017-06-27T21:05:50Z",49.20,,22.24,,51.94,,52.10
"fe010e55-bcfd-462d-b6e4-c212c958bc07","e4825723-8197-4b1e-94ac-263c5d2887ab","D17","BIGC","BIGC.AOS.reaeration.station.01","BIGC_S1_20170627","2017-06-27T17:54Z",1447,"2017-06-27T21:01:00Z",48.80,,21.82,,51.96,,52.14
"8fbdf562-42ad-4d95-94a1-bd4d8ec35885","e4825723-8197-4b1e-94ac-263c5d2887ab","D17","BIGC","BIGC.AOS.reaeration.station.01","BIGC_S1_20170627","2017-06-27T17:54Z",216,"2017-06-27T17:35:50Z",80.00,,14.51,,100.04,,100.81
"cfefa519-d2b7-4b59-b722-daa7c756c5fa","e4825723-8197-4b1e-94ac-263c5d2887ab","D17","BIGC","BIGC.AOS.reaeration.station.01","BIGC_S1_20170627","2017-06-27T17:54Z",1788,"2017-06-27T21:57:50Z",52.30,,25.43,,51.87,,51.85
"3a7775b8-e7f8-40a2-9a34-fa86f8604d1b","e4825723-8197-4b1e-94ac-263c5d2887ab","D17","BIGC","BIGC.AOS.reaeration.station.01","BIGC_S1_20170627","2017-06-27T17:54Z",1264,"2017-06-27T20:30:30Z",87.50,,17.70,,101.68,,102.36
"bf020a79-77f9-4d00-9614-c94376e90498","e4825723-8197-4b1e-94ac-263c5d2887ab","D17","BIGC","BIGC.AOS.reaeration.station.01","BIGC_S1_20170627","2017-06-27T17:54Z",1963,"2017-06-27T22:27:00Z",53.90,,26.14,,52.75,,52.68
"801de6e8-22f8-4d20-84bf-7ff8ac44d951","e4825723-8197-4b1e-94ac-263c5d2887ab","D17","BIGC","BIGC.AOS.reaeration.station.01","BIGC_S1_20170627","2017-06-27T17:54Z",1410,"2017-06-27T20:54:50Z",48.10,,21.17,,51.90,,52.11
"6fa365dd-5dcd-44b2-8f85-65586f6bf807","e4825723-8197-4b1e-94ac-263c5d2887ab","D17","BIGC","BIGC.AOS.reaeration.station.01","BIGC_S1_20170627","2017-06-27T17:54Z",2282,"2017-06-27T23:20:10Z",54.80,,26.05,,53.72,,53.65
"0dc25487-b1c8-4b83-b2fb-2f87af68d391","e4825723-8197-4b1e-94ac-263c5d2887ab","D17","BIGC","BIGC.AOS.reaeration.station.01","BIGC_S1_20170627","2017-06-27T17:54Z",2295,"2017-06-27T23:22:20Z",54.80,,26.05,,53.72,,53.65
"e493fb95-7c18-427e-b030-3da2f7e7f292","e4825723-8197-4b1e-94ac-263c5d2887ab","D17","BIGC","BIGC.AOS.reaeration.station.01","BIGC_S1_20170627","2017-06-27T17:54Z",1461,"2017-06-27T21:03:20Z",49.00,,22.02,,51.96,,52.13
"48d5f5dc-76dc-4954-8036-d8315ce6b855","e4825723-8197-4b1e-94ac-263c5d2887ab","D17","BIGC","BIGC.AOS.reaeration.station.01","BIGC_S1_20170627","2017-06-27T17:54Z",875,"2017-06-27T19:25:40Z",87.60,,16.43,,104.75,,105.51
"6efa01a1-4db0-42de-9186-05bc520c2efc","e4825723-8197-4b1e-94ac-263c5d2887ab","D17","BIGC","BIGC.AOS.reaeration.station.01","BIGC_S1_20170627","2017-06-27T17:54Z",554,"2017-06-27T18:32:10Z",81.90,,15.32,,100.48,,101.24
"750c2c21-45e9-4101-a798-ecdf85d0f410","e4825723-8197-4b1e-94ac-263c5d2887ab","D17","BIGC","BIGC.AOS.reaeration.station.01","BIGC_S1_20170627","2017-06-27T17:54Z",903,"2017-06-27T19:30:20Z",87.60,,16.53,,104.51,,105.26
"3d3a5e30-7427-45ea-98f0-d1cc57f80223","e4825723-8197-4b1e-94ac-263c5d2887ab","D17","BIGC","BIGC.AOS.reaeration.station.01","BIGC_S1_20170627","2017-06-27T17:54Z",571,"2017-06-27T18:35:00Z",81.90,,15.38,,100.34,,101.10
"7dda356f-1c7f-4770-b289-887e09f87651","e4825723-8197-4b1e-94ac-263c5d2887ab","D17","BIGC","BIGC.AOS.reaeration.station.01","BIGC_S1_20170627","2017-06-27T17:54Z",727,"2017-06-27T19:01:00Z",86.20,,15.94,,104.24,,105.01
"bde13554-0df1-4e71-8d5a-92203a8aacd1","e4825723-8197-4b1e-94ac-263c5d2887ab","D17","BIGC","BIGC.AOS.reaeration.station.01","BIGC_S1_20170627","2017-06-27T17:54Z",1687,"2017-06-27T21:41:00Z",51.70,,24.75,,51.95,,51.96
"06dbfd69-fbe5-41da-b7d0-7ded389d076b","e4825723-8197-4b1e-94ac-263c5d2887ab","D17","BIGC","BIGC.AOS.reaeration.station.01","BIGC_S1_20170627","2017-06-27T17:54Z",19,"2017-06-27T17:03:00Z",79.40,,14.24,,99.94,,100.71
"13aeab3c-29a8-4401-bb9d-1840f03a29ac","e4825723-8197-4b1e-94ac-263c5d2887ab","D17","BIGC","BIGC.AOS.reaeration.station.01","BIGC_S1_20170627","2017-06-27T17:54Z",60,"2017-06-27T17:09:50Z",79.70,,14.29,,100.20,,100.97
"3285e59a-fec5-4b5c-adcd-9b37130ac06e","e4825723-8197-4b1e-94ac-263c5d2887ab","D17","BIGC","BIGC.AOS.reaeration.station.01","BIGC_S1_20170627","2017-06-27T17:54Z",341,"2017-06-27T17:56:40Z",80.50,,14.67,,100.29,,101.06
"53b4243c-2e41-4a60-8204-8b37ec0b8a25","e4825723-8197-4b1e-94ac-263c5d2887ab","D17","BIGC","BIGC.AOS.reaeration.station.01","BIGC_S1_20170627","2017-06-27T17:54Z",2,"2017-06-27T17:00:10Z",79.40,,14.20,,100.04,,100.80
"f159828f-3793-49a4-926c-9ff46db74f7b","e4825723-8197-4b1e-94ac-263c5d2887ab","D17","BIGC","BIGC.AOS.reaeration.station.01","BIGC_S1_20170627","2017-06-27T17:54Z",2060,"2017-06-27T22:43:10Z",54.20,,26.11,,53.07,,53.00
"90d28278-0282-45e8-ac3f-0a64fccdcfa8","e4825723-8197-4b1e-94ac-263c5d2887ab","D17","BIGC","BIGC.AOS.reaeration.station.01","BIGC_S1_20170627","2017-06-27T17:54Z",955,"2017-06-27T19:39:00Z",85.90,,16.71,,102.06,,102.79
"b4f1fcd6-db7a-4b9d-8e08-57430f809668","e4825723-8197-4b1e-94ac-263c5d2887ab","D17","BIGC","BIGC.AOS.reaeration.station.01","BIGC_S1_20170627","2017-06-27T17:54Z",1238,"2017-06-27T20:26:10Z",90.20,,17.63,,104.98,,105.69
"d4db93d0-1c91-4451-b1fe-8ce05a42205a","e4825723-8197-4b1e-94ac-263c5d2887ab","D17","BIGC","BIGC.AOS.reaeration.station.01","BIGC_S1_20170627","2017-06-27T17:54Z",1100,"2017-06-27T20:03:10Z",90.00,,17.22,,105.71,,106.44
"1ae41fb4-3431-475f-9073-c2a847955127","e4825723-8197-4b1e-94ac-263c5d2887ab","D17","BIGC","BIGC.AOS.reaeration.station.01","BIGC_S1_20170627","2017-06-27T17:54Z",329,"2017-06-27T17:54:40Z",80.50,,14.65,,100.33,,101.10
"e82b047d-2f96-4e8c-9d31-2f5c7536cc71","e4825723-8197-4b1e-94ac-263c5d2887ab","D17","BIGC","BIGC.AOS.reaeration.station.01","BIGC_S1_20170627","2017-06-27T17:54Z",470,"2017-06-27T18:18:10Z",81.20,,15.03,,100.30,,101.07
"8b12beaf-af86-45bb-8d98-19f18572cf2a","e4825723-8197-4b1e-94ac-263c5d2887ab","D17","BIGC","BIGC.AOS.reaeration.station.01","BIGC_S1_20170627","2017-06-27T17:54Z",1277,"2017-06-27T20:32:40Z",87.40,,17.72,,101.52,,102.20
"5d7da83f-1710-4929-a5e6-a21497878e65","e4825723-8197-4b1e-94ac-263c5d2887ab","D17","BIGC","BIGC.AOS.reaeration.station.01","BIGC_S1_20170627","2017-06-27T17:54Z",210,"2017-06-27T17:34:50Z",80.10,,14.47,,100.27,,101.04
"bc3c9b3b-992a-43ac-ade2-7176a89b6732","e4825723-8197-4b1e-94ac-263c5d2887ab","D17","BIGC","BIGC.AOS.reaeration.station.01","BIGC_S1_20170627","2017-06-27T17:54Z",1126,"2017-06-27T20:07:30Z",89.90,,17.30,,105.40,,106.13
"ddf1a263-75c1-40bf-9215-1e6f9020bfb4","e4825723-8197-4b1e-94ac-263c5d2887ab","D17","BIGC","BIGC.AOS.reaeration.station.01","BIGC_S1_20170627","2017-06-27T17:54Z",80,"2017-06-27T17:13:10Z",79.40,,14.37,,99.63,,100.39
"17d9da3d-5f4c-458e-a305-a58c8373a070","e4825723-8197-4b1e-94ac-263c5d2887ab","D17","BIGC","BIGC.AOS.reaeration.station.01","BIGC_S1_20170627","2017-06-27T17:54Z",1189,"2017-06-27T20:18:00Z",89.90,,17.48,,104.98,,105.70
"c0f169d0-d189-48e2-9fd5-5f651a3956c6","e4825723-8197-4b1e-94ac-263c5d2887ab","D17","BIGC","BIGC.AOS.reaeration.station.01","BIGC_S1_20170627","2017-06-27T17:54Z",2090,"2017-06-27T22:48:10Z",54.20,,26.10,,53.08,,53.01
"24738dbb-1717-48f5-9b75-965006f59757","e4825723-8197-4b1e-94ac-263c5d2887ab","D17","BIGC","BIGC.AOS.reaeration.station.01","BIGC_S1_20170627","2017-06-27T17:54Z",1940,"2017-06-27T22:23:10Z",53.70,,26.11,,52.59,,52.51
"2a1f5285-4dfc-4424-8f3b-b20198711842","e4825723-8197-4b1e-94ac-263c5d2887ab","D17","BIGC","BIGC.AOS.reaeration.station.01","BIGC_S1_20170627","2017-06-27T17:54Z",267,"2017-06-27T17:44:20Z",80.30,,14.55,,100.32,,101.09
"3a106db4-06fa-4537-adc3-006e3423ae63","e4825723-8197-4b1e-94ac-263c5d2887ab","D17","BIGC","BIGC.AOS.reaeration.station.01","BIGC_S1_20170627","2017-06-27T17:54Z",1701,"2017-06-27T21:43:20Z",51.80,,24.89,,51.91,,51.92
"d3836f9b-8cd6-47f7-a37b-0b52cd0da2cc","e4825723-8197-4b1e-94ac-263c5d2887ab","D17","BIGC","BIGC.AOS.reaeration.station.01","BIGC_S1_20170627","2017-06-27T17:54Z",2542,"2017-06-28T00:03:30Z",55.60,,26.18,,54.37,,54.29
"9096313f-83ea-4843-92d5-cdace828870b","e4825723-8197-4b1e-94ac-263c5d2887ab","D17","BIGC","BIGC.AOS.reaeration.station.01","BIGC_S1_20170627","2017-06-27T17:54Z",337,"2017-06-27T17:56:00Z",80.40,,14.74,,100.00,,100.76
"617c9944-64a4-422d-b607-3ec0af3af926","e4825723-8197-4b1e-94ac-263c5d2887ab","D17","BIGC","BIGC.AOS.reaeration.station.01","BIGC_S1_20170627","2017-06-27T17:54Z",1858,"2017-06-27T22:09:30Z",53.20,,25.87,,52.33,,52.27
"8b472a7a-997f-470c-95f1-7469d83d2196","e4825723-8197-4b1e-94ac-263c5d2887ab","D17","BIGC","BIGC.AOS.reaeration.station.01","BIGC_S1_20170627","2017-06-27T17:54Z",1750,"2017-06-27T21:51:30Z",52.10,,25.22,,51.88,,51.87
"3020fc62-d0ec-4919-afd8-c19ae5a99b8d","e4825723-8197-4b1e-94ac-263c5d2887ab","D17","BIGC","BIGC.AOS.reaeration.station.01","BIGC_S1_20170627","2017-06-27T17:54Z",937,"2017-06-27T19:36:00Z",86.00,,16.64,,102.34,,103.08
"f0205f4c-b2b8-4a55-90cb-a2b25deecfb3","e4825723-8197-4b1e-94ac-263c5d2887ab","D17","BIGC","BIGC.AOS.reaeration.station.01","BIGC_S1_20170627","2017-06-27T17:54Z",1959,"2017-06-27T22:26:20Z",53.80,,26.14,,52.65,,52.58
"327a6030-3324-4a37-b50b-7a8d6dde33c8","e4825723-8197-4b1e-94ac-263c5d2887ab","D17","BIGC","BIGC.AOS.reaeration.station.01","BIGC_S1_20170627","2017-06-27T17:54Z",1631,"2017-06-27T21:31:40Z",51.00,,24.09,,51.90,,51.96
"aba155ae-3f5e-401b-9e38-154d0ef46c85","e4825723-8197-4b1e-94ac-263c5d2887ab","D17","BIGC","BIGC.AOS.reaeration.station.01","BIGC_S1_20170627","2017-06-27T17:54Z",629,"2017-06-27T18:44:40Z",82.60,,15.56,,100.77,,101.53
"ef79d6ca-c6cc-456f-af72-f51d289c5ffe","e4825723-8197-4b1e-94ac-263c5d2887ab","D17","BIGC","BIGC.AOS.reaeration.station.01","BIGC_S1_20170627","2017-06-27T17:54Z",1544,"2017-06-27T21:17:10Z",49.80,,23.02,,51.76,,51.88
"60549f38-16ef-442c-8ca1-60b3e52acc0e","e4825723-8197-4b1e-94ac-263c5d2887ab","D17","BIGC","BIGC.AOS.reaeration.station.01","BIGC_S1_20170627","2017-06-27T17:54Z",1192,"2017-06-27T20:18:30Z",90.20,,17.50,,105.28,,106.00
"7a4e9741-f050-46f4-95f3-4658de4ab9b2","e4825723-8197-4b1e-94ac-263c5d2887ab","D17","BIGC","BIGC.AOS.reaeration.station.01","BIGC_S1_20170627","2017-06-27T17:54Z",1082,"2017-06-27T20:00:10Z",91.00,,17.18,,106.98,,107.72
"40433159-8892-4d81-88f5-4e03bd6a3bed","e4825723-8197-4b1e-94ac-263c5d2887ab","D17","BIGC","BIGC.AOS.reaeration.station.01","BIGC_S1_20170627","2017-06-27T17:54Z",2278,"2017-06-27T23:19:30Z",54.80,,26.05,,53.72,,53.65
"8c52a49b-7bac-47ff-96f1-aaba7cb08287","e4825723-8197-4b1e-94ac-263c5d2887ab","D17","BIGC","BIGC.AOS.reaeration.station.01","BIGC_S1_20170627","2017-06-27T17:54Z",381,"2017-06-27T18:03:20Z",80.70,,14.78,,100.27,,101.04
"78e5aec1-58bc-4033-8798-578ed2063985","e4825723-8197-4b1e-94ac-263c5d2887ab","D17","BIGC","BIGC.AOS.reaeration.station.01","BIGC_S1_20170627","2017-06-27T17:54Z",739,"2017-06-27T19:03:00Z",86.40,,15.99,,104.36,,105.13
"57bbb5c8-4548-4ef0-b4ef-b1a4b0d3a678","e4825723-8197-4b1e-94ac-263c5d2887ab","D17","BIGC","BIGC.AOS.reaeration.station.01","BIGC_S1_20170627","2017-06-27T17:54Z",2172,"2017-06-27T23:01:50Z",54.50,,26.06,,53.42,,53.35
"ecfe3e62-5ade-4e0d-8a51-532d5f84f55b","e4825723-8197-4b1e-94ac-263c5d2887ab","D17","BIGC","BIGC.AOS.reaeration.station.01","BIGC_S1_20170627","2017-06-27T17:54Z",1731,"2017-06-27T21:48:20Z",51.80,,25.14,,51.66,,51.65
"86d3a019-e2fe-4259-b1e6-571b0c11cb71","e4825723-8197-4b1e-94ac-263c5d2887ab","D17","BIGC","BIGC.AOS.reaeration.station.01","BIGC_S1_20170627","2017-06-27T17:54Z",1592,"2017-06-27T21:25:10Z",50.50,,23.51,,51.98,,52.07
"fba4c339-d537-4c21-bcf0-87421d858967","e4825723-8197-4b1e-94ac-263c5d2887ab","D17","BIGC","BIGC.AOS.reaeration.station.01","BIGC_S1_20170627","2017-06-27T17:54Z",1903,"2017-06-27T22:17:00Z",53.40,,26.04,,52.36,,52.29
"c8608ff5-1e4f-4f9a-bef9-4cb0d8e9e36e","e4825723-8197-4b1e-94ac-263c5d2887ab","D17","BIGC","BIGC.AOS.reaeration.station.01","BIGC_S1_20170627","2017-06-27T17:54Z",1135,"2017-06-27T20:09:00Z",91.60,,17.36,,107.25,,107.99
"c13398a0-686c-4b19-bd5c-831131a4ffbf","e4825723-8197-4b1e-94ac-263c5d2887ab","D17","BIGC","BIGC.AOS.reaeration.station.01","BIGC_S1_20170627","2017-06-27T17:54Z",1645,"2017-06-27T21:34:00Z",51.30,,24.27,,52.03,,52.07
"e7e034e6-fd21-4e6b-800c-9d2917838d6b","e4825723-8197-4b1e-94ac-263c5d2887ab","D17","BIGC","BIGC.AOS.reaeration.station.01","BIGC_S1_20170627","2017-06-27T17:54Z",760,"2017-06-27T19:06:30Z",86.20,,16.06,,103.95,,104.72
"8995955a-59e8-4eb1-a0a1-57c4a877283b","e4825723-8197-4b1e-94ac-263c5d2887ab","D17","BIGC","BIGC.AOS.reaeration.station.01","BIGC_S1_20170627","2017-06-27T17:54Z",1548,"2017-06-27T21:17:50Z",49.90,,23.04,,51.84,,51.96
"a8137d25-5948-462a-8821-facce649c982","e4825723-8197-4b1e-94ac-263c5d2887ab","D17","BIGC","BIGC.AOS.reaeration.station.01","BIGC_S1_20170627","2017-06-27T17:54Z",2506,"2017-06-27T23:57:30Z",55.40,,26.18,,54.18,,54.10
"09be4b81-1a51-4136-8e72-cafb16f98e9e","e4825723-8197-4b1e-94ac-263c5d2887ab","D17","BIGC","BIGC.AOS.reaeration.station.01","BIGC_S1_20170627","2017-06-27T17:54Z",633,"2017-06-27T18:45:20Z",82.90,,15.64,,100.95,,101.71
"4b07842f-3e24-4a7b-a775-0ea0e2ab3e7a","e4825723-8197-4b1e-94ac-263c5d2887ab","D17","BIGC","BIGC.AOS.reaeration.station.01","BIGC_S1_20170627","2017-06-27T17:54Z",2142,"2017-06-27T22:56:50Z",54.40,,26.08,,53.30,,53.23
"8d5fbe42-1f6d-4497-84f5-a013e7481aa1","e4825723-8197-4b1e-94ac-263c5d2887ab","D17","BIGC","BIGC.AOS.reaeration.station.01","BIGC_S1_20170627","2017-06-27T17:54Z",1660,"2017-06-27T21:36:30Z",51.40,,24.45,,51.95,,51.98
"9e0e4b2f-f9ee-476b-8d02-1c7722cef5cd","e4825723-8197-4b1e-94ac-263c5d2887ab","D17","BIGC","BIGC.AOS.reaeration.station.01","BIGC_S1_20170627","2017-06-27T17:54Z",2027,"2017-06-27T22:37:40Z",54.20,,26.14,,53.04,,52.97
"8d0b9470-5143-4d44-bef2-6dc9d446afb0","e4825723-8197-4b1e-94ac-263c5d2887ab","D17","BIGC","BIGC.AOS.reaeration.station.01","BIGC_S1_20170627","2017-06-27T17:54Z",954,"2017-06-27T19:38:50Z",85.90,,16.71,,102.06,,102.79
"bf94cf6d-7cf2-4b60-932f-c64216c7ea00","e4825723-8197-4b1e-94ac-263c5d2887ab","D17","BIGC","BIGC.AOS.reaeration.station.01","BIGC_S1_20170627","2017-06-27T17:54Z",42,"2017-06-27T17:06:50Z",79.40,,14.29,,99.82,,100.59
"5a98a531-fefe-4a9f-9179-6e4d6f639075","e4825723-8197-4b1e-94ac-263c5d2887ab","D17","BIGC","BIGC.AOS.reaeration.station.01","BIGC_S1_20170627","2017-06-27T17:54Z",685,"2017-06-27T18:54:00Z",85.80,,15.78,,104.14,,104.92
"a2686f74-5d5f-4222-852c-0bdb6f807646","e4825723-8197-4b1e-94ac-263c5d2887ab","D17","BIGC","BIGC.AOS.reaeration.station.01","BIGC_S1_20170627","2017-06-27T17:54Z",1120,"2017-06-27T20:06:30Z",90.10,,17.27,,105.71,,106.44
"f9f43a90-a6a0-45cf-bd26-6410b697571c","e4825723-8197-4b1e-94ac-263c5d2887ab","D17","BIGC","BIGC.AOS.reaeration.station.01","BIGC_S1_20170627","2017-06-27T17:54Z",1154,"2017-06-27T20:12:10Z",90.50,,17.40,,105.87,,106.60
"2b526621-ff3d-4c3f-8adf-5031c6f53acc","e4825723-8197-4b1e-94ac-263c5d2887ab","D17","BIGC","BIGC.AOS.reaeration.station.01","BIGC_S1_20170627","2017-06-27T17:54Z",420,"2017-06-27T18:09:50Z",81.00,,14.85,,100.48,,101.25
"d814f684-a80d-40a5-a8f7-2df684434fca","e4825723-8197-4b1e-94ac-263c5d2887ab","D17","BIGC","BIGC.AOS.reaeration.station.01","BIGC_S1_20170627","2017-06-27T17:54Z",1393,"2017-06-27T20:52:00Z",47.80,,20.81,,51.96,,52.19
"c45bf9a0-44bf-42e2-85f9-e054a1192ab7","e4825723-8197-4b1e-94ac-263c5d2887ab","D17","BIGC","BIGC.AOS.reaeration.station.01","BIGC_S1_20170627","2017-06-27T17:54Z",134,"2017-06-27T17:22:10Z",79.70,,14.39,,99.96,,100.72
"1375f998-52d2-4a67-8058-2c8e1261d550","e4825723-8197-4b1e-94ac-263c5d2887ab","D17","BIGC","BIGC.AOS.reaeration.station.01","BIGC_S1_20170627","2017-06-27T17:54Z",1254,"2017-06-27T20:28:50Z",88.10,,17.67,,102.44,,103.13
"727496fd-c41d-4f5a-91ec-9a95f404c720","e4825723-8197-4b1e-94ac-263c5d2887ab","D17","BIGC","BIGC.AOS.reaeration.station.01","BIGC_S1_20170627","2017-06-27T17:54Z",2267,"2017-06-27T23:17:40Z",54.70,,26.05,,53.62,,53.55
"1f702deb-885b-4348-aae1-b88a8fed3e87","e4825723-8197-4b1e-94ac-263c5d2887ab","D17","BIGC","BIGC.AOS.reaeration.station.01","BIGC_S1_20170627","2017-06-27T17:54Z",905,"2017-06-27T19:30:40Z",87.60,,16.53,,104.51,,105.26
"8db891a8-0ca5-458d-b122-582607b109d0","e4825723-8197-4b1e-94ac-263c5d2887ab","D17","BIGC","BIGC.AOS.reaeration.station.01","BIGC_S1_20170627","2017-06-27T17:54Z",404,"2017-06-27T18:07:10Z",80.80,,14.81,,100.33,,101.09
"2e07c509-2c3e-4fdc-a15a-f70958dc4ff7","e4825723-8197-4b1e-94ac-263c5d2887ab","D17","BIGC","BIGC.AOS.reaeration.station.01","BIGC_S1_20170627","2017-06-27T17:54Z",1075,"2017-06-27T19:59:00Z",89.00,,17.13,,104.74,,105.48
"bab74935-e3dd-49e2-8b47-3ff3a12babf9","e4825723-8197-4b1e-94ac-263c5d2887ab","D17","BIGC","BIGC.AOS.reaeration.station.01","BIGC_S1_20170627","2017-06-27T17:54Z",126,"2017-06-27T17:20:50Z",79.70,,14.39,,99.96,,100.72
"d65bac19-9c31-4fef-b345-be730438df4b","e4825723-8197-4b1e-94ac-263c5d2887ab","D17","BIGC","BIGC.AOS.reaeration.station.01","BIGC_S1_20170627","2017-06-27T17:54Z",2195,"2017-06-27T23:05:40Z",54.60,,26.06,,53.52,,53.45
"ec89378c-d811-4791-bc73-99796c791b38","e4825723-8197-4b1e-94ac-263c5d2887ab","D17","BIGC","BIGC.AOS.reaeration.station.01","BIGC_S1_20170627","2017-06-27T17:54Z",69,"2017-06-27T17:11:20Z",79.70,,14.25,,100.29,,101.06
"ba0c9f20-5d06-4538-9889-689d0be3641c","e4825723-8197-4b1e-94ac-263c5d2887ab","D17","BIGC","BIGC.AOS.reaeration.station.01","BIGC_S1_20170627","2017-06-27T17:54Z",1199,"2017-06-27T20:19:40Z",90.70,,17.52,,105.82,,106.54
"68a9ccb5-6915-4c09-8d5c-d750c8fd0da5","e4825723-8197-4b1e-94ac-263c5d2887ab","D17","BIGC","BIGC.AOS.reaeration.station.01","BIGC_S1_20170627","2017-06-27T17:54Z",1384,"2017-06-27T20:50:30Z",47.60,,20.59,,51.98,,52.22
"c2de01b1-fd20-44b7-82e5-1b920703ca1b","e4825723-8197-4b1e-94ac-263c5d2887ab","D17","BIGC","BIGC.AOS.reaeration.station.01","BIGC_S1_20170627","2017-06-27T17:54Z",2121,"2017-06-27T22:53:20Z",54.30,,26.09,,53.19,,53.12
"33132236-0295-40ba-b022-8b2faaa4d8e5","e4825723-8197-4b1e-94ac-263c5d2887ab","D17","BIGC","BIGC.AOS.reaeration.station.01","BIGC_S1_20170627","2017-06-27T17:54Z",1627,"2017-06-27T21:31:00Z",51.00,,24.03,,51.96,,52.02
"ea3fe961-bcd0-4085-81b9-156b7dc0f7b7","e4825723-8197-4b1e-94ac-263c5d2887ab","D17","BIGC","BIGC.AOS.reaeration.station.01","BIGC_S1_20170627","2017-06-27T17:54Z",555,"2017-06-27T18:32:20Z",81.90,,15.33,,100.45,,101.22
"97ea3acd-8edb-456c-8e07-390cab252d5f","e4825723-8197-4b1e-94ac-263c5d2887ab","D17","BIGC","BIGC.AOS.reaeration.station.01","BIGC_S1_20170627","2017-06-27T17:54Z",1187,"2017-06-27T20:17:40Z",90.70,,17.50,,105.87,,106.59
"5c9e7413-66b0-4db3-bad4-dfbaf572095d","e4825723-8197-4b1e-94ac-263c5d2887ab","D17","BIGC","BIGC.AOS.reaeration.station.01","BIGC_S1_20170627","2017-06-27T17:54Z",2516,"2017-06-27T23:59:10Z",55.50,,26.18,,54.28,,54.20
"037af575-f7f5-4911-918f-a9c007ea760f","e4825723-8197-4b1e-94ac-263c5d2887ab","D17","BIGC","BIGC.AOS.reaeration.station.01","BIGC_S1_20170627","2017-06-27T17:54Z",2503,"2017-06-27T23:57:00Z",55.30,,26.17,,54.09,,54.01
"18c13570-b8d1-4396-916a-18bcfee28c35","e4825723-8197-4b1e-94ac-263c5d2887ab","D17","BIGC","BIGC.AOS.reaeration.station.01","BIGC_S1_20170627","2017-06-27T17:54Z",1246,"2017-06-27T20:27:30Z",89.60,,17.64,,104.26,,104.96
"601e736a-7474-42ac-a28c-19a707602cfc","e4825723-8197-4b1e-94ac-263c5d2887ab","D17","BIGC","BIGC.AOS.reaeration.station.01","BIGC_S1_20170627","2017-06-27T17:54Z",1997,"2017-06-27T22:32:40Z",53.90,,26.14,,52.75,,52.68
"421724e7-a967-4b62-a2c7-2c2ea61cbc45","e4825723-8197-4b1e-94ac-263c5d2887ab","D17","BIGC","BIGC.AOS.reaeration.station.01","BIGC_S1_20170627","2017-06-27T17:54Z",1586,"2017-06-27T21:24:10Z",50.40,,23.43,,51.96,,52.05
"c89f9932-2c8e-4841-b698-a4d013ec73e5","e4825723-8197-4b1e-94ac-263c5d2887ab","D17","BIGC","BIGC.AOS.reaeration.station.01","BIGC_S1_20170627","2017-06-27T17:54Z",2514,"2017-06-27T23:58:50Z",55.40,,26.18,,54.18,,54.10
"f38e5b85-4d5c-4c14-bd32-d2d0acd200de","e4825723-8197-4b1e-94ac-263c5d2887ab","D17","BIGC","BIGC.AOS.reaeration.station.01","BIGC_S1_20170627","2017-06-27T17:54Z",1722,"2017-06-27T21:46:50Z",52.00,,25.08,,51.92,,51.92
"a59cd239-42ed-4e2e-be10-8f8f7321c9c8","e4825723-8197-4b1e-94ac-263c5d2887ab","D17","BIGC","BIGC.AOS.reaeration.station.01","BIGC_S1_20170627","2017-06-27T17:54Z",236,"2017-06-27T17:39:10Z",80.10,,14.55,,100.07,,100.84
"7c71521e-f280-40e1-afc0-b02c43bd3042","e4825723-8197-4b1e-94ac-263c5d2887ab","D17","BIGC","BIGC.AOS.reaeration.station.01","BIGC_S1_20170627","2017-06-27T17:54Z",2387,"2017-06-27T23:37:40Z",55.00,,26.11,,53.86,,53.78
"5a9d11cb-b836-4144-8ba9-eb86e2113c80","e4825723-8197-4b1e-94ac-263c5d2887ab","D17","BIGC","BIGC.AOS.reaeration.station.01","BIGC_S1_20170627","2017-06-27T17:54Z",1917,"2017-06-27T22:19:20Z",53.70,,26.08,,52.61,,52.54
"7f119d9c-954d-4cdc-9ba8-6d4259d2993e","e4825723-8197-4b1e-94ac-263c5d2887ab","D17","BIGC","BIGC.AOS.reaeration.station.01","BIGC_S1_20170627","2017-06-27T17:54Z",1431,"2017-06-27T20:58:20Z",48.60,,21.57,,52.01,,52.20
"0794073a-1d2a-408c-acd3-4aec0477bcd0","e4825723-8197-4b1e-94ac-263c5d2887ab","D17","BIGC","BIGC.AOS.reaeration.station.01","BIGC_S1_20170627","2017-06-27T17:54Z",496,"2017-06-27T18:22:30Z",81.40,,15.09,,100.40,,101.17
"5020a2a8-d07b-4708-b9c1-21a9a9fd0714","e4825723-8197-4b1e-94ac-263c5d2887ab","D17","BIGC","BIGC.AOS.reaeration.station.01","BIGC_S1_20170627","2017-06-27T17:54Z",1843,"2017-06-27T22:07:00Z",53.00,,25.79,,52.21,,52.16
"580c053c-4126-41a3-8ed4-e83aaea787ac","e4825723-8197-4b1e-94ac-263c5d2887ab","D17","BIGC","BIGC.AOS.reaeration.station.01","BIGC_S1_20170627","2017-06-27T17:54Z",1204,"2017-06-27T20:20:30Z",91.40,,17.55,,106.56,,107.29
"d6e16b5c-1065-49dd-be52-51196e75be07","e4825723-8197-4b1e-94ac-263c5d2887ab","D17","BIGC","BIGC.AOS.reaeration.station.01","BIGC_S1_20170627","2017-06-27T17:54Z",2237,"2017-06-27T23:12:40Z",54.60,,26.05,,53.53,,53.46
"c797dc44-6742-4e84-a517-b4107a62f225","e4825723-8197-4b1e-94ac-263c5d2887ab","D17","BIGC","BIGC.AOS.reaeration.station.01","BIGC_S1_20170627","2017-06-27T17:54Z",487,"2017-06-27T18:21:00Z",81.40,,15.05,,100.50,,101.27
"15aafc0d-43ce-4a27-a635-12bafc95f32b","e4825723-8197-4b1e-94ac-263c5d2887ab","D17","BIGC","BIGC.AOS.reaeration.station.01","BIGC_S1_20170627","2017-06-27T17:54Z",1602,"2017-06-27T21:26:50Z",50.60,,23.67,,51.92,,52.00
"61eacb85-19f8-48f0-9ead-3aa2541f9ee8","e4825723-8197-4b1e-94ac-263c5d2887ab","D17","BIGC","BIGC.AOS.reaeration.station.01","BIGC_S1_20170627","2017-06-27T17:54Z",623,"2017-06-27T18:43:40Z",82.30,,15.59,,100.33,,101.09
"e38e386c-c5c6-43f2-aaf5-8d1d623d05cd","e4825723-8197-4b1e-94ac-263c5d2887ab","D17","BIGC","BIGC.AOS.reaeration.station.01","BIGC_S1_20170627","2017-06-27T17:54Z",2082,"2017-06-27T22:46:50Z",54.30,,26.11,,53.17,,53.10
"afc2218f-edb6-414c-a522-df976f70b698","e4825723-8197-4b1e-94ac-263c5d2887ab","D17","BIGC","BIGC.AOS.reaeration.station.01","BIGC_S1_20170627","2017-06-27T17:54Z",1862,"2017-06-27T22:10:10Z",53.20,,25.88,,52.32,,52.26
"508f9e1a-322a-4337-b1c2-0f07417de73b","e4825723-8197-4b1e-94ac-263c5d2887ab","D17","BIGC","BIGC.AOS.reaeration.station.01","BIGC_S1_20170627","2017-06-27T17:54Z",1064,"2017-06-27T19:57:10Z",89.70,,17.09,,105.66,,106.41
"ce840b18-fc01-4277-8394-92704498766a","e4825723-8197-4b1e-94ac-263c5d2887ab","D17","BIGC","BIGC.AOS.reaeration.station.01","BIGC_S1_20170627","2017-06-27T17:54Z",456,"2017-06-27T18:15:50Z",81.00,,14.98,,100.17,,100.94
"586f0ce9-9b35-455d-a905-00477e4ecb2a","e4825723-8197-4b1e-94ac-263c5d2887ab","D17","BIGC","BIGC.AOS.reaeration.station.01","BIGC_S1_20170627","2017-06-27T17:54Z",592,"2017-06-27T18:38:30Z",82.10,,15.46,,100.39,,101.15
"ba4e4a6d-7f82-4c62-abd9-5d9a0758e8c6","e4825723-8197-4b1e-94ac-263c5d2887ab","D17","BIGC","BIGC.AOS.reaeration.station.01","BIGC_S1_20170627","2017-06-27T17:54Z",1016,"2017-06-27T19:49:10Z",86.70,,16.92,,102.52,,103.25
"4530524e-e094-4777-88a9-e58e195304d6","e4825723-8197-4b1e-94ac-263c5d2887ab","D17","BIGC","BIGC.AOS.reaeration.station.01","BIGC_S1_20170627","2017-06-27T17:54Z",1166,"2017-06-27T20:14:10Z",90.70,,17.44,,106.01,,106.73
"38cb0e55-0dd3-4542-96f6-1bc0045c1fc3","e4825723-8197-4b1e-94ac-263c5d2887ab","D17","BIGC","BIGC.AOS.reaeration.station.01","BIGC_S1_20170627","2017-06-27T17:54Z",1471,"2017-06-27T21:05:00Z",49.10,,22.17,,51.91,,52.07
"335842eb-f4b2-4dfb-bb6b-e149158a2488","e4825723-8197-4b1e-94ac-263c5d2887ab","D17","BIGC","BIGC.AOS.reaeration.station.01","BIGC_S1_20170627","2017-06-27T17:54Z",2190,"2017-06-27T23:04:50Z",54.50,,26.06,,53.42,,53.35
"619b6cb5-81d4-40f6-a102-f79298a42e0a","e4825723-8197-4b1e-94ac-263c5d2887ab","D17","BIGC","BIGC.AOS.reaeration.station.01","BIGC_S1_20170627","2017-06-27T17:54Z",1720,"2017-06-27T21:46:30Z",52.00,,25.06,,51.94,,51.94
"13d9c37a-0348-499f-b4e9-d28e670b6725","e4825723-8197-4b1e-94ac-263c5d2887ab","D17","BIGC","BIGC.AOS.reaeration.station.01","BIGC_S1_20170627","2017-06-27T17:54Z",11,"2017-06-27T17:01:40Z",79.50,,14.20,,100.16,,100.93
"b0bbc033-af1b-4661-ba0c-420261c13814","e4825723-8197-4b1e-94ac-263c5d2887ab","D17","BIGC","BIGC.AOS.reaeration.station.01","BIGC_S1_20170627","2017-06-27T17:54Z",2266,"2017-06-27T23:17:30Z",54.70,,26.05,,53.62,,53.55
"34606ed6-140a-4529-b957-709c176603ac","e4825723-8197-4b1e-94ac-263c5d2887ab","D17","BIGC","BIGC.AOS.reaeration.station.01","BIGC_S1_20170627","2017-06-27T17:54Z",2330,"2017-06-27T23:28:10Z",55.00,,26.05,,53.92,,53.85
"204f5d3f-196b-4df7-a045-9c6a9d2dcf10","e4825723-8197-4b1e-94ac-263c5d2887ab","D17","BIGC","BIGC.AOS.reaeration.station.01","BIGC_S1_20170627","2017-06-27T17:54Z",467,"2017-06-27T18:17:40Z",81.20,,14.99,,100.39,,101.16
"5948cfcd-e19f-4b7b-a756-aad5e6592e4f","e4825723-8197-4b1e-94ac-263c5d2887ab","D17","BIGC","BIGC.AOS.reaeration.station.01","BIGC_S1_20170627","2017-06-27T17:54Z",776,"2017-06-27T19:09:10Z",86.70,,16.11,,104.43,,105.20
"9dcebb0d-4f19-48bf-ac2e-c4f9d0380df3","e4825723-8197-4b1e-94ac-263c5d2887ab","D17","BIGC","BIGC.AOS.reaeration.station.01","BIGC_S1_20170627","2017-06-27T17:54Z",808,"2017-06-27T19:14:30Z",86.90,,16.22,,104.41,,105.18
"cdc48961-7114-478f-89b9-e457da04e578","e4825723-8197-4b1e-94ac-263c5d2887ab","D17","BIGC","BIGC.AOS.reaeration.station.01","BIGC_S1_20170627","2017-06-27T17:54Z",2197,"2017-06-27T23:06:00Z",54.60,,26.05,,53.53,,53.46
"7461f7bd-0781-4d1a-83d5-5a3462e40cc4","e4825723-8197-4b1e-94ac-263c5d2887ab","D17","BIGC","BIGC.AOS.reaeration.station.01","BIGC_S1_20170627","2017-06-27T17:54Z",1163,"2017-06-27T20:13:40Z",90.40,,17.42,,105.70,,106.43
"36f38d22-5572-49dd-90df-91dac36128e6","e4825723-8197-4b1e-94ac-263c5d2887ab","D17","BIGC","BIGC.AOS.reaeration.station.01","BIGC_S1_20170627","2017-06-27T17:54Z",1334,"2017-06-27T20:42:10Z",45.50,,19.14,,51.23,,51.53
"782fed25-6c8e-4963-b2a3-3aff8cbf5670","e4825723-8197-4b1e-94ac-263c5d2887ab","D17","BIGC","BIGC.AOS.reaeration.station.01","BIGC_S1_20170627","2017-06-27T17:54Z",822,"2017-06-27T19:16:50Z",86.50,,16.28,,103.79,,104.55
"139a4c11-98bb-428a-9151-9c2e61f126eb","e4825723-8197-4b1e-94ac-263c5d2887ab","D17","BIGC","BIGC.AOS.reaeration.station.01","BIGC_S1_20170627","2017-06-27T17:54Z",384,"2017-06-27T18:03:50Z",80.70,,14.77,,100.30,,101.07
"9095faf9-2e60-413c-ab95-f205da8f687a","e4825723-8197-4b1e-94ac-263c5d2887ab","D17","BIGC","BIGC.AOS.reaeration.station.01","BIGC_S1_20170627","2017-06-27T17:54Z",351,"2017-06-27T17:58:20Z",80.50,,14.72,,100.17,,100.94
"de0dd4fc-7947-4c9b-a79c-b80b9fec4945","e4825723-8197-4b1e-94ac-263c5d2887ab","D17","BIGC","BIGC.AOS.reaeration.station.01","BIGC_S1_20170627","2017-06-27T17:54Z",617,"2017-06-27T18:42:40Z",82.30,,15.54,,100.45,,101.21
"98e76b08-3e86-42e0-ba51-2c5b516d85c5","e4825723-8197-4b1e-94ac-263c5d2887ab","D17","BIGC","BIGC.AOS.reaeration.station.01","BIGC_S1_20170627","2017-06-27T17:54Z",921,"2017-06-27T19:33:20Z",87.20,,16.59,,103.89,,104.64
"c41bb72b-ccea-426c-aadf-ecf280090a04","e4825723-8197-4b1e-94ac-263c5d2887ab","D17","BIGC","BIGC.AOS.reaeration.station.01","BIGC_S1_20170627","2017-06-27T17:54Z",738,"2017-06-27T19:02:50Z",86.90,,15.95,,105.06,,105.84
"8783a03f-e991-421b-8f21-add7dd7712c5","e4825723-8197-4b1e-94ac-263c5d2887ab","D17","BIGC","BIGC.AOS.reaeration.station.01","BIGC_S1_20170627","2017-06-27T17:54Z",2351,"2017-06-27T23:31:40Z",54.90,,26.08,,53.79,,53.72
"41d2365f-7eae-4bb4-a821-faf5b9585216","e4825723-8197-4b1e-94ac-263c5d2887ab","D17","BIGC","BIGC.AOS.reaeration.station.01","BIGC_S1_20170627","2017-06-27T17:54Z",2004,"2017-06-27T22:33:50Z",53.90,,26.14,,52.75,,52.68
"023645fd-75b1-4ef4-bce8-8ae13786aaef","e4825723-8197-4b1e-94ac-263c5d2887ab","D17","BIGC","BIGC.AOS.reaeration.station.01","BIGC_S1_20170627","2017-06-27T17:54Z",803,"2017-06-27T19:13:40Z",87.00,,16.20,,104.58,,105.35
"6cc6f587-7957-4ebd-9cbe-682cd89cb95f","e4825723-8197-4b1e-94ac-263c5d2887ab","D17","BIGC","BIGC.AOS.reaeration.station.01","BIGC_S1_20170627","2017-06-27T17:54Z",796,"2017-06-27T19:12:30Z",86.70,,16.18,,104.26,,105.03
"42f76c5a-8a24-4f06-9eee-3a9eab85912a","e4825723-8197-4b1e-94ac-263c5d2887ab","D17","BIGC","BIGC.AOS.reaeration.station.01","BIGC_S1_20170627","2017-06-27T17:54Z",1519,"2017-06-27T21:13:00Z",49.70,,22.74,,51.94,,52.08
"87175adc-d766-409d-a869-421c5781d3eb","e4825723-8197-4b1e-94ac-263c5d2887ab","D17","BIGC","BIGC.AOS.reaeration.station.01","BIGC_S1_20170627","2017-06-27T17:54Z",2565,"2017-06-28T00:07:20Z",55.80,,26.18,,54.57,,54.49
"751825e5-6ad2-4710-a59c-5df938394291","e4825723-8197-4b1e-94ac-263c5d2887ab","D17","BIGC","BIGC.AOS.reaeration.station.01","BIGC_S1_20170627","2017-06-27T17:54Z",1308,"2017-06-27T20:37:50Z",43.40,,18.03,,50.07,,50.39
"6814e97b-44e5-4631-a466-16626954216b","e4825723-8197-4b1e-94ac-263c5d2887ab","D17","BIGC","BIGC.AOS.reaeration.station.01","BIGC_S1_20170627","2017-06-27T17:54Z",747,"2017-06-27T19:04:20Z",86.40,,16.01,,104.31,,105.09
"cbfb1252-ddc8-484d-9c21-1f25a977ef63","e4825723-8197-4b1e-94ac-263c5d2887ab","D17","BIGC","BIGC.AOS.reaeration.station.01","BIGC_S1_20170627","2017-06-27T17:54Z",353,"2017-06-27T17:58:40Z",80.40,,14.75,,99.97,,100.74
"83ae54b6-7a5e-4fe9-bde9-7b07ed511128","e4825723-8197-4b1e-94ac-263c5d2887ab","D17","BIGC","BIGC.AOS.reaeration.station.01","BIGC_S1_20170627","2017-06-27T17:54Z",1004,"2017-06-27T19:47:10Z",85.80,,16.90,,101.50,,102.22
"a9b93783-beda-4193-872f-231baccce465","e4825723-8197-4b1e-94ac-263c5d2887ab","D17","BIGC","BIGC.AOS.reaeration.station.01","BIGC_S1_20170627","2017-06-27T17:54Z",894,"2017-06-27T19:28:50Z",87.70,,16.50,,104.70,,105.46
"83802f3c-d4b5-4e0e-8275-2c5e15a9052b","e4825723-8197-4b1e-94ac-263c5d2887ab","D17","BIGC","BIGC.AOS.reaeration.station.01","BIGC_S1_20170627","2017-06-27T17:54Z",1611,"2017-06-27T21:28:20Z",50.70,,23.81,,51.88,,51.95
"6c54e447-5b46-4e55-8591-ca4894e4ca4a","e4825723-8197-4b1e-94ac-263c5d2887ab","D17","BIGC","BIGC.AOS.reaeration.station.01","BIGC_S1_20170627","2017-06-27T17:54Z",2115,"2017-06-27T22:52:20Z",54.40,,26.09,,53.29,,53.22
"750afa58-a93f-413e-839f-8175bedfffe6","e4825723-8197-4b1e-94ac-263c5d2887ab","D17","BIGC","BIGC.AOS.reaeration.station.01","BIGC_S1_20170627","2017-06-27T17:54Z",150,"2017-06-27T17:24:50Z",79.90,,14.33,,100.35,,101.12
"5ec4fcd8-ecdd-451f-b6c1-d7fad3dbb224","e4825723-8197-4b1e-94ac-263c5d2887ab","D17","BIGC","BIGC.AOS.reaeration.station.01","BIGC_S1_20170627","2017-06-27T17:54Z",2584,"2017-06-28T00:10:30Z",55.70,,26.18,,54.47,,54.39
"f5286601-05c4-43f4-8be1-4481a4f6080b","e4825723-8197-4b1e-94ac-263c5d2887ab","D17","BIGC","BIGC.AOS.reaeration.station.01","BIGC_S1_20170627","2017-06-27T17:54Z",1812,"2017-06-27T22:01:50Z",52.70,,25.60,,52.10,,52.06
"39ccc7e6-7f43-463c-81d7-1e6eb954387d","e4825723-8197-4b1e-94ac-263c5d2887ab","D17","BIGC","BIGC.AOS.reaeration.station.01","BIGC_S1_20170627","2017-06-27T17:54Z",2518,"2017-06-27T23:59:30Z",55.40,,26.18,,54.18,,54.10
"990fac3b-7956-4763-8fb3-15766302fdf9","e4825723-8197-4b1e-94ac-263c5d2887ab","D17","BIGC","BIGC.AOS.reaeration.station.01","BIGC_S1_20170627","2017-06-27T17:54Z",2243,"2017-06-27T23:13:40Z",54.60,,26.05,,53.53,,53.46
"4bb9b4fb-b49c-4b64-868b-c568eb5f2015","e4825723-8197-4b1e-94ac-263c5d2887ab","D17","BIGC","BIGC.AOS.reaeration.station.01","BIGC_S1_20170627","2017-06-27T17:54Z",521,"2017-06-27T18:26:40Z",81.50,,15.21,,100.24,,101.01
"09128517-703a-49e0-b8cd-2fbd9d3d1449","e4825723-8197-4b1e-94ac-263c5d2887ab","D17","BIGC","BIGC.AOS.reaeration.station.01","BIGC_S1_20170627","2017-06-27T17:54Z",6,"2017-06-27T17:00:50Z",79.30,,14.30,,99.67,,100.44
"64bfd68b-94d4-441d-812e-a12c390ef860","e4825723-8197-4b1e-94ac-263c5d2887ab","D17","BIGC","BIGC.AOS.reaeration.station.01","BIGC_S1_20170627","2017-06-27T17:54Z",1296,"2017-06-27T20:35:50Z",87.10,,17.74,,101.12,,101.80
"24d3fd8b-1d86-4e31-98b4-8f253a3ce6c4","e4825723-8197-4b1e-94ac-263c5d2887ab","D17","BIGC","BIGC.AOS.reaeration.station.01","BIGC_S1_20170627","2017-06-27T17:54Z",754,"2017-06-27T19:05:30Z",86.60,,16.02,,104.53,,105.30
"2458191a-9658-4d6b-8dfc-0d16b386b449","e4825723-8197-4b1e-94ac-263c5d2887ab","D17","BIGC","BIGC.AOS.reaeration.station.01","BIGC_S1_20170627","2017-06-27T17:54Z",1108,"2017-06-27T20:04:30Z",90.10,,17.25,,105.75,,106.49
"0f5ded34-2d27-4b91-95b0-225525654edb","e4825723-8197-4b1e-94ac-263c5d2887ab","D17","BIGC","BIGC.AOS.reaeration.station.01","BIGC_S1_20170627","2017-06-27T17:54Z",374,"2017-06-27T18:02:10Z",80.60,,14.74,,100.24,,101.01
"6565e70b-5c1b-41a5-aafd-681e61eb377d","e4825723-8197-4b1e-94ac-263c5d2887ab","D17","BIGC","BIGC.AOS.reaeration.station.01","BIGC_S1_20170627","2017-06-27T17:54Z",2035,"2017-06-27T22:39:00Z",54.20,,26.14,,53.04,,52.97
"bad77591-726b-4005-b094-0f373d41ec12","e4825723-8197-4b1e-94ac-263c5d2887ab","D17","BIGC","BIGC.AOS.reaeration.station.01","BIGC_S1_20170627","2017-06-27T17:54Z",1287,"2017-06-27T20:34:20Z",87.20,,17.72,,101.28,,101.96
"837cc6ef-6b33-4b78-991c-a77fd5dce52c","e4825723-8197-4b1e-94ac-263c5d2887ab","D17","BIGC","BIGC.AOS.reaeration.station.01","BIGC_S1_20170627","2017-06-27T17:54Z",2138,"2017-06-27T22:56:10Z",54.40,,26.08,,53.30,,53.23
"11d0ff8c-56b2-4e7b-8368-412b9a64f424","e4825723-8197-4b1e-94ac-263c5d2887ab","D17","BIGC","BIGC.AOS.reaeration.station.01","BIGC_S1_20170627","2017-06-27T17:54Z",1657,"2017-06-27T21:36:00Z",51.40,,24.41,,51.99,,52.02
"d1f087a6-13ba-46ad-b8a3-04fb139338a5","e4825723-8197-4b1e-94ac-263c5d2887ab","D17","BIGC","BIGC.AOS.reaeration.station.01","BIGC_S1_20170627","2017-06-27T17:54Z",1992,"2017-06-27T22:31:50Z",54.00,,26.14,,52.85,,52.77
"4148e479-93d8-4f47-a449-cf0aba00d039","e4825723-8197-4b1e-94ac-263c5d2887ab","D17","BIGC","BIGC.AOS.reaeration.station.01","BIGC_S1_20170627","2017-06-27T17:54Z",1402,"2017-06-27T20:53:30Z",48.00,,21.00,,51.97,,52.19
"c2c5fab9-c28f-4d15-84ad-37c83604a7f4","e4825723-8197-4b1e-94ac-263c5d2887ab","D17","BIGC","BIGC.AOS.reaeration.station.01","BIGC_S1_20170627","2017-06-27T17:54Z",1153,"2017-06-27T20:12:00Z",90.40,,17.38,,105.80,,106.53
"83399c6b-7874-4227-afbe-acc885ce3528","e4825723-8197-4b1e-94ac-263c5d2887ab","D17","BIGC","BIGC.AOS.reaeration.station.01","BIGC_S1_20170627","2017-06-27T17:54Z",2288,"2017-06-27T23:21:10Z",54.80,,26.05,,53.72,,53.65
"9398d883-e897-4a25-9400-d19245ae2a02","e4825723-8197-4b1e-94ac-263c5d2887ab","D17","BIGC","BIGC.AOS.reaeration.station.01","BIGC_S1_20170627","2017-06-27T17:54Z",390,"2017-06-27T18:04:50Z",80.70,,14.79,,100.25,,101.02
"eb6d4d0d-57c9-42d7-ba87-0fd1f51c73b9","e4825723-8197-4b1e-94ac-263c5d2887ab","D17","BIGC","BIGC.AOS.reaeration.station.01","BIGC_S1_20170627","2017-06-27T17:54Z",1292,"2017-06-27T20:35:10Z",87.20,,17.74,,101.24,,101.92
"3a393b9f-7d49-499e-8fb8-8cead516c61a","e4825723-8197-4b1e-94ac-263c5d2887ab","D17","BIGC","BIGC.AOS.reaeration.station.01","BIGC_S1_20170627","2017-06-27T17:54Z",2289,"2017-06-27T23:21:20Z",54.90,,26.05,,53.82,,53.75
"7e5fb333-2d94-40d0-8b98-0bf379a5eae7","e4825723-8197-4b1e-94ac-263c5d2887ab","D17","BIGC","BIGC.AOS.reaeration.station.01","BIGC_S1_20170627","2017-06-27T17:54Z",372,"2017-06-27T18:01:50Z",80.70,,14.74,,100.37,,101.14
"83f054e8-c0a8-4819-9157-89b04bf364a7","e4825723-8197-4b1e-94ac-263c5d2887ab","D17","BIGC","BIGC.AOS.reaeration.station.01","BIGC_S1_20170627","2017-06-27T17:54Z",2322,"2017-06-27T23:26:50Z",54.90,,26.05,,53.82,,53.75
"b1e3b334-330a-493f-8fd1-5b9dabb6040d","e4825723-8197-4b1e-94ac-263c5d2887ab","D17","BIGC","BIGC.AOS.reaeration.station.01","BIGC_S1_20170627","2017-06-27T17:54Z",2568,"2017-06-28T00:07:50Z",55.80,,26.18,,54.57,,54.49
"2de9e042-589e-4378-b83f-53af40faa4ae","e4825723-8197-4b1e-94ac-263c5d2887ab","D17","BIGC","BIGC.AOS.reaeration.station.01","BIGC_S1_20170627","2017-06-27T17:54Z",1014,"2017-06-27T19:48:50Z",87.00,,16.90,,102.92,,103.65
"551eafc2-76e4-4680-ad88-69c9dd09d40c","e4825723-8197-4b1e-94ac-263c5d2887ab","D17","BIGC","BIGC.AOS.reaeration.station.01","BIGC_S1_20170627","2017-06-27T17:54Z",559,"2017-06-27T18:33:00Z",82.00,,15.33,,100.58,,101.34
"4d997bce-0f94-4ccc-bbb6-8a8a79b2d9bc","e4825723-8197-4b1e-94ac-263c5d2887ab","D17","BIGC","BIGC.AOS.reaeration.station.01","BIGC_S1_20170627","2017-06-27T17:54Z",1541,"2017-06-27T21:16:40Z",49.90,,22.98,,51.90,,52.02
"ef5040d2-357f-46c2-8061-b50850acf80d","e4825723-8197-4b1e-94ac-263c5d2887ab","D17","BIGC","BIGC.AOS.reaeration.station.01","BIGC_S1_20170627","2017-06-27T17:54Z",1111,"2017-06-27T20:05:00Z",90.00,,17.26,,105.61,,106.35
"19549228-272f-46e7-8e8e-b7d0926d0d36","e4825723-8197-4b1e-94ac-263c5d2887ab","D17","BIGC","BIGC.AOS.reaeration.station.01","BIGC_S1_20170627","2017-06-27T17:54Z",2382,"2017-06-27T23:36:50Z",55.00,,26.10,,53.87,,53.79
"3b2aa183-d360-4eac-8cda-2d983ff6bff3","e4825723-8197-4b1e-94ac-263c5d2887ab","D17","BIGC","BIGC.AOS.reaeration.station.01","BIGC_S1_20170627","2017-06-27T17:54Z",1039,"2017-06-27T19:53:00Z",87.80,,17.00,,103.64,,104.37
"fa8937bf-6f14-489c-b5d1-91cb9b22c20d","e4825723-8197-4b1e-94ac-263c5d2887ab","D17","BIGC","BIGC.AOS.reaeration.station.01","BIGC_S1_20170627","2017-06-27T17:54Z",2038,"2017-06-27T22:39:30Z",54.10,,26.14,,52.95,,52.87
"a012d970-7455-4d23-9b3e-9c5da574f605","e4825723-8197-4b1e-94ac-263c5d2887ab","D17","BIGC","BIGC.AOS.reaeration.station.01","BIGC_S1_20170627","2017-06-27T17:54Z",263,"2017-06-27T17:43:40Z",80.10,,14.56,,100.05,,100.82
"a8a9c9b9-e8ad-4eec-9acf-0b81f3dbd129","e4825723-8197-4b1e-94ac-263c5d2887ab","D17","BIGC","BIGC.AOS.reaeration.station.01","BIGC_S1_20170627","2017-06-27T17:54Z",1789,"2017-06-27T21:58:00Z",52.50,,25.44,,52.06,,52.03
"20d47304-142c-48e5-8887-b61c0ffa4286","e4825723-8197-4b1e-94ac-263c5d2887ab","D17","BIGC","BIGC.AOS.reaeration.station.01","BIGC_S1_20170627","2017-06-27T17:54Z",1982,"2017-06-27T22:30:10Z",53.90,,26.14,,52.75,,52.68
"43c0e754-5c0f-47e4-a02e-cd8d1e472e92","e4825723-8197-4b1e-94ac-263c5d2887ab","D17","BIGC","BIGC.AOS.reaeration.station.01","BIGC_S1_20170627","2017-06-27T17:54Z",252,"2017-06-27T17:41:50Z",80.10,,14.54,,100.10,,100.87
"274d41d0-9f49-432d-87f1-74e99c1cf0f7","e4825723-8197-4b1e-94ac-263c5d2887ab","D17","BIGC","BIGC.AOS.reaeration.station.01","BIGC_S1_20170627","2017-06-27T17:54Z",1884,"2017-06-27T22:13:50Z",53.40,,25.98,,52.42,,52.35
"0073e238-334c-404a-b89c-24d161936613","e4825723-8197-4b1e-94ac-263c5d2887ab","D17","BIGC","BIGC.AOS.reaeration.station.01","BIGC_S1_20170627","2017-06-27T17:54Z",2317,"2017-06-27T23:26:00Z",54.90,,26.05,,53.82,,53.75
"cdb4de64-b29c-4cc2-95ec-33c6e1c5acdd","e4825723-8197-4b1e-94ac-263c5d2887ab","D17","BIGC","BIGC.AOS.reaeration.station.01","BIGC_S1_20170627","2017-06-27T17:54Z",2520,"2017-06-27T23:59:50Z",55.40,,26.18,,54.18,,54.10
"604d886d-0b40-4146-affb-0151f81820c9","e4825723-8197-4b1e-94ac-263c5d2887ab","D17","BIGC","BIGC.AOS.reaeration.station.01","BIGC_S1_20170627","2017-06-27T17:54Z",800,"2017-06-27T19:13:10Z",86.70,,16.19,,104.24,,105.01
"9dc7fe7b-e78f-4fa5-9c6e-816eafae71e1","e4825723-8197-4b1e-94ac-263c5d2887ab","D17","BIGC","BIGC.AOS.reaeration.station.01","BIGC_S1_20170627","2017-06-27T17:54Z",562,"2017-06-27T18:33:30Z",81.80,,15.39,,100.19,,100.95
"1ee7dc22-b44d-41a2-963f-dc6a3a50411a","e4825723-8197-4b1e-94ac-263c5d2887ab","D17","BIGC","BIGC.AOS.reaeration.station.01","BIGC_S1_20170627","2017-06-27T17:54Z",1760,"2017-06-27T21:53:10Z",52.20,,25.27,,51.93,,51.91
"4c4f496b-51b2-4b83-850c-89af0354da99","e4825723-8197-4b1e-94ac-263c5d2887ab","D17","BIGC","BIGC.AOS.reaeration.station.01","BIGC_S1_20170627","2017-06-27T17:54Z",888,"2017-06-27T19:27:50Z",86.70,,16.49,,103.53,,104.28
"23032e99-9551-44b2-808b-39e6e4798799","e4825723-8197-4b1e-94ac-263c5d2887ab","D17","BIGC","BIGC.AOS.reaeration.station.01","BIGC_S1_20170627","2017-06-27T17:54Z",1496,"2017-06-27T21:09:10Z",49.40,,22.48,,51.90,,52.05
"8831b657-11a6-48f9-b11a-d951fd481374","e4825723-8197-4b1e-94ac-263c5d2887ab","D17","BIGC","BIGC.AOS.reaeration.station.01","BIGC_S1_20170627","2017-06-27T17:54Z",1445,"2017-06-27T21:00:40Z",48.80,,21.79,,51.99,,52.17
"5204fb1c-8c22-48e6-89aa-4845ea7297f2","e4825723-8197-4b1e-94ac-263c5d2887ab","D17","BIGC","BIGC.AOS.reaeration.station.01","BIGC_S1_20170627","2017-06-27T17:54Z",839,"2017-06-27T19:19:40Z",87.40,,16.31,,104.79,,105.56
"b98177bd-47db-43ec-98af-ffcfa388bb2d","e4825723-8197-4b1e-94ac-263c5d2887ab","D17","BIGC","BIGC.AOS.reaeration.station.01","BIGC_S1_20170627","2017-06-27T17:54Z",793,"2017-06-27T19:12:00Z",86.80,,16.16,,104.43,,105.20
"575e4cbe-8d4e-4c7e-8c3c-52e5a48b1165","e4825723-8197-4b1e-94ac-263c5d2887ab","D17","BIGC","BIGC.AOS.reaeration.station.01","BIGC_S1_20170627","2017-06-27T17:54Z",340,"2017-06-27T17:56:30Z",80.50,,14.67,,100.29,,101.06
"75dd85e0-6e42-47b5-ba1f-22bb1383cfd1","e4825723-8197-4b1e-94ac-263c5d2887ab","D17","BIGC","BIGC.AOS.reaeration.station.01","BIGC_S1_20170627","2017-06-27T17:54Z",356,"2017-06-27T17:59:10Z",80.70,,14.68,,100.51,,101.28
"d7bbf754-3f23-42b3-9ac7-0d39eeb9ef76","e4825723-8197-4b1e-94ac-263c5d2887ab","D17","BIGC","BIGC.AOS.reaeration.station.01","BIGC_S1_20170627","2017-06-27T17:54Z",2605,"2017-06-28T00:13:45Z",,,,,,,
"44f2f84c-ca90-44d8-8512-6728977cfdc7","e4825723-8197-4b1e-94ac-263c5d2887ab","D17","BIGC","BIGC.AOS.reaeration.station.01","BIGC_S1_20170627","2017-06-27T17:54Z",1024,"2017-06-27T19:50:30Z",88.70,,16.96,,104.79,,105.53
"9172d1e6-5aa2-4588-9040-be2caa83e930","e4825723-8197-4b1e-94ac-263c5d2887ab","D17","BIGC","BIGC.AOS.reaeration.station.01","BIGC_S1_20170627","2017-06-27T17:54Z",1833,"2017-06-27T22:05:20Z",52.90,,25.74,,52.16,,52.11
"626945f8-4397-480f-803d-49b6d07b7754","e4825723-8197-4b1e-94ac-263c5d2887ab","D17","BIGC","BIGC.AOS.reaeration.station.01","BIGC_S1_20170627","2017-06-27T17:54Z",1587,"2017-06-27T21:24:20Z",50.40,,23.44,,51.95,,52.04
"64ed5052-9b0e-4348-8c07-10c50e0e6bea","e4825723-8197-4b1e-94ac-263c5d2887ab","D17","BIGC","BIGC.AOS.reaeration.station.01","BIGC_S1_20170627","2017-06-27T17:54Z",1243,"2017-06-27T20:27:00Z",89.80,,17.63,,104.51,,105.22
"e4aa5b79-fe1f-40c1-b23b-389f7cafe380","e4825723-8197-4b1e-94ac-263c5d2887ab","D17","BIGC","BIGC.AOS.reaeration.station.01","BIGC_S1_20170627","2017-06-27T17:54Z",1980,"2017-06-27T22:29:50Z",54.10,,26.15,,52.94,,52.86
"614fc862-764c-44b0-8cab-4ccd29e46a65","e4825723-8197-4b1e-94ac-263c5d2887ab","D17","BIGC","BIGC.AOS.reaeration.station.01","BIGC_S1_20170627","2017-06-27T17:54Z",2084,"2017-06-27T22:47:10Z",54.30,,26.10,,53.18,,53.11
"90368b9d-fc3c-4a92-b14a-5ee5a33168b9","e4825723-8197-4b1e-94ac-263c5d2887ab","D17","BIGC","BIGC.AOS.reaeration.station.01","BIGC_S1_20170627","2017-06-27T17:54Z",1333,"2017-06-27T20:42:00Z",45.80,,19.29,,51.41,,51.70
"670e0b63-4ba8-42b3-80d6-b44e6594712c","e4825723-8197-4b1e-94ac-263c5d2887ab","D17","BIGC","BIGC.AOS.reaeration.station.01","BIGC_S1_20170627","2017-06-27T17:54Z",996,"2017-06-27T19:45:50Z",86.40,,16.85,,102.33,,103.06
"a44b0dcc-1bad-4406-b54d-912a592a455e","e4825723-8197-4b1e-94ac-263c5d2887ab","D17","BIGC","BIGC.AOS.reaeration.station.01","BIGC_S1_20170627","2017-06-27T17:54Z",1234,"2017-06-27T20:25:30Z",91.70,,17.63,,106.72,,107.44
"9b0d1a95-4c5f-4390-a452-1b4067c89740","e4825723-8197-4b1e-94ac-263c5d2887ab","D17","BIGC","BIGC.AOS.reaeration.station.01","BIGC_S1_20170627","2017-06-27T17:54Z",254,"2017-06-27T17:42:10Z",80.10,,14.53,,100.12,,100.89
"867467c4-3727-4a91-b681-41c07d1f2509","e4825723-8197-4b1e-94ac-263c5d2887ab","D17","BIGC","BIGC.AOS.reaeration.station.01","BIGC_S1_20170627","2017-06-27T17:54Z",2390,"2017-06-27T23:38:10Z",55.10,,26.11,,53.96,,53.88
"1ab4f45c-c9f1-425e-acd0-559d89c9932e","e4825723-8197-4b1e-94ac-263c5d2887ab","D17","BIGC","BIGC.AOS.reaeration.station.01","BIGC_S1_20170627","2017-06-27T17:54Z",2063,"2017-06-27T22:43:40Z",54.20,,26.11,,53.07,,53.00
"752ff85e-129a-48b9-a32d-1034469fcdd8","e4825723-8197-4b1e-94ac-263c5d2887ab","D17","BIGC","BIGC.AOS.reaeration.station.01","BIGC_S1_20170627","2017-06-27T17:54Z",137,"2017-06-27T17:22:40Z",79.90,,14.31,,100.40,,101.17
"5853e238-68bc-4782-a300-401c69d9b135","e4825723-8197-4b1e-94ac-263c5d2887ab","D17","BIGC","BIGC.AOS.reaeration.station.01","BIGC_S1_20170627","2017-06-27T17:54Z",1273,"2017-06-27T20:32:00Z",87.00,,17.69,,101.12,,101.80
"5f0f6cfd-0721-4737-8299-bbc9729745f9","e4825723-8197-4b1e-94ac-263c5d2887ab","D17","BIGC","BIGC.AOS.reaeration.station.01","BIGC_S1_20170627","2017-06-27T17:54Z",1636,"2017-06-27T21:32:30Z",51.10,,24.15,,51.94,,52.00
"4a33a21e-b8fd-49b8-9bff-21904dca3b3d","e4825723-8197-4b1e-94ac-263c5d2887ab","D17","BIGC","BIGC.AOS.reaeration.station.01","BIGC_S1_20170627","2017-06-27T17:54Z",173,"2017-06-27T17:28:40Z",79.80,,14.47,,99.89,,100.66
"089f1a95-29de-4dbe-b21e-aeeaf8f3333e","e4825723-8197-4b1e-94ac-263c5d2887ab","D17","BIGC","BIGC.AOS.reaeration.station.01","BIGC_S1_20170627","2017-06-27T17:54Z",2044,"2017-06-27T22:40:30Z",54.20,,26.12,,53.06,,52.99
"2043ddef-9a97-4135-95ce-9b9c9d67cbe9","e4825723-8197-4b1e-94ac-263c5d2887ab","D17","BIGC","BIGC.AOS.reaeration.station.01","BIGC_S1_20170627","2017-06-27T17:54Z",1099,"2017-06-27T20:03:00Z",90.80,,17.24,,106.60,,107.34
"e9fefc78-84cc-4d93-8544-f58e24ab3ff5","e4825723-8197-4b1e-94ac-263c5d2887ab","D17","BIGC","BIGC.AOS.reaeration.station.01","BIGC_S1_20170627","2017-06-27T17:54Z",1185,"2017-06-27T20:17:20Z",90.70,,17.49,,105.89,,106.61
"ffb9e179-9ed3-4536-b846-3547eb1c384d","e4825723-8197-4b1e-94ac-263c5d2887ab","D17","BIGC","BIGC.AOS.reaeration.station.01","BIGC_S1_20170627","2017-06-27T17:54Z",1879,"2017-06-27T22:13:00Z",53.20,,25.96,,52.24,,52.18
"aab1b0a1-1c53-4de5-a5eb-9c9046ab133f","e4825723-8197-4b1e-94ac-263c5d2887ab","D17","BIGC","BIGC.AOS.reaeration.station.01","BIGC_S1_20170627","2017-06-27T17:54Z",1829,"2017-06-27T22:04:40Z",52.80,,25.72,,52.08,,52.04
"7ab361b8-99c5-47f4-9973-4dbf579469f1","e4825723-8197-4b1e-94ac-263c5d2887ab","D17","BIGC","BIGC.AOS.reaeration.station.01","BIGC_S1_20170627","2017-06-27T17:54Z",35,"2017-06-27T17:05:40Z",79.70,,14.19,,100.44,,101.21
"0bcaacb1-35c2-4e9f-bb92-787e92289877","e4825723-8197-4b1e-94ac-263c5d2887ab","D17","BIGC","BIGC.AOS.reaeration.station.01","BIGC_S1_20170627","2017-06-27T17:54Z",2598,"2017-06-28T00:12:50Z",54.70,,25.57,,54.11,,54.07
"2dd8b6b7-7f16-438f-b091-411186865360","e4825723-8197-4b1e-94ac-263c5d2887ab","D17","BIGC","BIGC.AOS.reaeration.station.01","BIGC_S1_20170627","2017-06-27T17:54Z",2218,"2017-06-27T23:09:30Z",54.60,,26.05,,53.53,,53.46
"266d007d-edf3-4a7b-89a5-3e29d481b609","e4825723-8197-4b1e-94ac-263c5d2887ab","D17","BIGC","BIGC.AOS.reaeration.station.01","BIGC_S1_20170627","2017-06-27T17:54Z",646,"2017-06-27T18:47:30Z",85.30,,15.64,,103.87,,104.65
"ff0feaf2-144f-4750-a031-bab091d41d91","e4825723-8197-4b1e-94ac-263c5d2887ab","D17","BIGC","BIGC.AOS.reaeration.station.01","BIGC_S1_20170627","2017-06-27T17:54Z",2083,"2017-06-27T22:47:00Z",54.20,,26.10,,53.08,,53.01
"bdf297c2-fcdc-4691-9d46-6d36139fb8c4","e4825723-8197-4b1e-94ac-263c5d2887ab","D17","BIGC","BIGC.AOS.reaeration.station.01","BIGC_S1_20170627","2017-06-27T17:54Z",1133,"2017-06-27T20:08:40Z",90.10,,17.33,,105.56,,106.29
"b8dc89fc-7894-49f6-869e-0a04775dc8b7","e4825723-8197-4b1e-94ac-263c5d2887ab","D17","BIGC","BIGC.AOS.reaeration.station.01","BIGC_S1_20170627","2017-06-27T17:54Z",1256,"2017-06-27T20:29:10Z",87.90,,17.68,,102.19,,102.87
"62462c40-a05d-494d-9875-50d3c70e4fe9","e4825723-8197-4b1e-94ac-263c5d2887ab","D17","BIGC","BIGC.AOS.reaeration.station.01","BIGC_S1_20170627","2017-06-27T17:54Z",2028,"2017-06-27T22:37:50Z",54.20,,26.14,,53.04,,52.97
"b587332a-ced2-4056-b07f-2f7d442124c5","e4825723-8197-4b1e-94ac-263c5d2887ab","D17","BIGC","BIGC.AOS.reaeration.station.01","BIGC_S1_20170627","2017-06-27T17:54Z",2386,"2017-06-27T23:37:30Z",55.10,,26.11,,53.96,,53.88
"db7cde10-db83-434d-88ab-b5d14367f13c","e4825723-8197-4b1e-94ac-263c5d2887ab","D17","BIGC","BIGC.AOS.reaeration.station.01","BIGC_S1_20170627","2017-06-27T17:54Z",1040,"2017-06-27T19:53:10Z",89.20,,17.02,,105.24,,105.98
"0dde28e8-e063-4fa3-87ac-6c301f729271","e4825723-8197-4b1e-94ac-263c5d2887ab","D17","BIGC","BIGC.AOS.reaeration.station.01","BIGC_S1_20170627","2017-06-27T17:54Z",364,"2017-06-27T18:00:30Z",80.40,,14.80,,99.85,,100.62
"66904862-1ee8-446b-8e6e-6346eb9eaf5c","e4825723-8197-4b1e-94ac-263c5d2887ab","D17","BIGC","BIGC.AOS.reaeration.station.01","BIGC_S1_20170627","2017-06-27T17:54Z",302,"2017-06-27T17:50:10Z",80.30,,14.65,,100.09,,100.85
"68eff4cc-a2f1-4d5d-8327-0c6869c3a1f1","e4825723-8197-4b1e-94ac-263c5d2887ab","D17","BIGC","BIGC.AOS.reaeration.station.01","BIGC_S1_20170627","2017-06-27T17:54Z",1079,"2017-06-27T19:59:40Z",90.60,,17.16,,106.56,,107.30
"1b02429e-e0a4-442e-b92b-87d8101b1088","e4825723-8197-4b1e-94ac-263c5d2887ab","D17","BIGC","BIGC.AOS.reaeration.station.01","BIGC_S1_20170627","2017-06-27T17:54Z",2304,"2017-06-27T23:23:50Z",54.90,,26.04,,53.83,,53.76
"3fbabe44-3886-4025-a678-7cebfef43f9d","e4825723-8197-4b1e-94ac-263c5d2887ab","D17","BIGC","BIGC.AOS.reaeration.station.01","BIGC_S1_20170627","2017-06-27T17:54Z",542,"2017-06-27T18:30:10Z",81.80,,15.27,,100.47,,101.24
"54a7dedf-db96-4b1b-8355-9649539110ed","e4825723-8197-4b1e-94ac-263c5d2887ab","D17","BIGC","BIGC.AOS.reaeration.station.01","BIGC_S1_20170627","2017-06-27T17:54Z",926,"2017-06-27T19:34:10Z",87.50,,16.61,,104.20,,104.95
"889d29ad-bc7a-4811-8a4c-02e7c084d77b","e4825723-8197-4b1e-94ac-263c5d2887ab","D17","BIGC","BIGC.AOS.reaeration.station.01","BIGC_S1_20170627","2017-06-27T17:54Z",2463,"2017-06-27T23:50:20Z",55.20,,26.17,,53.99,,53.91
"f92f6a86-add7-46fe-9b6c-49fe8fc8ea87","e4825723-8197-4b1e-94ac-263c5d2887ab","D17","BIGC","BIGC.AOS.reaeration.station.01","BIGC_S1_20170627","2017-06-27T17:54Z",2221,"2017-06-27T23:10:00Z",54.60,,26.05,,53.53,,53.46
"80039aa7-072b-470d-a063-9738e41ebc7f","e4825723-8197-4b1e-94ac-263c5d2887ab","D17","BIGC","BIGC.AOS.reaeration.station.01","BIGC_S1_20170627","2017-06-27T17:54Z",2432,"2017-06-27T23:45:10Z",55.20,,26.15,,54.01,,53.94
"2b5efdc5-226a-4c92-bec7-333a68070d59","e4825723-8197-4b1e-94ac-263c5d2887ab","D17","BIGC","BIGC.AOS.reaeration.station.01","BIGC_S1_20170627","2017-06-27T17:54Z",198,"2017-06-27T17:32:50Z",80.20,,14.39,,100.58,,101.36
"9906074c-fcd7-4c3f-bfb7-089cfffb1c55","e4825723-8197-4b1e-94ac-263c5d2887ab","D17","BIGC","BIGC.AOS.reaeration.station.01","BIGC_S1_20170627","2017-06-27T17:54Z",1226,"2017-06-27T20:24:10Z",90.70,,17.60,,105.63,,106.34
"9939ff26-161b-4f66-a860-338c1ce147fa","e4825723-8197-4b1e-94ac-263c5d2887ab","D17","BIGC","BIGC.AOS.reaeration.station.01","BIGC_S1_20170627","2017-06-27T17:54Z",1515,"2017-06-27T21:12:20Z",49.60,,22.71,,51.87,,52.00
"d508f769-0493-4ba2-b5f9-bf6460346fef","e4825723-8197-4b1e-94ac-263c5d2887ab","D17","BIGC","BIGC.AOS.reaeration.station.01","BIGC_S1_20170627","2017-06-27T17:54Z",871,"2017-06-27T19:25:00Z",86.90,,16.42,,103.93,,104.69
"ad35a771-aa2f-4dae-915e-0b608e6cc8c0","e4825723-8197-4b1e-94ac-263c5d2887ab","D17","BIGC","BIGC.AOS.reaeration.station.01","BIGC_S1_20170627","2017-06-27T17:54Z",313,"2017-06-27T17:52:00Z",80.20,,14.67,,99.91,,100.68
"c0a8483b-109e-496b-a938-85a236750865","e4825723-8197-4b1e-94ac-263c5d2887ab","D17","BIGC","BIGC.AOS.reaeration.station.01","BIGC_S1_20170627","2017-06-27T17:54Z",1466,"2017-06-27T21:04:10Z",49.10,,22.11,,51.97,,52.14
"ac968b35-bb20-411f-a34e-709050193662","e4825723-8197-4b1e-94ac-263c5d2887ab","D17","BIGC","BIGC.AOS.reaeration.station.01","BIGC_S1_20170627","2017-06-27T17:54Z",700,"2017-06-27T18:56:30Z",86.70,,15.82,,105.13,,105.92
"98a60d50-90fb-40d4-9ffe-b7ba240001cb","e4825723-8197-4b1e-94ac-263c5d2887ab","D17","BIGC","BIGC.AOS.reaeration.station.01","BIGC_S1_20170627","2017-06-27T17:54Z",1377,"2017-06-27T20:49:20Z",47.40,,20.43,,51.93,,52.18
"b729b988-ffaf-4ad2-841b-38c05047dc79","e4825723-8197-4b1e-94ac-263c5d2887ab","D17","BIGC","BIGC.AOS.reaeration.station.01","BIGC_S1_20170627","2017-06-27T17:54Z",482,"2017-06-27T18:20:10Z",81.30,,15.07,,100.33,,101.09
"722dbf1f-8a96-4582-bd84-4d4ce832ad3c","e4825723-8197-4b1e-94ac-263c5d2887ab","D17","BIGC","BIGC.AOS.reaeration.station.01","BIGC_S1_20170627","2017-06-27T17:54Z",1062,"2017-06-27T19:56:50Z",89.40,,17.08,,105.33,,106.07
"158dfeba-16ae-4fcc-93d0-69feee83525c","e4825723-8197-4b1e-94ac-263c5d2887ab","D17","BIGC","BIGC.AOS.reaeration.station.01","BIGC_S1_20170627","2017-06-27T17:54Z",504,"2017-06-27T18:23:50Z",81.50,,15.09,,100.53,,101.29
"dc99cfbd-b60b-4341-91ca-960a0a2a78f0","e4825723-8197-4b1e-94ac-263c5d2887ab","D17","BIGC","BIGC.AOS.reaeration.station.01","BIGC_S1_20170627","2017-06-27T17:54Z",1448,"2017-06-27T21:01:10Z",48.80,,21.83,,51.95,,52.13
"cb1d0a0f-a900-4997-9d01-058951a3f376","e4825723-8197-4b1e-94ac-263c5d2887ab","D17","BIGC","BIGC.AOS.reaeration.station.01","BIGC_S1_20170627","2017-06-27T17:54Z",2487,"2017-06-27T23:54:20Z",55.30,,26.17,,54.09,,54.01
"30c1bbde-7091-4d6a-a140-67db75b86c7d","e4825723-8197-4b1e-94ac-263c5d2887ab","D17","BIGC","BIGC.AOS.reaeration.station.01","BIGC_S1_20170627","2017-06-27T17:54Z",2078,"2017-06-27T22:46:10Z",54.20,,26.11,,53.07,,53.00
"66d0f70e-cfff-4c46-8003-278d64bb1e61","e4825723-8197-4b1e-94ac-263c5d2887ab","D17","BIGC","BIGC.AOS.reaeration.station.01","BIGC_S1_20170627","2017-06-27T17:54Z",2379,"2017-06-27T23:36:20Z",55.00,,26.10,,53.87,,53.79
"3a37bf6b-b360-4204-b723-cafd09f4ce93","e4825723-8197-4b1e-94ac-263c5d2887ab","D17","BIGC","BIGC.AOS.reaeration.station.01","BIGC_S1_20170627","2017-06-27T17:54Z",1365,"2017-06-27T20:47:20Z",46.80,,20.09,,51.64,,51.91
"f0c205fb-ba8b-4b50-9364-ae8b5d65f342","e4825723-8197-4b1e-94ac-263c5d2887ab","D17","BIGC","BIGC.AOS.reaeration.station.01","BIGC_S1_20170627","2017-06-27T17:54Z",379,"2017-06-27T18:03:00Z",80.50,,14.80,,99.98,,100.74
"d1e936af-536c-4012-9d7f-196ea9aff948","e4825723-8197-4b1e-94ac-263c5d2887ab","D17","BIGC","BIGC.AOS.reaeration.station.01","BIGC_S1_20170627","2017-06-27T17:54Z",1855,"2017-06-27T22:09:00Z",53.10,,25.86,,52.24,,52.19
"ccd725ab-b66a-400a-8541-d936eaa49963","e4825723-8197-4b1e-94ac-263c5d2887ab","D17","BIGC","BIGC.AOS.reaeration.station.01","BIGC_S1_20170627","2017-06-27T17:54Z",144,"2017-06-27T17:23:50Z",79.90,,14.33,,100.35,,101.12
"12edd718-e26b-47fb-aed6-9ed226f94cde","e4825723-8197-4b1e-94ac-263c5d2887ab","D17","BIGC","BIGC.AOS.reaeration.station.01","BIGC_S1_20170627","2017-06-27T17:54Z",1524,"2017-06-27T21:13:50Z",49.70,,22.80,,51.88,,52.01
"db335fa3-d6b6-40f8-bee9-3f6ab39afe0b","e4825723-8197-4b1e-94ac-263c5d2887ab","D17","BIGC","BIGC.AOS.reaeration.station.01","BIGC_S1_20170627","2017-06-27T17:54Z",319,"2017-06-27T17:53:00Z",80.60,,14.62,,100.53,,101.30
"5a9091e3-a3ae-474c-b0d4-aef5c6cb2ae3","e4825723-8197-4b1e-94ac-263c5d2887ab","D17","BIGC","BIGC.AOS.reaeration.station.01","BIGC_S1_20170627","2017-06-27T17:54Z",583,"2017-06-27T18:37:00Z",82.10,,15.44,,100.44,,101.20
"dda67159-f89b-4ce9-86e8-6a79edca1cd7","e4825723-8197-4b1e-94ac-263c5d2887ab","D17","BIGC","BIGC.AOS.reaeration.station.01","BIGC_S1_20170627","2017-06-27T17:54Z",71,"2017-06-27T17:11:40Z",79.70,,14.26,,100.27,,101.04
"d892ea70-ae44-4209-95aa-65bcb8499eeb","e4825723-8197-4b1e-94ac-263c5d2887ab","D17","BIGC","BIGC.AOS.reaeration.station.01","BIGC_S1_20170627","2017-06-27T17:54Z",1844,"2017-06-27T22:07:10Z",53.10,,25.80,,52.30,,52.25
"f648742a-a67e-4619-bfed-e19498b65574","e4825723-8197-4b1e-94ac-263c5d2887ab","D17","BIGC","BIGC.AOS.reaeration.station.01","BIGC_S1_20170627","2017-06-27T17:54Z",534,"2017-06-27T18:28:50Z",81.60,,15.29,,100.18,,100.94
"61ea6c2c-1402-4e95-9ea3-1034187ede71","e4825723-8197-4b1e-94ac-263c5d2887ab","D17","BIGC","BIGC.AOS.reaeration.station.01","BIGC_S1_20170627","2017-06-27T17:54Z",505,"2017-06-27T18:24:00Z",81.20,,15.16,,99.99,,100.75
"471b5b31-f8dd-4d73-9c91-9e8a32894551","e4825723-8197-4b1e-94ac-263c5d2887ab","D17","BIGC","BIGC.AOS.reaeration.station.01","BIGC_S1_20170627","2017-06-27T17:54Z",1793,"2017-06-27T21:58:40Z",52.40,,25.46,,51.94,,51.91
"4a4b6d44-f199-4737-bb55-d69881a90009","e4825723-8197-4b1e-94ac-263c5d2887ab","D17","BIGC","BIGC.AOS.reaeration.station.01","BIGC_S1_20170627","2017-06-27T17:54Z",1970,"2017-06-27T22:28:10Z",53.90,,26.14,,52.75,,52.68
"9d66db3a-540b-4c21-bb33-0b42ffe68ef8","e4825723-8197-4b1e-94ac-263c5d2887ab","D17","BIGC","BIGC.AOS.reaeration.station.01","BIGC_S1_20170627","2017-06-27T17:54Z",2361,"2017-06-27T23:33:20Z",55.00,,26.09,,53.88,,53.80
"b8fd0cd7-c20d-4767-a474-924050c32acd","e4825723-8197-4b1e-94ac-263c5d2887ab","D17","BIGC","BIGC.AOS.reaeration.station.01","BIGC_S1_20170627","2017-06-27T17:54Z",2467,"2017-06-27T23:51:00Z",55.20,,26.17,,53.99,,53.91
"e4ca7c26-ddeb-4a0d-82d8-55eec1eac36e","e4825723-8197-4b1e-94ac-263c5d2887ab","D17","BIGC","BIGC.AOS.reaeration.station.01","BIGC_S1_20170627","2017-06-27T17:54Z",988,"2017-06-27T19:44:30Z",85.40,,16.83,,101.19,,101.91
"e067c759-d46b-463f-952a-e74b327cbd00","e4825723-8197-4b1e-94ac-263c5d2887ab","D17","BIGC","BIGC.AOS.reaeration.station.01","BIGC_S1_20170627","2017-06-27T17:54Z",917,"2017-06-27T19:32:40Z",87.40,,16.58,,104.15,,104.90
"66df11e3-0711-4c0a-9e8e-d52e04479fd1","e4825723-8197-4b1e-94ac-263c5d2887ab","D17","BIGC","BIGC.AOS.reaeration.station.01","BIGC_S1_20170627","2017-06-27T17:54Z",1526,"2017-06-27T21:14:10Z",49.70,,22.83,,51.85,,51.98
"7ec90853-298f-44b9-af25-a9116cd77e43","e4825723-8197-4b1e-94ac-263c5d2887ab","D17","BIGC","BIGC.AOS.reaeration.station.01","BIGC_S1_20170627","2017-06-27T17:54Z",813,"2017-06-27T19:15:20Z",86.90,,16.24,,104.36,,105.13
"91e56985-dc85-42c0-a698-d83ec9267cc3","e4825723-8197-4b1e-94ac-263c5d2887ab","D17","BIGC","BIGC.AOS.reaeration.station.01","BIGC_S1_20170627","2017-06-27T17:54Z",486,"2017-06-27T18:20:50Z",80.90,,15.14,,99.67,,100.43
"be794fae-a211-4b1a-ac36-14095bcc8901","e4825723-8197-4b1e-94ac-263c5d2887ab","D17","BIGC","BIGC.AOS.reaeration.station.01","BIGC_S1_20170627","2017-06-27T17:54Z",826,"2017-06-27T19:17:30Z",86.80,,16.28,,104.15,,104.91
"1d6eeaad-660c-41ac-824b-a85a037e80f8","e4825723-8197-4b1e-94ac-263c5d2887ab","D17","BIGC","BIGC.AOS.reaeration.station.01","BIGC_S1_20170627","2017-06-27T17:54Z",771,"2017-06-27T19:08:20Z",86.50,,16.08,,104.26,,105.04
"1f842b1a-38a3-452a-b292-4fe9a8fff066","e4825723-8197-4b1e-94ac-263c5d2887ab","D17","BIGC","BIGC.AOS.reaeration.station.01","BIGC_S1_20170627","2017-06-27T17:54Z",1258,"2017-06-27T20:29:30Z",88.00,,17.68,,102.30,,102.99
"36a35791-10b0-4110-80fa-f3945c2128a4","e4825723-8197-4b1e-94ac-263c5d2887ab","D17","BIGC","BIGC.AOS.reaeration.station.01","BIGC_S1_20170627","2017-06-27T17:54Z",1814,"2017-06-27T22:02:10Z",52.60,,25.62,,51.98,,51.94
"ae4cb3b4-9bc8-48b4-b264-988dc96c55c7","e4825723-8197-4b1e-94ac-263c5d2887ab","D17","BIGC","BIGC.AOS.reaeration.station.01","BIGC_S1_20170627","2017-06-27T17:54Z",1967,"2017-06-27T22:27:40Z",53.90,,26.14,,52.75,,52.68
"2320ad45-0205-4a19-b469-e62998bc4653","e4825723-8197-4b1e-94ac-263c5d2887ab","D17","BIGC","BIGC.AOS.reaeration.station.01","BIGC_S1_20170627","2017-06-27T17:54Z",1813,"2017-06-27T22:02:00Z",52.70,,25.61,,52.09,,52.05
"f717467a-83f7-43be-a857-196d5ba6d7f7","e4825723-8197-4b1e-94ac-263c5d2887ab","D17","BIGC","BIGC.AOS.reaeration.station.01","BIGC_S1_20170627","2017-06-27T17:54Z",938,"2017-06-27T19:36:10Z",86.50,,16.65,,102.91,,103.65
"702fb5b7-efe3-484e-a73b-ef87d9456962","e4825723-8197-4b1e-94ac-263c5d2887ab","D17","BIGC","BIGC.AOS.reaeration.station.01","BIGC_S1_20170627","2017-06-27T17:54Z",586,"2017-06-27T18:37:30Z",82.10,,15.42,,100.49,,101.25
"6dfb2694-9af9-44a7-9723-7af3916a803b","e4825723-8197-4b1e-94ac-263c5d2887ab","D17","BIGC","BIGC.AOS.reaeration.station.01","BIGC_S1_20170627","2017-06-27T17:54Z",41,"2017-06-27T17:06:40Z",79.50,,14.24,,100.06,,100.83
"edbfb242-55b1-4a74-b2a2-4bf7ee181df2","e4825723-8197-4b1e-94ac-263c5d2887ab","D17","BIGC","BIGC.AOS.reaeration.station.01","BIGC_S1_20170627","2017-06-27T17:54Z",350,"2017-06-27T17:58:10Z",80.40,,14.75,,99.97,,100.74
"5f0603f0-c957-4cd4-afc3-439d65b7972d","e4825723-8197-4b1e-94ac-263c5d2887ab","D17","BIGC","BIGC.AOS.reaeration.station.01","BIGC_S1_20170627","2017-06-27T17:54Z",2077,"2017-06-27T22:46:00Z",54.20,,26.11,,53.07,,53.00
"7fdeb113-f0cd-4e2f-ae9d-e977b3de7f8c","e4825723-8197-4b1e-94ac-263c5d2887ab","D17","BIGC","BIGC.AOS.reaeration.station.01","BIGC_S1_20170627","2017-06-27T17:54Z",297,"2017-06-27T17:49:20Z",80.10,,14.68,,99.76,,100.53
"6536d941-a170-4c24-a6a4-b3aca99b33ca","e4825723-8197-4b1e-94ac-263c5d2887ab","D17","BIGC","BIGC.AOS.reaeration.station.01","BIGC_S1_20170627","2017-06-27T17:54Z",1930,"2017-06-27T22:21:30Z",53.80,,26.10,,52.69,,52.62
"7c590b24-b2c1-4b1f-a292-e2fce0843b5e","e4825723-8197-4b1e-94ac-263c5d2887ab","D17","BIGC","BIGC.AOS.reaeration.station.01","BIGC_S1_20170627","2017-06-27T17:54Z",98,"2017-06-27T17:16:10Z",79.70,,14.32,,100.12,,100.89
"ed3f786a-251f-4959-8ef4-8128f5ce9fc3","e4825723-8197-4b1e-94ac-263c5d2887ab","D17","BIGC","BIGC.AOS.reaeration.station.01","BIGC_S1_20170627","2017-06-27T17:54Z",2024,"2017-06-27T22:37:10Z",54.10,,26.14,,52.95,,52.87
"086978e9-57ce-4569-a90e-65ab4a2f5317","e4825723-8197-4b1e-94ac-263c5d2887ab","D17","BIGC","BIGC.AOS.reaeration.station.01","BIGC_S1_20170627","2017-06-27T17:54Z",2481,"2017-06-27T23:53:20Z",55.20,,26.17,,53.99,,53.91
"59cefbf2-f68b-473f-ac77-d7b466f151c2","e4825723-8197-4b1e-94ac-263c5d2887ab","D17","BIGC","BIGC.AOS.reaeration.station.01","BIGC_S1_20170627","2017-06-27T17:54Z",16,"2017-06-27T17:02:30Z",79.40,,14.29,,99.82,,100.59
"05ffac95-f3e0-4d98-a478-443f0011a7ed","e4825723-8197-4b1e-94ac-263c5d2887ab","D17","BIGC","BIGC.AOS.reaeration.station.01","BIGC_S1_20170627","2017-06-27T17:54Z",2593,"2017-06-28T00:12:00Z",55.20,,25.66,,54.51,,54.47
"5758e16e-4a14-4ea2-a932-f08e1fa3caf3","e4825723-8197-4b1e-94ac-263c5d2887ab","D17","BIGC","BIGC.AOS.reaeration.station.01","BIGC_S1_20170627","2017-06-27T17:54Z",1816,"2017-06-27T22:02:30Z",52.70,,25.63,,52.07,,52.03
"fb7658a6-5cd0-4721-9406-b56f5a93ab72","e4825723-8197-4b1e-94ac-263c5d2887ab","D17","BIGC","BIGC.AOS.reaeration.station.01","BIGC_S1_20170627","2017-06-27T17:54Z",473,"2017-06-27T18:18:40Z",81.20,,15.05,,100.25,,101.02
"b73ab89a-b6bd-4988-926b-0ffd0ee6b42f","e4825723-8197-4b1e-94ac-263c5d2887ab","D17","BIGC","BIGC.AOS.reaeration.station.01","BIGC_S1_20170627","2017-06-27T17:54Z",1339,"2017-06-27T20:43:00Z",45.90,,19.49,,51.30,,51.58
"edfdcb3f-edf1-491b-baa5-1431a7671e74","e4825723-8197-4b1e-94ac-263c5d2887ab","D17","BIGC","BIGC.AOS.reaeration.station.01","BIGC_S1_20170627","2017-06-27T17:54Z",2588,"2017-06-28T00:11:10Z",55.40,,25.81,,54.56,,54.50
"439f6cd5-8108-4bc5-9039-4ccbebcc0794","e4825723-8197-4b1e-94ac-263c5d2887ab","D17","BIGC","BIGC.AOS.reaeration.station.01","BIGC_S1_20170627","2017-06-27T17:54Z",1414,"2017-06-27T20:55:30Z",48.20,,21.24,,51.93,,52.14
"3e9a71ee-418c-45e0-9edd-d984c0347735","e4825723-8197-4b1e-94ac-263c5d2887ab","D17","BIGC","BIGC.AOS.reaeration.station.01","BIGC_S1_20170627","2017-06-27T17:54Z",919,"2017-06-27T19:33:00Z",87.30,,16.59,,104.01,,104.76
"10aa9ea6-37cc-4e26-a7f9-0c9af0fd62b8","e4825723-8197-4b1e-94ac-263c5d2887ab","D17","BIGC","BIGC.AOS.reaeration.station.01","BIGC_S1_20170627","2017-06-27T17:54Z",1989,"2017-06-27T22:31:20Z",53.90,,26.15,,52.74,,52.67
"f925c496-13fa-48bc-a18b-b74dfdfe9d43","e4825723-8197-4b1e-94ac-263c5d2887ab","D17","BIGC","BIGC.AOS.reaeration.station.01","BIGC_S1_20170627","2017-06-27T17:54Z",2543,"2017-06-28T00:03:40Z",55.50,,26.18,,54.28,,54.20
"f7c6844a-635d-4cdb-89ee-7e87874b3c85","e4825723-8197-4b1e-94ac-263c5d2887ab","D17","BIGC","BIGC.AOS.reaeration.station.01","BIGC_S1_20170627","2017-06-27T17:54Z",116,"2017-06-27T17:19:10Z",79.70,,14.35,,100.05,,100.82
"af926ae6-d94e-4b5f-8961-ca1396a50bfb","e4825723-8197-4b1e-94ac-263c5d2887ab","D17","BIGC","BIGC.AOS.reaeration.station.01","BIGC_S1_20170627","2017-06-27T17:54Z",362,"2017-06-27T18:00:10Z",80.60,,14.71,,100.32,,101.08
"652c43b7-54b1-4a77-bc73-74b5db4dde4e","e4825723-8197-4b1e-94ac-263c5d2887ab","D17","BIGC","BIGC.AOS.reaeration.station.01","BIGC_S1_20170627","2017-06-27T17:54Z",1763,"2017-06-27T21:53:40Z",52.20,,25.28,,51.92,,51.90
"60c1cbc9-59d5-4637-bf66-2b73315a48a6","e4825723-8197-4b1e-94ac-263c5d2887ab","D17","BIGC","BIGC.AOS.reaeration.station.01","BIGC_S1_20170627","2017-06-27T17:54Z",1822,"2017-06-27T22:03:30Z",52.70,,25.67,,52.03,,51.99
"ba70ef0a-5032-4830-bdf9-4b89c1e16935","e4825723-8197-4b1e-94ac-263c5d2887ab","D17","BIGC","BIGC.AOS.reaeration.station.01","BIGC_S1_20170627","2017-06-27T17:54Z",2276,"2017-06-27T23:19:10Z",54.70,,26.05,,53.62,,53.55
"606e46db-5982-4f0c-84c1-4e90307715c4","e4825723-8197-4b1e-94ac-263c5d2887ab","D17","BIGC","BIGC.AOS.reaeration.station.01","BIGC_S1_20170627","2017-06-27T17:54Z",432,"2017-06-27T18:11:50Z",81.00,,14.92,,100.31,,101.08
"46dc103f-9f61-4208-99da-9ddd7f0b2260","e4825723-8197-4b1e-94ac-263c5d2887ab","D17","BIGC","BIGC.AOS.reaeration.station.01","BIGC_S1_20170627","2017-06-27T17:54Z",2595,"2017-06-28T00:12:20Z",54.80,,25.56,,54.22,,54.18
"a0bda2ef-04de-4448-97ba-eb716bf61e8e","e4825723-8197-4b1e-94ac-263c5d2887ab","D17","BIGC","BIGC.AOS.reaeration.station.01","BIGC_S1_20170627","2017-06-27T17:54Z",34,"2017-06-27T17:05:30Z",79.50,,14.24,,100.06,,100.83
"23e3fa0b-5466-478d-8a22-e43f0e0c05ea","e4825723-8197-4b1e-94ac-263c5d2887ab","D17","BIGC","BIGC.AOS.reaeration.station.01","BIGC_S1_20170627","2017-06-27T17:54Z",1244,"2017-06-27T20:27:10Z",90.20,,17.64,,104.95,,105.66
"59a264a8-fc3a-4efa-bdca-774534c0509e","e4825723-8197-4b1e-94ac-263c5d2887ab","D17","BIGC","BIGC.AOS.reaeration.station.01","BIGC_S1_20170627","2017-06-27T17:54Z",1336,"2017-06-27T20:42:30Z",45.60,,19.29,,51.18,,51.47
"400058a3-b04d-4a7e-8ea0-07c2a7350d3f","e4825723-8197-4b1e-94ac-263c5d2887ab","D17","BIGC","BIGC.AOS.reaeration.station.01","BIGC_S1_20170627","2017-06-27T17:54Z",1145,"2017-06-27T20:10:40Z",90.80,,17.38,,106.27,,107.00
"40640239-14c3-4446-9335-4a46c194e5b7","e4825723-8197-4b1e-94ac-263c5d2887ab","D17","BIGC","BIGC.AOS.reaeration.station.01","BIGC_S1_20170627","2017-06-27T17:54Z",1018,"2017-06-27T19:49:30Z",88.50,,16.94,,104.60,,105.34
"e7341a70-1a94-427c-bbbf-66f963f5093f","e4825723-8197-4b1e-94ac-263c5d2887ab","D17","BIGC","BIGC.AOS.reaeration.station.01","BIGC_S1_20170627","2017-06-27T17:54Z",836,"2017-06-27T19:19:10Z",87.20,,16.31,,104.55,,105.32
"b2eaa3af-15e3-472c-b23a-1297dc9d20a9","e4825723-8197-4b1e-94ac-263c5d2887ab","D17","BIGC","BIGC.AOS.reaeration.station.01","BIGC_S1_20170627","2017-06-27T17:54Z",684,"2017-06-27T18:53:50Z",86.10,,15.76,,104.55,,105.33
"f692c537-c381-4966-8509-9cb2003cfbea","e4825723-8197-4b1e-94ac-263c5d2887ab","D17","BIGC","BIGC.AOS.reaeration.station.01","BIGC_S1_20170627","2017-06-27T17:54Z",2280,"2017-06-27T23:19:50Z",54.80,,26.05,,53.72,,53.65
"486a0544-712b-409d-9fe8-9c13d688a57a","e4825723-8197-4b1e-94ac-263c5d2887ab","D17","BIGC","BIGC.AOS.reaeration.station.01","BIGC_S1_20170627","2017-06-27T17:54Z",192,"2017-06-27T17:31:50Z",80.00,,14.45,,100.19,,100.96
"28178657-573f-4c0e-8d26-4e7a962dbae8","e4825723-8197-4b1e-94ac-263c5d2887ab","D17","BIGC","BIGC.AOS.reaeration.station.01","BIGC_S1_20170627","2017-06-27T17:54Z",1444,"2017-06-27T21:00:30Z",48.80,,21.77,,52.01,,52.19
"d239dd14-0efe-4559-a4bd-9728a6cee17f","e4825723-8197-4b1e-94ac-263c5d2887ab","D17","BIGC","BIGC.AOS.reaeration.station.01","BIGC_S1_20170627","2017-06-27T17:54Z",475,"2017-06-27T18:19:00Z",81.20,,15.04,,100.28,,101.04
"7e8fcdfb-eadb-4830-8eef-9560982d85e0","e4825723-8197-4b1e-94ac-263c5d2887ab","D17","BIGC","BIGC.AOS.reaeration.station.01","BIGC_S1_20170627","2017-06-27T17:54Z",1533,"2017-06-27T21:15:20Z",49.90,,22.90,,51.99,,52.11
"941f4648-0684-4398-b2bd-6f29666f77ce","e4825723-8197-4b1e-94ac-263c5d2887ab","D17","BIGC","BIGC.AOS.reaeration.station.01","BIGC_S1_20170627","2017-06-27T17:54Z",2601,"2017-06-28T00:13:20Z",54.20,,25.39,,53.80,,53.77
"a2655e0f-c888-4384-a12e-fa85f9ce1662","e4825723-8197-4b1e-94ac-263c5d2887ab","D17","BIGC","BIGC.AOS.reaeration.station.01","BIGC_S1_20170627","2017-06-27T17:54Z",1726,"2017-06-27T21:47:30Z",51.80,,25.10,,51.70,,51.69
"82f9d4bd-8a1f-4bf3-9d80-1187d91390dc","e4825723-8197-4b1e-94ac-263c5d2887ab","D17","BIGC","BIGC.AOS.reaeration.station.01","BIGC_S1_20170627","2017-06-27T17:54Z",1255,"2017-06-27T20:29:00Z",88.10,,17.67,,102.44,,103.13
"bc10f717-acf8-4bad-ac48-f9f2dd0579ba","e4825723-8197-4b1e-94ac-263c5d2887ab","D17","BIGC","BIGC.AOS.reaeration.station.01","BIGC_S1_20170627","2017-06-27T17:54Z",2531,"2017-06-28T00:01:40Z",55.50,,26.18,,54.28,,54.20
"408eb965-4dd4-4a01-af31-65e73c4a314c","e4825723-8197-4b1e-94ac-263c5d2887ab","D17","BIGC","BIGC.AOS.reaeration.station.01","BIGC_S1_20170627","2017-06-27T17:54Z",2569,"2017-06-28T00:08:00Z",55.80,,26.18,,54.57,,54.49
"2d238dac-ec15-4307-83a9-2fb5f7bb57ed","e4825723-8197-4b1e-94ac-263c5d2887ab","D17","BIGC","BIGC.AOS.reaeration.station.01","BIGC_S1_20170627","2017-06-27T17:54Z",291,"2017-06-27T17:48:20Z",80.30,,14.65,,100.09,,100.85
"9771d4f2-e3be-43bf-af83-1ec48df115b6","e4825723-8197-4b1e-94ac-263c5d2887ab","D17","BIGC","BIGC.AOS.reaeration.station.01","BIGC_S1_20170627","2017-06-27T17:54Z",1934,"2017-06-27T22:22:10Z",53.90,,26.10,,52.79,,52.72
"e81d0626-2db9-4f94-af05-76cdb1821c81","e4825723-8197-4b1e-94ac-263c5d2887ab","D17","BIGC","BIGC.AOS.reaeration.station.01","BIGC_S1_20170627","2017-06-27T17:54Z",2210,"2017-06-27T23:08:10Z",54.60,,26.05,,53.53,,53.46
"b0fd539c-82da-4b72-b5dd-d82d7fc5fca1","e4825723-8197-4b1e-94ac-263c5d2887ab","D17","BIGC","BIGC.AOS.reaeration.station.01","BIGC_S1_20170627","2017-06-27T17:54Z",932,"2017-06-27T19:35:10Z",86.20,,16.64,,102.58,,103.32
"af3c0383-87b5-4efd-86d3-38d404a67d50","e4825723-8197-4b1e-94ac-263c5d2887ab","D17","BIGC","BIGC.AOS.reaeration.station.01","BIGC_S1_20170627","2017-06-27T17:54Z",2137,"2017-06-27T22:56:00Z",54.40,,26.08,,53.30,,53.23
"0b804947-9f77-44d8-85ae-1caefe52b060","e4825723-8197-4b1e-94ac-263c5d2887ab","D17","BIGC","BIGC.AOS.reaeration.station.01","BIGC_S1_20170627","2017-06-27T17:54Z",2573,"2017-06-28T00:08:40Z",55.90,,26.18,,54.67,,54.59
"899ef69e-561f-4c2b-8961-b47bd3792688","e4825723-8197-4b1e-94ac-263c5d2887ab","D17","BIGC","BIGC.AOS.reaeration.station.01","BIGC_S1_20170627","2017-06-27T17:54Z",194,"2017-06-27T17:32:10Z",79.90,,14.50,,99.94,,100.71
"57ba1d75-ee2c-4a4c-aa9c-12f2f84a9dd5","e4825723-8197-4b1e-94ac-263c5d2887ab","D17","BIGC","BIGC.AOS.reaeration.station.01","BIGC_S1_20170627","2017-06-27T17:54Z",769,"2017-06-27T19:08:00Z",86.90,,16.08,,104.75,,105.52
"93052662-21ed-4c70-b221-0e10d6b271a0","e4825723-8197-4b1e-94ac-263c5d2887ab","D17","BIGC","BIGC.AOS.reaeration.station.01","BIGC_S1_20170627","2017-06-27T17:54Z",982,"2017-06-27T19:43:30Z",86.20,,16.80,,102.21,,102.94
"0a07fba4-ccf4-4358-b7f2-c5fbcbb1c164","e4825723-8197-4b1e-94ac-263c5d2887ab","D17","BIGC","BIGC.AOS.reaeration.station.01","BIGC_S1_20170627","2017-06-27T17:54Z",823,"2017-06-27T19:17:00Z",87.70,,16.25,,105.30,,106.07
"d1855b2b-fbf6-4d31-a153-284b982b9504","e4825723-8197-4b1e-94ac-263c5d2887ab","D17","BIGC","BIGC.AOS.reaeration.station.01","BIGC_S1_20170627","2017-06-27T17:54Z",1543,"2017-06-27T21:17:00Z",49.90,,23.01,,51.87,,51.99
"93eec4a4-4f32-434e-9630-353ac080d2e5","e4825723-8197-4b1e-94ac-263c5d2887ab","D17","BIGC","BIGC.AOS.reaeration.station.01","BIGC_S1_20170627","2017-06-27T17:54Z",2171,"2017-06-27T23:01:40Z",54.60,,26.06,,53.52,,53.45
"6c76c6a5-191e-4310-b488-203d04ea399e","e4825723-8197-4b1e-94ac-263c5d2887ab","D17","BIGC","BIGC.AOS.reaeration.station.01","BIGC_S1_20170627","2017-06-27T17:54Z",332,"2017-06-27T17:55:10Z",80.40,,14.69,,100.11,,100.88
"66035f2b-7834-4b00-9157-c77a8bac77fa","e4825723-8197-4b1e-94ac-263c5d2887ab","D17","BIGC","BIGC.AOS.reaeration.station.01","BIGC_S1_20170627","2017-06-27T17:54Z",806,"2017-06-27T19:14:10Z",87.20,,16.20,,104.82,,105.59
"51a9edfe-aae8-4ae4-bda0-6bfa378704c0","e4825723-8197-4b1e-94ac-263c5d2887ab","D17","BIGC","BIGC.AOS.reaeration.station.01","BIGC_S1_20170627","2017-06-27T17:54Z",2145,"2017-06-27T22:57:20Z",54.50,,26.06,,53.42,,53.35
"a3057cc7-c113-40ae-a3f6-a36fd301adbf","e4825723-8197-4b1e-94ac-263c5d2887ab","D17","BIGC","BIGC.AOS.reaeration.station.01","BIGC_S1_20170627","2017-06-27T17:54Z",1362,"2017-06-27T20:46:50Z",46.60,,19.98,,51.54,,51.81
"c08ac8c0-a359-4602-9986-54edd663cfc2","e4825723-8197-4b1e-94ac-263c5d2887ab","D17","BIGC","BIGC.AOS.reaeration.station.01","BIGC_S1_20170627","2017-06-27T17:54Z",1614,"2017-06-27T21:28:50Z",50.70,,23.85,,51.84,,51.91
"f19597f4-82e3-4839-8a2e-e9f6909be2b9","e4825723-8197-4b1e-94ac-263c5d2887ab","D17","BIGC","BIGC.AOS.reaeration.station.01","BIGC_S1_20170627","2017-06-27T17:54Z",723,"2017-06-27T19:00:20Z",86.50,,15.92,,104.65,,105.43
"817afb00-d30e-4b0b-bb06-c304101bbea7","e4825723-8197-4b1e-94ac-263c5d2887ab","D17","BIGC","BIGC.AOS.reaeration.station.01","BIGC_S1_20170627","2017-06-27T17:54Z",2578,"2017-06-28T00:09:30Z",56.00,,26.18,,54.77,,54.68
"cedd2594-c5af-484d-ba2e-e375c38e8c9c","e4825723-8197-4b1e-94ac-263c5d2887ab","D17","BIGC","BIGC.AOS.reaeration.station.01","BIGC_S1_20170627","2017-06-27T17:54Z",650,"2017-06-27T18:48:10Z",84.90,,15.64,,103.38,,104.16
"0e9a1e54-cb99-49dd-875c-8a933d91428d","e4825723-8197-4b1e-94ac-263c5d2887ab","D17","BIGC","BIGC.AOS.reaeration.station.01","BIGC_S1_20170627","2017-06-27T17:54Z",1570,"2017-06-27T21:21:30Z",50.10,,23.25,,51.83,,51.94
"9f4a03e4-6445-4e29-9ef7-fd171471a947","e4825723-8197-4b1e-94ac-263c5d2887ab","D17","BIGC","BIGC.AOS.reaeration.station.01","BIGC_S1_20170627","2017-06-27T17:54Z",283,"2017-06-27T17:47:00Z",80.10,,14.62,,99.91,,100.67
"a3c060ed-48ce-4814-b690-215e71a3864f","e4825723-8197-4b1e-94ac-263c5d2887ab","D17","BIGC","BIGC.AOS.reaeration.station.01","BIGC_S1_20170627","2017-06-27T17:54Z",1335,"2017-06-27T20:42:20Z",45.50,,19.18,,51.19,,51.49
"2b426a3c-2acc-4fd6-96ed-6e606bd51811","e4825723-8197-4b1e-94ac-263c5d2887ab","D17","BIGC","BIGC.AOS.reaeration.station.01","BIGC_S1_20170627","2017-06-27T17:54Z",807,"2017-06-27T19:14:20Z",86.60,,16.22,,104.05,,104.81
"b4bd4dac-6dc9-42ee-a948-a790333cc551","e4825723-8197-4b1e-94ac-263c5d2887ab","D17","BIGC","BIGC.AOS.reaeration.station.01","BIGC_S1_20170627","2017-06-27T17:54Z",193,"2017-06-27T17:32:00Z",79.90,,14.45,,100.06,,100.83
"3972b0a0-95b5-4e46-936c-4208041ac2ec","e4825723-8197-4b1e-94ac-263c5d2887ab","D17","BIGC","BIGC.AOS.reaeration.station.01","BIGC_S1_20170627","2017-06-27T17:54Z",1225,"2017-06-27T20:24:00Z",91.30,,17.60,,106.33,,107.05
"6188fb5e-b4e6-4e84-a96f-be4c4b0c1550","e4825723-8197-4b1e-94ac-263c5d2887ab","D17","BIGC","BIGC.AOS.reaeration.station.01","BIGC_S1_20170627","2017-06-27T17:54Z",363,"2017-06-27T18:00:20Z",80.60,,14.74,,100.24,,101.01
"bea5e0a9-903a-4d3f-ae67-10b4430b4c29","e4825723-8197-4b1e-94ac-263c5d2887ab","D17","BIGC","BIGC.AOS.reaeration.station.01","BIGC_S1_20170627","2017-06-27T17:54Z",1385,"2017-06-27T20:50:40Z",47.60,,20.62,,51.95,,52.19
"385bc1ac-e228-4ce2-9915-df6fa4536490","e4825723-8197-4b1e-94ac-263c5d2887ab","D17","BIGC","BIGC.AOS.reaeration.station.01","BIGC_S1_20170627","2017-06-27T17:54Z",710,"2017-06-27T18:58:10Z",86.60,,15.87,,104.89,,105.67
"f78ed840-7cb7-43e9-b51b-592545ab8f2e","e4825723-8197-4b1e-94ac-263c5d2887ab","D17","BIGC","BIGC.AOS.reaeration.station.01","BIGC_S1_20170627","2017-06-27T17:54Z",976,"2017-06-27T19:42:30Z",85.00,,16.78,,100.83,,101.55
"1c70f3ad-e499-4dbb-9580-2ec662235a0a","e4825723-8197-4b1e-94ac-263c5d2887ab","D17","BIGC","BIGC.AOS.reaeration.station.01","BIGC_S1_20170627","2017-06-27T17:54Z",2086,"2017-06-27T22:47:30Z",54.30,,26.10,,53.18,,53.11
"3765dc84-96a9-44e5-aa41-624acb7bcb4e","e4825723-8197-4b1e-94ac-263c5d2887ab","D17","BIGC","BIGC.AOS.reaeration.station.01","BIGC_S1_20170627","2017-06-27T17:54Z",1161,"2017-06-27T20:13:20Z",90.40,,17.42,,105.70,,106.43
"b6a4ae8a-c39f-43cb-9a30-32a86fece0b2","e4825723-8197-4b1e-94ac-263c5d2887ab","D17","BIGC","BIGC.AOS.reaeration.station.01","BIGC_S1_20170627","2017-06-27T17:54Z",457,"2017-06-27T18:16:00Z",81.20,,14.97,,100.44,,101.21
"947c7ad0-40c7-489d-a0c3-35b754eb56dc","e4825723-8197-4b1e-94ac-263c5d2887ab","D17","BIGC","BIGC.AOS.reaeration.station.01","BIGC_S1_20170627","2017-06-27T17:54Z",345,"2017-06-27T17:57:20Z",80.50,,14.67,,100.29,,101.06
"25b56017-391a-4506-b097-a18b0e2f3690","e4825723-8197-4b1e-94ac-263c5d2887ab","D17","BIGC","BIGC.AOS.reaeration.station.01","BIGC_S1_20170627","2017-06-27T17:54Z",1585,"2017-06-27T21:24:00Z",50.40,,23.40,,51.99,,52.09
"e52b5917-16f7-49f6-9422-11a75012fa78","e4825723-8197-4b1e-94ac-263c5d2887ab","D17","BIGC","BIGC.AOS.reaeration.station.01","BIGC_S1_20170627","2017-06-27T17:54Z",2494,"2017-06-27T23:55:30Z",55.30,,26.17,,54.09,,54.01
"c1f0ff89-dbfb-41d0-b567-9e2aa68d3f43","e4825723-8197-4b1e-94ac-263c5d2887ab","D17","BIGC","BIGC.AOS.reaeration.station.01","BIGC_S1_20170627","2017-06-27T17:54Z",2369,"2017-06-27T23:34:40Z",55.00,,26.09,,53.88,,53.80
"08238777-387b-4763-ae54-de6d643318bb","e4825723-8197-4b1e-94ac-263c5d2887ab","D17","BIGC","BIGC.AOS.reaeration.station.01","BIGC_S1_20170627","2017-06-27T17:54Z",647,"2017-06-27T18:47:40Z",85.40,,15.62,,104.04,,104.82
"eec2a1e5-b81c-4cff-a58b-84fffbc6f028","e4825723-8197-4b1e-94ac-263c5d2887ab","D17","BIGC","BIGC.AOS.reaeration.station.01","BIGC_S1_20170627","2017-06-27T17:54Z",1252,"2017-06-27T20:28:30Z",88.40,,17.66,,102.81,,103.51
"f4817b52-9c86-4e05-bc15-fa61701a6225","e4825723-8197-4b1e-94ac-263c5d2887ab","D17","BIGC","BIGC.AOS.reaeration.station.01","BIGC_S1_20170627","2017-06-27T17:54Z",1528,"2017-06-27T21:14:30Z",49.90,,22.85,,52.04,,52.17
"6a24cc73-58b9-4ae6-947e-100ac3011cf3","e4825723-8197-4b1e-94ac-263c5d2887ab","D17","BIGC","BIGC.AOS.reaeration.station.01","BIGC_S1_20170627","2017-06-27T17:54Z",1658,"2017-06-27T21:36:10Z",51.40,,24.42,,51.98,,52.01
"79b762dc-e911-4eb3-ad0a-c97ffa2fe1e4","e4825723-8197-4b1e-94ac-263c5d2887ab","D17","BIGC","BIGC.AOS.reaeration.station.01","BIGC_S1_20170627","2017-06-27T17:54Z",303,"2017-06-27T17:50:20Z",80.40,,14.65,,100.21,,100.98
"e4d48dfa-23f6-407c-a8ca-2caae87b9d55","e4825723-8197-4b1e-94ac-263c5d2887ab","D17","BIGC","BIGC.AOS.reaeration.station.01","BIGC_S1_20170627","2017-06-27T17:54Z",1148,"2017-06-27T20:11:10Z",91.00,,17.39,,106.48,,107.21
"c759b56d-b99d-40f8-acc8-53638e6f7ebe","e4825723-8197-4b1e-94ac-263c5d2887ab","D17","BIGC","BIGC.AOS.reaeration.station.01","BIGC_S1_20170627","2017-06-27T17:54Z",1453,"2017-06-27T21:02:00Z",48.90,,21.91,,51.97,,52.15
"0c8d13ce-b7f7-488e-849d-360fa0e3089e","e4825723-8197-4b1e-94ac-263c5d2887ab","D17","BIGC","BIGC.AOS.reaeration.station.01","BIGC_S1_20170627","2017-06-27T17:54Z",258,"2017-06-27T17:42:50Z",80.10,,14.56,,100.05,,100.82
"27ddc499-d89b-42aa-8288-769b6cb5dc34","e4825723-8197-4b1e-94ac-263c5d2887ab","D17","BIGC","BIGC.AOS.reaeration.station.01","BIGC_S1_20170627","2017-06-27T17:54Z",2526,"2017-06-28T00:00:50Z",55.40,,26.18,,54.18,,54.10
"403eda2d-98b2-45b0-adb4-7abea225bb9e","e4825723-8197-4b1e-94ac-263c5d2887ab","D17","BIGC","BIGC.AOS.reaeration.station.01","BIGC_S1_20170627","2017-06-27T17:54Z",736,"2017-06-27T19:02:30Z",86.20,,15.98,,104.14,,104.92
"fb0019df-1422-42db-b963-4dc8ca3e25f1","e4825723-8197-4b1e-94ac-263c5d2887ab","D17","BIGC","BIGC.AOS.reaeration.station.01","BIGC_S1_20170627","2017-06-27T17:54Z",2155,"2017-06-27T22:59:00Z",54.50,,26.06,,53.42,,53.35
"330daba7-560c-445e-a978-94b7dfa49457","e4825723-8197-4b1e-94ac-263c5d2887ab","D17","BIGC","BIGC.AOS.reaeration.station.01","BIGC_S1_20170627","2017-06-27T17:54Z",274,"2017-06-27T17:45:30Z",80.40,,14.54,,100.47,,101.24
"e678cd5b-d3d7-491c-8033-b0c799e11cbb","e4825723-8197-4b1e-94ac-263c5d2887ab","D17","BIGC","BIGC.AOS.reaeration.station.01","BIGC_S1_20170627","2017-06-27T17:54Z",574,"2017-06-27T18:35:30Z",82.10,,15.36,,100.63,,101.39
"9e66c62f-5b5c-496c-b3a0-8e0d25175aa1","e4825723-8197-4b1e-94ac-263c5d2887ab","D17","BIGC","BIGC.AOS.reaeration.station.01","BIGC_S1_20170627","2017-06-27T17:54Z",702,"2017-06-27T18:56:50Z",86.00,,15.84,,104.24,,105.02
"761454a8-988b-447d-9e03-a0230ac5bec8","e4825723-8197-4b1e-94ac-263c5d2887ab","D17","BIGC","BIGC.AOS.reaeration.station.01","BIGC_S1_20170627","2017-06-27T17:54Z",699,"2017-06-27T18:56:20Z",86.40,,15.83,,104.75,,105.53
"234322b0-18e6-43e2-885b-8b6fd67a3d44","e4825723-8197-4b1e-94ac-263c5d2887ab","D17","BIGC","BIGC.AOS.reaeration.station.01","BIGC_S1_20170627","2017-06-27T17:54Z",670,"2017-06-27T18:51:30Z",85.40,,15.74,,103.75,,104.53
"c0943828-8f2f-40ec-b78a-f3f7c27d50bc","e4825723-8197-4b1e-94ac-263c5d2887ab","D17","BIGC","BIGC.AOS.reaeration.station.01","BIGC_S1_20170627","2017-06-27T17:54Z",1007,"2017-06-27T19:47:40Z",86.10,,16.90,,101.86,,102.58
"6945ff96-a8b4-4353-b736-d09a764210fe","e4825723-8197-4b1e-94ac-263c5d2887ab","D17","BIGC","BIGC.AOS.reaeration.station.01","BIGC_S1_20170627","2017-06-27T17:54Z",1422,"2017-06-27T20:56:50Z",48.30,,21.40,,51.87,,52.07
"b2a5e483-fb7e-4dbe-bde7-fe10fdc4d85f","e4825723-8197-4b1e-94ac-263c5d2887ab","D17","BIGC","BIGC.AOS.reaeration.station.01","BIGC_S1_20170627","2017-06-27T17:54Z",1568,"2017-06-27T21:21:10Z",50.10,,23.23,,51.85,,51.96
"ea95cf8f-e959-4a64-af16-6d8a9e7b3de4","e4825723-8197-4b1e-94ac-263c5d2887ab","D17","BIGC","BIGC.AOS.reaeration.station.01","BIGC_S1_20170627","2017-06-27T17:54Z",869,"2017-06-27T19:24:40Z",87.00,,16.41,,104.08,,104.83
"c7c56a5e-0231-4e4e-9153-32507881a4cf","e4825723-8197-4b1e-94ac-263c5d2887ab","D17","BIGC","BIGC.AOS.reaeration.station.01","BIGC_S1_20170627","2017-06-27T17:54Z",2241,"2017-06-27T23:13:20Z",54.70,,26.05,,53.62,,53.55
"3ce35960-5ee5-4763-81cb-15a3b6019080","e4825723-8197-4b1e-94ac-263c5d2887ab","D17","BIGC","BIGC.AOS.reaeration.station.01","BIGC_S1_20170627","2017-06-27T17:54Z",773,"2017-06-27T19:08:40Z",86.40,,16.11,,104.07,,104.84
"48e38d48-7f27-4b6f-b0b6-c6ee132b233b","e4825723-8197-4b1e-94ac-263c5d2887ab","D17","BIGC","BIGC.AOS.reaeration.station.01","BIGC_S1_20170627","2017-06-27T17:54Z",2446,"2017-06-27T23:47:30Z",55.20,,26.16,,54.00,,53.92
"4d31ffac-19b1-4800-b0b7-acfbabaceb14","e4825723-8197-4b1e-94ac-263c5d2887ab","D17","BIGC","BIGC.AOS.reaeration.station.01","BIGC_S1_20170627","2017-06-27T17:54Z",728,"2017-06-27T19:01:10Z",86.20,,15.93,,104.26,,105.04
"b6da46c3-7c2e-497a-84c7-dd071c635704","e4825723-8197-4b1e-94ac-263c5d2887ab","D17","BIGC","BIGC.AOS.reaeration.station.01","BIGC_S1_20170627","2017-06-27T17:54Z",2008,"2017-06-27T22:34:30Z",54.10,,26.14,,52.95,,52.87
"e13ecd9e-6283-4233-84d9-777898434ce3","e4825723-8197-4b1e-94ac-263c5d2887ab","D17","BIGC","BIGC.AOS.reaeration.station.01","BIGC_S1_20170627","2017-06-27T17:54Z",131,"2017-06-27T17:21:40Z",79.90,,14.33,,100.35,,101.12
"2a528750-638f-47e3-ab89-2ead50af77d4","e4825723-8197-4b1e-94ac-263c5d2887ab","D17","BIGC","BIGC.AOS.reaeration.station.01","BIGC_S1_20170627","2017-06-27T17:54Z",860,"2017-06-27T19:23:10Z",87.40,,16.37,,104.65,,105.41
"10a4cdb2-e33b-460f-bb43-262f16ac082d","e4825723-8197-4b1e-94ac-263c5d2887ab","D17","BIGC","BIGC.AOS.reaeration.station.01","BIGC_S1_20170627","2017-06-27T17:54Z",724,"2017-06-27T19:00:30Z",86.40,,15.93,,104.50,,105.28
"415d1304-b590-48f8-b71c-f5f23a1b8b57","e4825723-8197-4b1e-94ac-263c5d2887ab","D17","BIGC","BIGC.AOS.reaeration.station.01","BIGC_S1_20170627","2017-06-27T17:54Z",1312,"2017-06-27T20:38:30Z",43.40,,18.08,,50.01,,50.34
"ef79eec3-9194-4d8e-a9af-f394cc474a2c","e4825723-8197-4b1e-94ac-263c5d2887ab","D17","BIGC","BIGC.AOS.reaeration.station.01","BIGC_S1_20170627","2017-06-27T17:54Z",1049,"2017-06-27T19:54:40Z",89.40,,17.04,,105.43,,106.17
"95c52452-b491-4dde-823b-787373328ef4","e4825723-8197-4b1e-94ac-263c5d2887ab","D17","BIGC","BIGC.AOS.reaeration.station.01","BIGC_S1_20170627","2017-06-27T17:54Z",2150,"2017-06-27T22:58:10Z",54.40,,26.08,,53.30,,53.23
"d21d79ea-51d3-407f-b610-93108155df2e","e4825723-8197-4b1e-94ac-263c5d2887ab","D17","BIGC","BIGC.AOS.reaeration.station.01","BIGC_S1_20170627","2017-06-27T17:54Z",2385,"2017-06-27T23:37:20Z",55.00,,26.11,,53.86,,53.78
"7be14f7c-c992-4758-b37a-7fbbb6a11abc","e4825723-8197-4b1e-94ac-263c5d2887ab","D17","BIGC","BIGC.AOS.reaeration.station.01","BIGC_S1_20170627","2017-06-27T17:54Z",373,"2017-06-27T18:02:00Z",80.60,,14.77,,100.17,,100.94
"a3034773-e2ed-4458-be42-9b7ad79408ff","e4825723-8197-4b1e-94ac-263c5d2887ab","D17","BIGC","BIGC.AOS.reaeration.station.01","BIGC_S1_20170627","2017-06-27T17:54Z",1782,"2017-06-27T21:56:50Z",52.30,,25.39,,51.91,,51.89
"b66e06b1-82ef-451a-a972-57771097bb9c","e4825723-8197-4b1e-94ac-263c5d2887ab","D17","BIGC","BIGC.AOS.reaeration.station.01","BIGC_S1_20170627","2017-06-27T17:54Z",54,"2017-06-27T17:08:50Z",79.60,,14.26,,100.14,,100.91
"1573376f-772f-465b-aac3-37609c854807","e4825723-8197-4b1e-94ac-263c5d2887ab","D17","BIGC","BIGC.AOS.reaeration.station.01","BIGC_S1_20170627","2017-06-27T17:54Z",515,"2017-06-27T18:25:40Z",81.10,,15.23,,99.71,,100.46
"f8d28240-8ac8-4394-8a6f-26bb2590fb42","e4825723-8197-4b1e-94ac-263c5d2887ab","D17","BIGC","BIGC.AOS.reaeration.station.01","BIGC_S1_20170627","2017-06-27T17:54Z",1482,"2017-06-27T21:06:50Z",49.20,,22.31,,51.86,,52.02
"6b0b1e4e-eb94-4133-87a8-4822446da79b","e4825723-8197-4b1e-94ac-263c5d2887ab","D17","BIGC","BIGC.AOS.reaeration.station.01","BIGC_S1_20170627","2017-06-27T17:54Z",2400,"2017-06-27T23:39:50Z",55.10,,26.14,,53.93,,53.85
"f335f302-2b58-46b9-b62c-d370c3d97adf","e4825723-8197-4b1e-94ac-263c5d2887ab","D17","BIGC","BIGC.AOS.reaeration.station.01","BIGC_S1_20170627","2017-06-27T17:54Z",817,"2017-06-27T19:16:00Z",86.60,,16.26,,103.95,,104.72
"cef59184-208a-4fc5-bdf3-437c34b9f9e5","e4825723-8197-4b1e-94ac-263c5d2887ab","D17","BIGC","BIGC.AOS.reaeration.station.01","BIGC_S1_20170627","2017-06-27T17:54Z",394,"2017-06-27T18:05:30Z",80.70,,14.81,,100.20,,100.97
"2b3c6e84-223b-4708-bd73-bdc277194fc0","e4825723-8197-4b1e-94ac-263c5d2887ab","D17","BIGC","BIGC.AOS.reaeration.station.01","BIGC_S1_20170627","2017-06-27T17:54Z",429,"2017-06-27T18:11:20Z",80.80,,14.93,,100.04,,100.81
"77892a62-9c85-47e7-ae70-ff433a2558a1","e4825723-8197-4b1e-94ac-263c5d2887ab","D17","BIGC","BIGC.AOS.reaeration.station.01","BIGC_S1_20170627","2017-06-27T17:54Z",1015,"2017-06-27T19:49:00Z",87.00,,16.94,,102.83,,103.56
"62ef72b1-6de6-4d0b-bd18-f9d8677260be","e4825723-8197-4b1e-94ac-263c5d2887ab","D17","BIGC","BIGC.AOS.reaeration.station.01","BIGC_S1_20170627","2017-06-27T17:54Z",287,"2017-06-27T17:47:40Z",80.10,,14.65,,99.84,,100.60
"b46e4f3d-bcc9-43a2-864a-e22b2e6553dc","e4825723-8197-4b1e-94ac-263c5d2887ab","D17","BIGC","BIGC.AOS.reaeration.station.01","BIGC_S1_20170627","2017-06-27T17:54Z",2507,"2017-06-27T23:57:40Z",55.40,,26.18,,54.18,,54.10
"7c6481a0-de48-41e1-bfa7-7c5a1d2d23b8","e4825723-8197-4b1e-94ac-263c5d2887ab","D17","BIGC","BIGC.AOS.reaeration.station.01","BIGC_S1_20170627","2017-06-27T17:54Z",1510,"2017-06-27T21:11:30Z",49.60,,22.65,,51.93,,52.07
"b6e80d86-6cfc-454b-a6ca-5f9956527cc9","e4825723-8197-4b1e-94ac-263c5d2887ab","D17","BIGC","BIGC.AOS.reaeration.station.01","BIGC_S1_20170627","2017-06-27T17:54Z",1392,"2017-06-27T20:51:50Z",47.70,,20.79,,51.87,,52.10
"9d012bc7-6e68-4869-87f5-6bf59376341b","e4825723-8197-4b1e-94ac-263c5d2887ab","D17","BIGC","BIGC.AOS.reaeration.station.01","BIGC_S1_20170627","2017-06-27T17:54Z",2567,"2017-06-28T00:07:40Z",55.80,,26.18,,54.57,,54.49
"5227ce42-73e1-4c7a-90ee-9c1c2679a29a","e4825723-8197-4b1e-94ac-263c5d2887ab","D17","BIGC","BIGC.AOS.reaeration.station.01","BIGC_S1_20170627","2017-06-27T17:54Z",816,"2017-06-27T19:15:50Z",86.90,,16.24,,104.36,,105.13
"946df5e5-f191-4dab-a736-3760233accd6","e4825723-8197-4b1e-94ac-263c5d2887ab","D17","BIGC","BIGC.AOS.reaeration.station.01","BIGC_S1_20170627","2017-06-27T17:54Z",1110,"2017-06-27T20:04:50Z",89.10,,17.25,,104.58,,105.31
"2c5bf09c-5ff5-4d97-a3aa-a319e947b5c8","e4825723-8197-4b1e-94ac-263c5d2887ab","D17","BIGC","BIGC.AOS.reaeration.station.01","BIGC_S1_20170627","2017-06-27T17:54Z",108,"2017-06-27T17:17:50Z",79.60,,14.35,,99.93,,100.69
"cb00a0bc-10d8-4ce2-bfbe-39a75d0ca7d5","e4825723-8197-4b1e-94ac-263c5d2887ab","D17","BIGC","BIGC.AOS.reaeration.station.01","BIGC_S1_20170627","2017-06-27T17:54Z",211,"2017-06-27T17:35:00Z",80.00,,14.47,,100.14,,100.91
"ebbe1373-588e-4455-a4f4-0ee4c172a8e7","e4825723-8197-4b1e-94ac-263c5d2887ab","D17","BIGC","BIGC.AOS.reaeration.station.01","BIGC_S1_20170627","2017-06-27T17:54Z",707,"2017-06-27T18:57:40Z",86.30,,15.84,,104.60,,105.38
"b94bfbc9-66cc-4ac2-a101-82fc84279552","e4825723-8197-4b1e-94ac-263c5d2887ab","D17","BIGC","BIGC.AOS.reaeration.station.01","BIGC_S1_20170627","2017-06-27T17:54Z",1193,"2017-06-27T20:18:40Z",90.40,,17.51,,105.49,,106.21
"1a55dd9d-7297-44bd-a0a9-aff0b5f82462","e4825723-8197-4b1e-94ac-263c5d2887ab","D17","BIGC","BIGC.AOS.reaeration.station.01","BIGC_S1_20170627","2017-06-27T17:54Z",2579,"2017-06-28T00:09:40Z",56.00,,26.20,,54.75,,54.66
"b683345c-fc16-4348-bb63-299a77ba9f18","e4825723-8197-4b1e-94ac-263c5d2887ab","D17","BIGC","BIGC.AOS.reaeration.station.01","BIGC_S1_20170627","2017-06-27T17:54Z",1183,"2017-06-27T20:17:00Z",90.40,,17.49,,105.54,,106.26
"10acafdf-7336-4aea-9d70-e398411a01c6","e4825723-8197-4b1e-94ac-263c5d2887ab","D17","BIGC","BIGC.AOS.reaeration.station.01","BIGC_S1_20170627","2017-06-27T17:54Z",2205,"2017-06-27T23:07:20Z",54.60,,26.05,,53.53,,53.46
"c255403b-cc13-40cc-8eb5-444ac4fede9e","e4825723-8197-4b1e-94ac-263c5d2887ab","D17","BIGC","BIGC.AOS.reaeration.station.01","BIGC_S1_20170627","2017-06-27T17:54Z",2368,"2017-06-27T23:34:30Z",55.00,,26.09,,53.88,,53.80
"6efd9d55-4234-420a-a300-65bb7c6228f8","e4825723-8197-4b1e-94ac-263c5d2887ab","D17","BIGC","BIGC.AOS.reaeration.station.01","BIGC_S1_20170627","2017-06-27T17:54Z",1076,"2017-06-27T19:59:10Z",90.00,,17.14,,105.90,,106.64
"101ac3c9-a95a-4fc1-a08f-129ae81859c7","e4825723-8197-4b1e-94ac-263c5d2887ab","D17","BIGC","BIGC.AOS.reaeration.station.01","BIGC_S1_20170627","2017-06-27T17:54Z",540,"2017-06-27T18:29:50Z",81.70,,15.28,,100.33,,101.09
"c63d8b6b-0f69-4c7c-88ff-7de58fd0a7b9","e4825723-8197-4b1e-94ac-263c5d2887ab","D17","BIGC","BIGC.AOS.reaeration.station.01","BIGC_S1_20170627","2017-06-27T17:54Z",431,"2017-06-27T18:11:40Z",80.90,,14.92,,100.19,,100.96
"7499aec7-1630-47d1-9748-1d95ccbd074f","e4825723-8197-4b1e-94ac-263c5d2887ab","D17","BIGC","BIGC.AOS.reaeration.station.01","BIGC_S1_20170627","2017-06-27T17:54Z",1985,"2017-06-27T22:30:40Z",54.00,,26.14,,52.85,,52.77
"56ec673a-c5ad-4e0a-a64c-4819fbcc17a9","e4825723-8197-4b1e-94ac-263c5d2887ab","D17","BIGC","BIGC.AOS.reaeration.station.01","BIGC_S1_20170627","2017-06-27T17:54Z",2054,"2017-06-27T22:42:10Z",54.20,,26.11,,53.07,,53.00
"9da5487b-2234-4379-8e06-3f776ba64d21","e4825723-8197-4b1e-94ac-263c5d2887ab","D17","BIGC","BIGC.AOS.reaeration.station.01","BIGC_S1_20170627","2017-06-27T17:54Z",1696,"2017-06-27T21:42:30Z",51.80,,24.84,,51.96,,51.97
"1ab87881-59d1-4b5d-b3e6-5e33b19732a8","e4825723-8197-4b1e-94ac-263c5d2887ab","D17","BIGC","BIGC.AOS.reaeration.station.01","BIGC_S1_20170627","2017-06-27T17:54Z",959,"2017-06-27T19:39:40Z",85.40,,16.72,,101.44,,102.17
"0ad72cbe-42f3-4fa6-8d72-f6ffc8b9efdc","e4825723-8197-4b1e-94ac-263c5d2887ab","D17","BIGC","BIGC.AOS.reaeration.station.01","BIGC_S1_20170627","2017-06-27T17:54Z",886,"2017-06-27T19:27:30Z",87.20,,16.48,,104.15,,104.91
"f37f8278-12bf-49f5-a83b-76b10792b9d8","e4825723-8197-4b1e-94ac-263c5d2887ab","D17","BIGC","BIGC.AOS.reaeration.station.01","BIGC_S1_20170627","2017-06-27T17:54Z",1835,"2017-06-27T22:05:40Z",53.00,,25.75,,52.25,,52.20
"c4a024c3-d1bc-4a74-8daf-333fc2e49a7d","e4825723-8197-4b1e-94ac-263c5d2887ab","D17","BIGC","BIGC.AOS.reaeration.station.01","BIGC_S1_20170627","2017-06-27T17:54Z",124,"2017-06-27T17:20:30Z",79.80,,14.35,,100.18,,100.95
"809a11bb-c510-4dd7-b7a5-a3b2f46d510f","e4825723-8197-4b1e-94ac-263c5d2887ab","D17","BIGC","BIGC.AOS.reaeration.station.01","BIGC_S1_20170627","2017-06-27T17:54Z",1211,"2017-06-27T20:21:40Z",91.00,,17.56,,106.07,,106.79
"e8fbc9b5-a8b7-4ad5-bcd3-d0bd5ddde46d","e4825723-8197-4b1e-94ac-263c5d2887ab","D17","BIGC","BIGC.AOS.reaeration.station.01","BIGC_S1_20170627","2017-06-27T17:54Z",2434,"2017-06-27T23:45:30Z",55.20,,26.15,,54.01,,53.94
"af632ffc-1a1c-4b06-8be9-7fea0da65ce1","e4825723-8197-4b1e-94ac-263c5d2887ab","D17","BIGC","BIGC.AOS.reaeration.station.01","BIGC_S1_20170627","2017-06-27T17:54Z",92,"2017-06-27T17:15:10Z",79.60,,14.32,,100.00,,100.77
"78971830-b0f6-42fe-9ffb-8059dab58f97","e4825723-8197-4b1e-94ac-263c5d2887ab","D17","BIGC","BIGC.AOS.reaeration.station.01","BIGC_S1_20170627","2017-06-27T17:54Z",2606,"2017-06-28T00:13:50Z",54.40,,25.31,,54.08,,54.06
"1f45444f-1d80-4707-a858-0c2007569989","e4825723-8197-4b1e-94ac-263c5d2887ab","D17","BIGC","BIGC.AOS.reaeration.station.01","BIGC_S1_20170627","2017-06-27T17:54Z",2112,"2017-06-27T22:51:50Z",54.30,,26.09,,53.19,,53.12
"55c9a629-29c5-463b-ad45-d87cb91c81f4","e4825723-8197-4b1e-94ac-263c5d2887ab","D17","BIGC","BIGC.AOS.reaeration.station.01","BIGC_S1_20170627","2017-06-27T17:54Z",2413,"2017-06-27T23:42:00Z",55.10,,26.14,,53.93,,53.85
"0df1cd9a-2ce3-450f-93c4-7bd51e15ff84","e4825723-8197-4b1e-94ac-263c5d2887ab","D17","BIGC","BIGC.AOS.reaeration.station.01","BIGC_S1_20170627","2017-06-27T17:54Z",904,"2017-06-27T19:30:30Z",87.40,,16.53,,104.27,,105.02
"21128c0d-547d-477e-a743-dcf592e1af31","e4825723-8197-4b1e-94ac-263c5d2887ab","D17","BIGC","BIGC.AOS.reaeration.station.01","BIGC_S1_20170627","2017-06-27T17:54Z",284,"2017-06-27T17:47:10Z",80.10,,14.65,,99.84,,100.60
"aead0d22-ceef-4a82-a6af-6ae1382d3b1a","e4825723-8197-4b1e-94ac-263c5d2887ab","D17","BIGC","BIGC.AOS.reaeration.station.01","BIGC_S1_20170627","2017-06-27T17:54Z",2316,"2017-06-27T23:25:50Z",54.80,,26.05,,53.72,,53.65
"0a2b5891-afce-412c-b3a2-d31ed6d36133","e4825723-8197-4b1e-94ac-263c5d2887ab","D17","BIGC","BIGC.AOS.reaeration.station.01","BIGC_S1_20170627","2017-06-27T17:54Z",402,"2017-06-27T18:06:50Z",80.60,,14.85,,99.98,,100.75
"819fe7bc-7b09-4819-b3fb-c6a47adfabb8","e4825723-8197-4b1e-94ac-263c5d2887ab","D17","BIGC","BIGC.AOS.reaeration.station.01","BIGC_S1_20170627","2017-06-27T17:54Z",1348,"2017-06-27T20:44:30Z",46.00,,19.62,,51.27,,51.55
"a52784d6-7b9f-48de-b782-06205727762a","e4825723-8197-4b1e-94ac-263c5d2887ab","D17","BIGC","BIGC.AOS.reaeration.station.01","BIGC_S1_20170627","2017-06-27T17:54Z",1995,"2017-06-27T22:32:20Z",54.00,,26.14,,52.85,,52.77
"b470dacb-0a42-40fe-b454-c7ccff9ac1f7","e4825723-8197-4b1e-94ac-263c5d2887ab","D17","BIGC","BIGC.AOS.reaeration.station.01","BIGC_S1_20170627","2017-06-27T17:54Z",2552,"2017-06-28T00:05:10Z",55.70,,26.17,,54.48,,54.40
"0da918d5-bd30-4b46-b3ae-5c3abcde0d14","e4825723-8197-4b1e-94ac-263c5d2887ab","D17","BIGC","BIGC.AOS.reaeration.station.01","BIGC_S1_20170627","2017-06-27T17:54Z",1261,"2017-06-27T20:30:00Z",87.80,,17.69,,102.05,,102.73
"cf1f03e5-6258-4c4f-bbca-0fc5c1027f55","e4825723-8197-4b1e-94ac-263c5d2887ab","D17","BIGC","BIGC.AOS.reaeration.station.01","BIGC_S1_20170627","2017-06-27T17:54Z",1443,"2017-06-27T21:00:20Z",48.80,,21.76,,52.02,,52.21
"b5d07888-27d7-4c14-a352-02a94dd2f635","e4825723-8197-4b1e-94ac-263c5d2887ab","D17","BIGC","BIGC.AOS.reaeration.station.01","BIGC_S1_20170627","2017-06-27T17:54Z",914,"2017-06-27T19:32:10Z",87.40,,16.56,,104.20,,104.95
"c95fe9c5-2022-4f16-a0de-07041a487dc8","e4825723-8197-4b1e-94ac-263c5d2887ab","D17","BIGC","BIGC.AOS.reaeration.station.01","BIGC_S1_20170627","2017-06-27T17:54Z",1413,"2017-06-27T20:55:20Z",48.30,,21.23,,52.05,,52.26
"9b952650-756d-4644-97ba-f0283cde4722","e4825723-8197-4b1e-94ac-263c5d2887ab","D17","BIGC","BIGC.AOS.reaeration.station.01","BIGC_S1_20170627","2017-06-27T17:54Z",1883,"2017-06-27T22:13:40Z",53.40,,25.98,,52.42,,52.35
"fe8ba7ff-e860-48b2-8a85-de81af530f1a","e4825723-8197-4b1e-94ac-263c5d2887ab","D17","BIGC","BIGC.AOS.reaeration.station.01","BIGC_S1_20170627","2017-06-27T17:54Z",697,"2017-06-27T18:56:00Z",86.30,,15.84,,104.60,,105.38
"e3b97a0d-090a-454e-b7da-a59d6a85378c","e4825723-8197-4b1e-94ac-263c5d2887ab","D17","BIGC","BIGC.AOS.reaeration.station.01","BIGC_S1_20170627","2017-06-27T17:54Z",638,"2017-06-27T18:46:10Z",85.20,,15.59,,103.87,,104.65
"c8fa54b7-d7a5-472b-a3df-ad4a3534499b","e4825723-8197-4b1e-94ac-263c5d2887ab","D17","BIGC","BIGC.AOS.reaeration.station.01","BIGC_S1_20170627","2017-06-27T17:54Z",2182,"2017-06-27T23:03:30Z",54.50,,26.06,,53.42,,53.35
"f6cd21d1-0bc4-4105-bd24-d067dddfc6c1","e4825723-8197-4b1e-94ac-263c5d2887ab","D17","BIGC","BIGC.AOS.reaeration.station.01","BIGC_S1_20170627","2017-06-27T17:54Z",426,"2017-06-27T18:10:50Z",80.90,,14.93,,100.17,,100.93
"5547815e-e856-4f9a-8645-926766eb03d1","e4825723-8197-4b1e-94ac-263c5d2887ab","D17","BIGC","BIGC.AOS.reaeration.station.01","BIGC_S1_20170627","2017-06-27T17:54Z",279,"2017-06-27T17:46:20Z",80.20,,14.59,,100.10,,100.87
"3fdd73ae-ad08-4264-bba4-75b63ffe57e2","e4825723-8197-4b1e-94ac-263c5d2887ab","D17","BIGC","BIGC.AOS.reaeration.station.01","BIGC_S1_20170627","2017-06-27T17:54Z",25,"2017-06-27T17:04:00Z",79.50,,14.20,,100.16,,100.93
"a31c31c3-9f6a-4cbe-b384-5d806a9ce0fe","e4825723-8197-4b1e-94ac-263c5d2887ab","D17","BIGC","BIGC.AOS.reaeration.station.01","BIGC_S1_20170627","2017-06-27T17:54Z",2582,"2017-06-28T00:10:10Z",56.00,,26.20,,54.75,,54.66
"6a5f5db4-7838-453b-927b-4a148c304eb0","e4825723-8197-4b1e-94ac-263c5d2887ab","D17","BIGC","BIGC.AOS.reaeration.station.01","BIGC_S1_20170627","2017-06-27T17:54Z",1738,"2017-06-27T21:49:30Z",52.20,,25.16,,52.04,,52.03
"eb922164-aeb1-44db-a7be-2fe898113f20","e4825723-8197-4b1e-94ac-263c5d2887ab","D17","BIGC","BIGC.AOS.reaeration.station.01","BIGC_S1_20170627","2017-06-27T17:54Z",122,"2017-06-27T17:20:10Z",79.70,,14.36,,100.03,,100.80
"7293c911-52ff-40b0-82bf-d757951938d2","e4825723-8197-4b1e-94ac-263c5d2887ab","D17","BIGC","BIGC.AOS.reaeration.station.01","BIGC_S1_20170627","2017-06-27T17:54Z",2122,"2017-06-27T22:53:30Z",54.40,,26.09,,53.29,,53.22
"e9e28708-431b-47c8-b787-d2b4188c090e","e4825723-8197-4b1e-94ac-263c5d2887ab","D17","BIGC","BIGC.AOS.reaeration.station.01","BIGC_S1_20170627","2017-06-27T17:54Z",695,"2017-06-27T18:55:40Z",86.10,,15.82,,104.41,,105.19
"e59048f1-a667-4e48-aa12-c34891a124be","e4825723-8197-4b1e-94ac-263c5d2887ab","D17","BIGC","BIGC.AOS.reaeration.station.01","BIGC_S1_20170627","2017-06-27T17:54Z",383,"2017-06-27T18:03:40Z",80.80,,14.73,,100.52,,101.29
"5778ab3d-028e-4ead-874c-ee760d11bb91","e4825723-8197-4b1e-94ac-263c5d2887ab","D17","BIGC","BIGC.AOS.reaeration.station.01","BIGC_S1_20170627","2017-06-27T17:54Z",2099,"2017-06-27T22:49:40Z",54.20,,26.10,,53.08,,53.01
"0c3893ec-7ed1-4a2b-9089-97996416623d","e4825723-8197-4b1e-94ac-263c5d2887ab","D17","BIGC","BIGC.AOS.reaeration.station.01","BIGC_S1_20170627","2017-06-27T17:54Z",501,"2017-06-27T18:23:20Z",81.40,,15.09,,100.40,,101.17
"6feb0065-25ac-4f40-b906-e131441f759d","e4825723-8197-4b1e-94ac-263c5d2887ab","D17","BIGC","BIGC.AOS.reaeration.station.01","BIGC_S1_20170627","2017-06-27T17:54Z",203,"2017-06-27T17:33:40Z",80.10,,14.45,,100.31,,101.08
"7511d126-4fd9-4b06-96c4-8901aa9b7ba1","e4825723-8197-4b1e-94ac-263c5d2887ab","D17","BIGC","BIGC.AOS.reaeration.station.01","BIGC_S1_20170627","2017-06-27T17:54Z",1449,"2017-06-27T21:01:20Z",48.90,,21.85,,52.03,,52.21
"9b8ef19d-61c8-4fe8-af6a-3f257030e9ae","e4825723-8197-4b1e-94ac-263c5d2887ab","D17","BIGC","BIGC.AOS.reaeration.station.01","BIGC_S1_20170627","2017-06-27T17:54Z",349,"2017-06-27T17:58:00Z",80.50,,14.68,,100.26,,101.03
"0fb1b97a-29a4-4a76-8746-3bb2712968a9","e4825723-8197-4b1e-94ac-263c5d2887ab","D17","BIGC","BIGC.AOS.reaeration.station.01","BIGC_S1_20170627","2017-06-27T17:54Z",2204,"2017-06-27T23:07:10Z",54.60,,26.05,,53.53,,53.46
"89f60fef-79b5-4963-9f7f-77dbbbb916e1","e4825723-8197-4b1e-94ac-263c5d2887ab","D17","BIGC","BIGC.AOS.reaeration.station.01","BIGC_S1_20170627","2017-06-27T17:54Z",1002,"2017-06-27T19:46:50Z",86.10,,16.88,,101.90,,102.63
"e105fe6f-4c53-4d0f-a3bf-77a64419f305","e4825723-8197-4b1e-94ac-263c5d2887ab","D17","BIGC","BIGC.AOS.reaeration.station.01","BIGC_S1_20170627","2017-06-27T17:54Z",1213,"2017-06-27T20:22:00Z",90.70,,17.56,,105.72,,106.44
"27fefcef-515f-4229-9f69-383e549d23eb","e4825723-8197-4b1e-94ac-263c5d2887ab","D17","BIGC","BIGC.AOS.reaeration.station.01","BIGC_S1_20170627","2017-06-27T17:54Z",1056,"2017-06-27T19:55:50Z",88.70,,17.06,,104.56,,105.29
"7b1d866a-5c88-4e27-a092-fae342b91f4d","e4825723-8197-4b1e-94ac-263c5d2887ab","D17","BIGC","BIGC.AOS.reaeration.station.01","BIGC_S1_20170627","2017-06-27T17:54Z",166,"2017-06-27T17:27:30Z",79.90,,14.41,,100.16,,100.93
"73d5f728-d63d-4dcd-bacd-92d8fd45440b","e4825723-8197-4b1e-94ac-263c5d2887ab","D17","BIGC","BIGC.AOS.reaeration.station.01","BIGC_S1_20170627","2017-06-27T17:54Z",1653,"2017-06-27T21:35:20Z",51.30,,24.36,,51.93,,51.97
"e8280eed-4fdc-49b8-bece-645c19887037","e4825723-8197-4b1e-94ac-263c5d2887ab","D17","BIGC","BIGC.AOS.reaeration.station.01","BIGC_S1_20170627","2017-06-27T17:54Z",548,"2017-06-27T18:31:10Z",81.80,,15.30,,100.40,,101.16
"5da217fd-e5cf-4ebe-8714-6f133954755b","e4825723-8197-4b1e-94ac-263c5d2887ab","D17","BIGC","BIGC.AOS.reaeration.station.01","BIGC_S1_20170627","2017-06-27T17:54Z",946,"2017-06-27T19:37:30Z",86.30,,16.68,,102.61,,103.34
"4fdb9468-764b-4fb0-a2b6-7a2905152dcd","e4825723-8197-4b1e-94ac-263c5d2887ab","D17","BIGC","BIGC.AOS.reaeration.station.01","BIGC_S1_20170627","2017-06-27T17:54Z",741,"2017-06-27T19:03:20Z",86.50,,15.98,,104.50,,105.28
"b456acc3-15c2-4b7e-a9d2-9e7c1b2526ca","e4825723-8197-4b1e-94ac-263c5d2887ab","D17","BIGC","BIGC.AOS.reaeration.station.01","BIGC_S1_20170627","2017-06-27T17:54Z",1927,"2017-06-27T22:21:00Z",53.70,,26.09,,52.60,,52.53
"a836e415-c395-4ccd-b0a0-308a25989f3f","e4825723-8197-4b1e-94ac-263c5d2887ab","D17","BIGC","BIGC.AOS.reaeration.station.01","BIGC_S1_20170627","2017-06-27T17:54Z",1728,"2017-06-27T21:47:50Z",52.00,,25.12,,51.88,,51.87
"51555254-d2ae-4d4e-93f1-329653089ecf","e4825723-8197-4b1e-94ac-263c5d2887ab","D17","BIGC","BIGC.AOS.reaeration.station.01","BIGC_S1_20170627","2017-06-27T17:54Z",1988,"2017-06-27T22:31:10Z",53.90,,26.14,,52.75,,52.68
"8938cb37-fb3c-427b-a82c-62ac7a90fe1c","e4825723-8197-4b1e-94ac-263c5d2887ab","D17","BIGC","BIGC.AOS.reaeration.station.01","BIGC_S1_20170627","2017-06-27T17:54Z",326,"2017-06-27T17:54:10Z",80.30,,14.65,,100.09,,100.85
"709681ee-979f-419d-b367-f6efe395985e","e4825723-8197-4b1e-94ac-263c5d2887ab","D17","BIGC","BIGC.AOS.reaeration.station.01","BIGC_S1_20170627","2017-06-27T17:54Z",2372,"2017-06-27T23:35:10Z",55.00,,26.10,,53.87,,53.79
"9cfdfa0d-c7c9-470a-9724-ba1b21d75321","e4825723-8197-4b1e-94ac-263c5d2887ab","D17","BIGC","BIGC.AOS.reaeration.station.01","BIGC_S1_20170627","2017-06-27T17:54Z",2517,"2017-06-27T23:59:20Z",55.40,,26.18,,54.18,,54.10
"63d48f6f-aece-4ff7-821a-e41afc220e38","e4825723-8197-4b1e-94ac-263c5d2887ab","D17","BIGC","BIGC.AOS.reaeration.station.01","BIGC_S1_20170627","2017-06-27T17:54Z",1715,"2017-06-27T21:45:40Z",51.90,,25.02,,51.88,,51.88
"4348a0dc-4f6b-4505-b570-36f82aa6627d","e4825723-8197-4b1e-94ac-263c5d2887ab","D17","BIGC","BIGC.AOS.reaeration.station.01","BIGC_S1_20170627","2017-06-27T17:54Z",2404,"2017-06-27T23:40:30Z",55.20,,26.14,,54.02,,53.95
"16118ed4-fac4-45a0-87ad-987743e84838","e4825723-8197-4b1e-94ac-263c5d2887ab","D17","BIGC","BIGC.AOS.reaeration.station.01","BIGC_S1_20170627","2017-06-27T17:54Z",671,"2017-06-27T18:51:40Z",86.00,,15.71,,104.55,,105.34
"8168d0ba-049c-4552-ad20-4ec8df56f33b","e4825723-8197-4b1e-94ac-263c5d2887ab","D17","BIGC","BIGC.AOS.reaeration.station.01","BIGC_S1_20170627","2017-06-27T17:54Z",2005,"2017-06-27T22:34:00Z",54.20,,26.14,,53.04,,52.97
"79655d43-20a3-4841-bed5-1f9f4fd49c55","e4825723-8197-4b1e-94ac-263c5d2887ab","D17","BIGC","BIGC.AOS.reaeration.station.01","BIGC_S1_20170627","2017-06-27T17:54Z",1644,"2017-06-27T21:33:50Z",51.20,,24.25,,51.94,,51.99
"3731f655-6a83-4585-a4be-34815720289a","e4825723-8197-4b1e-94ac-263c5d2887ab","D17","BIGC","BIGC.AOS.reaeration.station.01","BIGC_S1_20170627","2017-06-27T17:54Z",2538,"2017-06-28T00:02:50Z",55.60,,26.18,,54.37,,54.29
"3f6252e7-3bda-4453-b464-f8d513886e33","e4825723-8197-4b1e-94ac-263c5d2887ab","D17","BIGC","BIGC.AOS.reaeration.station.01","BIGC_S1_20170627","2017-06-27T17:54Z",2585,"2017-06-28T00:10:40Z",56.00,,26.17,,54.78,,54.70
"69a90d50-c57d-4167-99bb-7ae5a311810e","e4825723-8197-4b1e-94ac-263c5d2887ab","D17","BIGC","BIGC.AOS.reaeration.station.01","BIGC_S1_20170627","2017-06-27T17:54Z",712,"2017-06-27T18:58:30Z",86.50,,15.87,,104.77,,105.55
"eecf013b-e9b2-4708-b303-56bc92821085","e4825723-8197-4b1e-94ac-263c5d2887ab","D17","BIGC","BIGC.AOS.reaeration.station.01","BIGC_S1_20170627","2017-06-27T17:54Z",490,"2017-06-27T18:21:30Z",81.30,,15.08,,100.30,,101.07
"f86ffadb-aedd-4f82-91c0-d33a65555e45","e4825723-8197-4b1e-94ac-263c5d2887ab","D17","BIGC","BIGC.AOS.reaeration.station.01","BIGC_S1_20170627","2017-06-27T17:54Z",1998,"2017-06-27T22:32:50Z",54.10,,26.14,,52.95,,52.87
"f1527903-d845-4d50-b0dd-409adec8afde","e4825723-8197-4b1e-94ac-263c5d2887ab","D17","BIGC","BIGC.AOS.reaeration.station.01","BIGC_S1_20170627","2017-06-27T17:54Z",271,"2017-06-27T17:45:00Z",80.10,,14.60,,99.96,,100.72
"559006be-9e99-405f-a20a-d4f9a78532a7","e4825723-8197-4b1e-94ac-263c5d2887ab","D17","BIGC","BIGC.AOS.reaeration.station.01","BIGC_S1_20170627","2017-06-27T17:54Z",1486,"2017-06-27T21:07:30Z",49.30,,22.37,,51.91,,52.06
"19536482-7d6a-4e26-ad7f-5b38243e296c","e4825723-8197-4b1e-94ac-263c5d2887ab","D17","BIGC","BIGC.AOS.reaeration.station.01","BIGC_S1_20170627","2017-06-27T17:54Z",790,"2017-06-27T19:11:30Z",87.10,,16.16,,104.79,,105.57
"b428cbab-bc09-4696-8385-f4a6a0e11b71","e4825723-8197-4b1e-94ac-263c5d2887ab","D17","BIGC","BIGC.AOS.reaeration.station.01","BIGC_S1_20170627","2017-06-27T17:54Z",2383,"2017-06-27T23:37:00Z",55.00,,26.11,,53.86,,53.78
"63f61b9a-cc4a-447e-ab9f-5c910545ca0a","e4825723-8197-4b1e-94ac-263c5d2887ab","D17","BIGC","BIGC.AOS.reaeration.station.01","BIGC_S1_20170627","2017-06-27T17:54Z",641,"2017-06-27T18:46:40Z",83.00,,15.66,,101.02,,101.78
"6cb3d969-3588-48cf-99b9-4849583e7063","e4825723-8197-4b1e-94ac-263c5d2887ab","D17","BIGC","BIGC.AOS.reaeration.station.01","BIGC_S1_20170627","2017-06-27T17:54Z",1732,"2017-06-27T21:48:30Z",51.70,,25.14,,51.56,,51.55
"781ebe28-e4a0-43b9-ac35-8e4daa1e978f","e4825723-8197-4b1e-94ac-263c5d2887ab","D17","BIGC","BIGC.AOS.reaeration.station.01","BIGC_S1_20170627","2017-06-27T17:54Z",855,"2017-06-27T19:22:20Z",87.10,,16.38,,104.27,,105.03
"336b9f07-6337-4e04-b2a5-23ac0ea437d7","e4825723-8197-4b1e-94ac-263c5d2887ab","D17","BIGC","BIGC.AOS.reaeration.station.01","BIGC_S1_20170627","2017-06-27T17:54Z",1795,"2017-06-27T21:59:00Z",52.50,,25.49,,52.01,,51.98
"b63dc5b8-146f-4541-b5af-fc12bae5c9de","e4825723-8197-4b1e-94ac-263c5d2887ab","D17","BIGC","BIGC.AOS.reaeration.station.01","BIGC_S1_20170627","2017-06-27T17:54Z",1673,"2017-06-27T21:38:40Z",51.50,,24.59,,51.91,,51.93
"c5b77b0a-5f72-40de-b989-f22bd4785929","e4825723-8197-4b1e-94ac-263c5d2887ab","D17","BIGC","BIGC.AOS.reaeration.station.01","BIGC_S1_20170627","2017-06-27T17:54Z",1072,"2017-06-27T19:58:30Z",89.40,,17.12,,105.24,,105.98
"1db54143-0f37-4e48-bcdc-1d6be7a8bd17","e4825723-8197-4b1e-94ac-263c5d2887ab","D17","BIGC","BIGC.AOS.reaeration.station.01","BIGC_S1_20170627","2017-06-27T17:54Z",115,"2017-06-27T17:19:00Z",79.60,,14.38,,99.85,,100.62
"21daaefb-01c3-4985-88a3-0b31cf07928a","e4825723-8197-4b1e-94ac-263c5d2887ab","D17","BIGC","BIGC.AOS.reaeration.station.01","BIGC_S1_20170627","2017-06-27T17:54Z",2020,"2017-06-27T22:36:30Z",53.90,,26.14,,52.75,,52.68
"5c659618-12c3-43bd-b34f-53e1cd2a47dd","e4825723-8197-4b1e-94ac-263c5d2887ab","D17","BIGC","BIGC.AOS.reaeration.station.01","BIGC_S1_20170627","2017-06-27T17:54Z",986,"2017-06-27T19:44:10Z",86.40,,16.82,,102.40,,103.13
"216063aa-afa3-4458-adb4-6048a4405d3d","e4825723-8197-4b1e-94ac-263c5d2887ab","D17","BIGC","BIGC.AOS.reaeration.station.01","BIGC_S1_20170627","2017-06-27T17:54Z",2269,"2017-06-27T23:18:00Z",54.90,,26.05,,53.82,,53.75
"82d197a2-7fed-4f9b-ae9c-81c6206a2a94","e4825723-8197-4b1e-94ac-263c5d2887ab","D17","BIGC","BIGC.AOS.reaeration.station.01","BIGC_S1_20170627","2017-06-27T17:54Z",1854,"2017-06-27T22:08:50Z",53.10,,25.85,,52.25,,52.20
"13a48861-dc0c-4449-9a6d-40044113081d","e4825723-8197-4b1e-94ac-263c5d2887ab","D17","BIGC","BIGC.AOS.reaeration.station.01","BIGC_S1_20170627","2017-06-27T17:54Z",1579,"2017-06-27T21:23:00Z",50.30,,23.33,,51.96,,52.06
"6de43e76-542d-4fc8-9ca0-2eb9a866addd","e4825723-8197-4b1e-94ac-263c5d2887ab","D17","BIGC","BIGC.AOS.reaeration.station.01","BIGC_S1_20170627","2017-06-27T17:54Z",195,"2017-06-27T17:32:20Z",79.90,,14.48,,99.99,,100.76
"1aac10a0-dcd9-4d04-9198-2f8bf38f77f2","e4825723-8197-4b1e-94ac-263c5d2887ab","D17","BIGC","BIGC.AOS.reaeration.station.01","BIGC_S1_20170627","2017-06-27T17:54Z",99,"2017-06-27T17:16:20Z",79.90,,14.25,,100.54,,101.32
"d9615c31-f37b-4c17-883e-6368fed735f6","e4825723-8197-4b1e-94ac-263c5d2887ab","D17","BIGC","BIGC.AOS.reaeration.station.01","BIGC_S1_20170627","2017-06-27T17:54Z",1599,"2017-06-27T21:26:20Z",50.50,,23.62,,51.87,,51.95
"9e8043e5-9e9b-4fd8-a32a-0de7c0249a16","e4825723-8197-4b1e-94ac-263c5d2887ab","D17","BIGC","BIGC.AOS.reaeration.station.01","BIGC_S1_20170627","2017-06-27T17:54Z",2253,"2017-06-27T23:15:20Z",54.70,,26.05,,53.62,,53.55
"fc6dc3cd-47b5-49ca-ab3e-0eee461ed8a7","e4825723-8197-4b1e-94ac-263c5d2887ab","D17","BIGC","BIGC.AOS.reaeration.station.01","BIGC_S1_20170627","2017-06-27T17:54Z",2405,"2017-06-27T23:40:40Z",55.10,,26.14,,53.93,,53.85
"5d9e4f5c-d777-4d17-b75c-e7aea152d22b","e4825723-8197-4b1e-94ac-263c5d2887ab","D17","BIGC","BIGC.AOS.reaeration.station.01","BIGC_S1_20170627","2017-06-27T17:54Z",992,"2017-06-27T19:45:10Z",86.60,,16.84,,102.59,,103.32
"3a2965e4-8fdb-47ac-b3a8-78ec95ca713c","e4825723-8197-4b1e-94ac-263c5d2887ab","D17","BIGC","BIGC.AOS.reaeration.station.01","BIGC_S1_20170627","2017-06-27T17:54Z",1880,"2017-06-27T22:13:10Z",53.30,,25.97,,52.33,,52.27
"91e3bfc6-e687-42b3-a158-46f4878778bf","e4825723-8197-4b1e-94ac-263c5d2887ab","D17","BIGC","BIGC.AOS.reaeration.station.01","BIGC_S1_20170627","2017-06-27T17:54Z",1891,"2017-06-27T22:15:00Z",53.40,,26.00,,52.40,,52.33
"74242d4a-e134-42db-9116-0a03955364ea","e4825723-8197-4b1e-94ac-263c5d2887ab","D17","BIGC","BIGC.AOS.reaeration.station.01","BIGC_S1_20170627","2017-06-27T17:54Z",765,"2017-06-27T19:07:20Z",87.00,,16.06,,104.91,,105.69
"3270d6b7-e899-4fc6-a199-e76f5be87524","e4825723-8197-4b1e-94ac-263c5d2887ab","D17","BIGC","BIGC.AOS.reaeration.station.01","BIGC_S1_20170627","2017-06-27T17:54Z",535,"2017-06-27T18:29:00Z",81.70,,15.24,,100.42,,101.18
"243c29e2-cb68-4a31-8b42-7ffbec890ab0","e4825723-8197-4b1e-94ac-263c5d2887ab","D17","BIGC","BIGC.AOS.reaeration.station.01","BIGC_S1_20170627","2017-06-27T17:54Z",1973,"2017-06-27T22:28:40Z",53.90,,26.14,,52.75,,52.68
"10f3e244-c33f-4260-a7dd-d79343189522","e4825723-8197-4b1e-94ac-263c5d2887ab","D17","BIGC","BIGC.AOS.reaeration.station.01","BIGC_S1_20170627","2017-06-27T17:54Z",2045,"2017-06-27T22:40:40Z",54.10,,26.12,,52.97,,52.89
"0195b1ec-e503-4c95-bbc5-9e4da3745c47","e4825723-8197-4b1e-94ac-263c5d2887ab","D17","BIGC","BIGC.AOS.reaeration.station.01","BIGC_S1_20170627","2017-06-27T17:54Z",367,"2017-06-27T18:01:00Z",80.50,,14.75,,100.10,,100.86
"971e981c-4a0f-49a9-92a0-670d461512d3","e4825723-8197-4b1e-94ac-263c5d2887ab","D17","BIGC","BIGC.AOS.reaeration.station.01","BIGC_S1_20170627","2017-06-27T17:54Z",421,"2017-06-27T18:10:00Z",80.90,,14.90,,100.24,,101.00
"abff1f1a-1dfd-4161-a92d-dd93384bb097","e4825723-8197-4b1e-94ac-263c5d2887ab","D17","BIGC","BIGC.AOS.reaeration.station.01","BIGC_S1_20170627","2017-06-27T17:54Z",936,"2017-06-27T19:35:50Z",86.00,,16.64,,102.34,,103.08
"d93c034f-2b29-4b47-8dcb-a21a14908fc2","e4825723-8197-4b1e-94ac-263c5d2887ab","D17","BIGC","BIGC.AOS.reaeration.station.01","BIGC_S1_20170627","2017-06-27T17:54Z",1950,"2017-06-27T22:24:50Z",53.90,,26.14,,52.75,,52.68
"51ad916a-2539-47c3-af33-5a6fa48795a7","e4825723-8197-4b1e-94ac-263c5d2887ab","D17","BIGC","BIGC.AOS.reaeration.station.01","BIGC_S1_20170627","2017-06-27T17:54Z",1346,"2017-06-27T20:44:10Z",46.10,,19.68,,51.31,,51.59
"1baa3fe7-c4c6-4db0-9d47-0504619d2a36","e4825723-8197-4b1e-94ac-263c5d2887ab","D17","BIGC","BIGC.AOS.reaeration.station.01","BIGC_S1_20170627","2017-06-27T17:54Z",615,"2017-06-27T18:42:20Z",82.30,,15.53,,100.47,,101.23
"3350ff84-8166-4966-a8ac-3e0ca67e09ca","e4825723-8197-4b1e-94ac-263c5d2887ab","D17","BIGC","BIGC.AOS.reaeration.station.01","BIGC_S1_20170627","2017-06-27T17:54Z",2124,"2017-06-27T22:53:50Z",54.30,,26.09,,53.19,,53.12
"160f35a8-23cf-4947-8605-412b9b291b41","e4825723-8197-4b1e-94ac-263c5d2887ab","D17","BIGC","BIGC.AOS.reaeration.station.01","BIGC_S1_20170627","2017-06-27T17:54Z",1000,"2017-06-27T19:46:30Z",86.10,,16.86,,101.95,,102.68
"94c726f0-2d13-44f5-9f63-e6028042474e","e4825723-8197-4b1e-94ac-263c5d2887ab","D17","BIGC","BIGC.AOS.reaeration.station.01","BIGC_S1_20170627","2017-06-27T17:54Z",2460,"2017-06-27T23:49:50Z",55.30,,26.16,,54.10,,54.02
"a7ce5460-142f-49cc-bc5b-29c3b391ec5a","e4825723-8197-4b1e-94ac-263c5d2887ab","D17","BIGC","BIGC.AOS.reaeration.station.01","BIGC_S1_20170627","2017-06-27T17:54Z",1675,"2017-06-27T21:39:00Z",51.60,,24.61,,51.99,,52.01
"9b367dd6-9368-42db-9bd2-5d0f908a4f15","e4825723-8197-4b1e-94ac-263c5d2887ab","D17","BIGC","BIGC.AOS.reaeration.station.01","BIGC_S1_20170627","2017-06-27T17:54Z",2420,"2017-06-27T23:43:10Z",55.20,,26.14,,54.02,,53.95
"eda92c36-27eb-4a0a-8d1a-1da819a8bf84","e4825723-8197-4b1e-94ac-263c5d2887ab","D17","BIGC","BIGC.AOS.reaeration.station.01","BIGC_S1_20170627","2017-06-27T17:54Z",987,"2017-06-27T19:44:20Z",86.20,,16.82,,102.16,,102.89
"c2bbc20d-4dd2-4d69-96c6-e13d51cf2b2f","e4825723-8197-4b1e-94ac-263c5d2887ab","D17","BIGC","BIGC.AOS.reaeration.station.01","BIGC_S1_20170627","2017-06-27T17:54Z",187,"2017-06-27T17:31:00Z",79.90,,14.49,,99.97,,100.74
"48387d62-6b1e-4898-897f-dcd4a3f63b1c","e4825723-8197-4b1e-94ac-263c5d2887ab","D17","BIGC","BIGC.AOS.reaeration.station.01","BIGC_S1_20170627","2017-06-27T17:54Z",2602,"2017-06-28T00:13:30Z",53.90,,25.19,,53.71,,53.69
"6c2cf818-0cb1-4236-b34a-78240baad902","e4825723-8197-4b1e-94ac-263c5d2887ab","D17","BIGC","BIGC.AOS.reaeration.station.01","BIGC_S1_20170627","2017-06-27T17:54Z",520,"2017-06-27T18:26:30Z",81.30,,15.26,,99.88,,100.64
"34f86276-a652-4382-91c0-53415abc49da","e4825723-8197-4b1e-94ac-263c5d2887ab","D17","BIGC","BIGC.AOS.reaeration.station.01","BIGC_S1_20170627","2017-06-27T17:54Z",1203,"2017-06-27T20:20:20Z",91.10,,17.55,,106.21,,106.94
"fabcad98-9571-4444-8b32-56f8380badd5","e4825723-8197-4b1e-94ac-263c5d2887ab","D17","BIGC","BIGC.AOS.reaeration.station.01","BIGC_S1_20170627","2017-06-27T17:54Z",2252,"2017-06-27T23:15:10Z",54.70,,26.05,,53.62,,53.55
"7723d3cc-1357-4be1-9ddb-a3bb1b643dcb","e4825723-8197-4b1e-94ac-263c5d2887ab","D17","BIGC","BIGC.AOS.reaeration.station.01","BIGC_S1_20170627","2017-06-27T17:54Z",981,"2017-06-27T19:43:20Z",84.80,,16.80,,100.55,,101.27
"5752e432-1a6c-485d-a813-1f95199eab39","e4825723-8197-4b1e-94ac-263c5d2887ab","D17","BIGC","BIGC.AOS.reaeration.station.01","BIGC_S1_20170627","2017-06-27T17:54Z",1711,"2017-06-27T21:45:00Z",51.80,,24.99,,51.81,,51.81
"4ba3c2c6-06b0-4ce9-b84d-6f82775d14bd","e4825723-8197-4b1e-94ac-263c5d2887ab","D17","BIGC","BIGC.AOS.reaeration.station.01","BIGC_S1_20170627","2017-06-27T17:54Z",2440,"2017-06-27T23:46:30Z",55.20,,26.16,,54.00,,53.92
"6a80f070-dd77-4e7a-ac14-8392360fa7f0","e4825723-8197-4b1e-94ac-263c5d2887ab","D17","BIGC","BIGC.AOS.reaeration.station.01","BIGC_S1_20170627","2017-06-27T17:54Z",227,"2017-06-27T17:37:40Z",80.10,,14.49,,100.22,,100.99
"3315b484-d34a-4c98-ac62-78489e137cfe","e4825723-8197-4b1e-94ac-263c5d2887ab","D17","BIGC","BIGC.AOS.reaeration.station.01","BIGC_S1_20170627","2017-06-27T17:54Z",2334,"2017-06-27T23:28:50Z",54.90,,26.05,,53.82,,53.75
"53bef6f5-c1ca-40a9-aaf8-428b5a85c49c","e4825723-8197-4b1e-94ac-263c5d2887ab","D17","BIGC","BIGC.AOS.reaeration.station.01","BIGC_S1_20170627","2017-06-27T17:54Z",8,"2017-06-27T17:01:10Z",79.40,,14.21,,100.01,,100.78
"b21c9390-c2c2-4992-aca9-5fc266c6c410","e4825723-8197-4b1e-94ac-263c5d2887ab","D17","BIGC","BIGC.AOS.reaeration.station.01","BIGC_S1_20170627","2017-06-27T17:54Z",196,"2017-06-27T17:32:30Z",80.00,,14.45,,100.19,,100.96
"82f0b395-4425-47e1-8a63-754d6cf2b092","e4825723-8197-4b1e-94ac-263c5d2887ab","D17","BIGC","BIGC.AOS.reaeration.station.01","BIGC_S1_20170627","2017-06-27T17:54Z",1096,"2017-06-27T20:02:30Z",89.80,,17.21,,105.50,,106.23
"1d03c066-12e7-4905-a91b-efea8bcd1ec1","e4825723-8197-4b1e-94ac-263c5d2887ab","D17","BIGC","BIGC.AOS.reaeration.station.01","BIGC_S1_20170627","2017-06-27T17:54Z",1518,"2017-06-27T21:12:50Z",49.60,,22.73,,51.85,,51.98
"ca90ed9b-02bb-482f-a3ad-14f6a8e7b2b4","e4825723-8197-4b1e-94ac-263c5d2887ab","D17","BIGC","BIGC.AOS.reaeration.station.01","BIGC_S1_20170627","2017-06-27T17:54Z",1566,"2017-06-27T21:20:50Z",50.10,,23.21,,51.87,,51.98
"2e93342b-3c62-42a9-9b9f-2ffedce4e224","e4825723-8197-4b1e-94ac-263c5d2887ab","D17","BIGC","BIGC.AOS.reaeration.station.01","BIGC_S1_20170627","2017-06-27T17:54Z",466,"2017-06-27T18:17:30Z",81.10,,15.03,,100.18,,100.94
"2741efc0-7713-421e-862d-0302be668681","e4825723-8197-4b1e-94ac-263c5d2887ab","D17","BIGC","BIGC.AOS.reaeration.station.01","BIGC_S1_20170627","2017-06-27T17:54Z",1086,"2017-06-27T20:00:50Z",90.30,,17.19,,106.13,,106.87
"88b45e8d-b988-4b61-b99d-31aa4f96ab0f","e4825723-8197-4b1e-94ac-263c5d2887ab","D17","BIGC","BIGC.AOS.reaeration.station.01","BIGC_S1_20170627","2017-06-27T17:54Z",292,"2017-06-27T17:48:30Z",80.40,,14.59,,100.35,,101.12
"60a04b5c-4a50-4c1f-9fde-f30bd2529917","e4825723-8197-4b1e-94ac-263c5d2887ab","D17","BIGC","BIGC.AOS.reaeration.station.01","BIGC_S1_20170627","2017-06-27T17:54Z",838,"2017-06-27T19:19:30Z",87.50,,16.31,,104.91,,105.68
"fc28a437-3edc-42ec-b822-a7c08e50d4b0","e4825723-8197-4b1e-94ac-263c5d2887ab","D17","BIGC","BIGC.AOS.reaeration.station.01","BIGC_S1_20170627","2017-06-27T17:54Z",1607,"2017-06-27T21:27:40Z",50.70,,23.75,,51.94,,52.02
"b013ae5a-2119-47c0-aed0-28b345e9cf01","e4825723-8197-4b1e-94ac-263c5d2887ab","D17","BIGC","BIGC.AOS.reaeration.station.01","BIGC_S1_20170627","2017-06-27T17:54Z",1017,"2017-06-27T19:49:20Z",88.50,,16.95,,104.58,,105.32
"0f15fd0f-821c-46ff-814a-346a4bf18d40","e4825723-8197-4b1e-94ac-263c5d2887ab","D17","BIGC","BIGC.AOS.reaeration.station.01","BIGC_S1_20170627","2017-06-27T17:54Z",1068,"2017-06-27T19:57:50Z",89.70,,17.12,,105.59,,106.33
"c84ad221-9576-448a-ba59-a274cefd6bea","e4825723-8197-4b1e-94ac-263c5d2887ab","D17","BIGC","BIGC.AOS.reaeration.station.01","BIGC_S1_20170627","2017-06-27T17:54Z",1188,"2017-06-27T20:17:50Z",90.60,,17.50,,105.75,,106.47
"e4c4e125-507b-48b8-8ae7-69095be339c9","e4825723-8197-4b1e-94ac-263c5d2887ab","D17","BIGC","BIGC.AOS.reaeration.station.01","BIGC_S1_20170627","2017-06-27T17:54Z",1344,"2017-06-27T20:43:50Z",46.00,,19.64,,51.25,,51.53
"4204eac2-6a07-423a-b01a-47db5719a868","e4825723-8197-4b1e-94ac-263c5d2887ab","D17","BIGC","BIGC.AOS.reaeration.station.01","BIGC_S1_20170627","2017-06-27T17:54Z",2255,"2017-06-27T23:15:40Z",54.70,,26.05,,53.62,,53.55
"9c36285d-049f-400a-b768-848388a199de","e4825723-8197-4b1e-94ac-263c5d2887ab","D17","BIGC","BIGC.AOS.reaeration.station.01","BIGC_S1_20170627","2017-06-27T17:54Z",688,"2017-06-27T18:54:30Z",85.40,,15.82,,103.56,,104.33
"b450ed5d-72b8-4173-9bcf-088131389b0c","e4825723-8197-4b1e-94ac-263c5d2887ab","D17","BIGC","BIGC.AOS.reaeration.station.01","BIGC_S1_20170627","2017-06-27T17:54Z",1983,"2017-06-27T22:30:20Z",53.90,,26.14,,52.75,,52.68
"c3b34626-17c1-465f-b5a1-0ee9025a8f15","e4825723-8197-4b1e-94ac-263c5d2887ab","D17","BIGC","BIGC.AOS.reaeration.station.01","BIGC_S1_20170627","2017-06-27T17:54Z",1580,"2017-06-27T21:23:10Z",50.30,,23.34,,51.95,,52.05
"7ef91884-f2f9-48d0-b7af-a0e0add75e2c","e4825723-8197-4b1e-94ac-263c5d2887ab","D17","BIGC","BIGC.AOS.reaeration.station.01","BIGC_S1_20170627","2017-06-27T17:54Z",1132,"2017-06-27T20:08:30Z",90.00,,17.33,,105.45,,106.18
"c9ba9536-731a-44de-9761-d4803e87f063","e4825723-8197-4b1e-94ac-263c5d2887ab","D17","BIGC","BIGC.AOS.reaeration.station.01","BIGC_S1_20170627","2017-06-27T17:54Z",890,"2017-06-27T19:28:10Z",87.40,,16.48,,104.39,,105.15
"35559de1-e02d-451b-97b3-962a3260d5bc","e4825723-8197-4b1e-94ac-263c5d2887ab","D17","BIGC","BIGC.AOS.reaeration.station.01","BIGC_S1_20170627","2017-06-27T17:54Z",343,"2017-06-27T17:57:00Z",80.40,,14.72,,100.04,,100.81
"fb6381bf-d4f1-467b-a154-061b29a4d447","e4825723-8197-4b1e-94ac-263c5d2887ab","D17","BIGC","BIGC.AOS.reaeration.station.01","BIGC_S1_20170627","2017-06-27T17:54Z",247,"2017-06-27T17:41:00Z",80.10,,14.54,,100.10,,100.87
"18e26f7a-f374-4188-a8bc-1fd4e6c03671","e4825723-8197-4b1e-94ac-263c5d2887ab","D17","BIGC","BIGC.AOS.reaeration.station.01","BIGC_S1_20170627","2017-06-27T17:54Z",2450,"2017-06-27T23:48:10Z",55.20,,26.16,,54.00,,53.92
"30e8ae92-ba78-4389-a979-9a0dbaff03b6","e4825723-8197-4b1e-94ac-263c5d2887ab","D17","BIGC","BIGC.AOS.reaeration.station.01","BIGC_S1_20170627","2017-06-27T17:54Z",1475,"2017-06-27T21:05:40Z",49.20,,22.23,,51.95,,52.11
"ccc4a6cb-974b-481a-aea4-38d45c972373","e4825723-8197-4b1e-94ac-263c5d2887ab","D17","BIGC","BIGC.AOS.reaeration.station.01","BIGC_S1_20170627","2017-06-27T17:54Z",824,"2017-06-27T19:17:10Z",87.20,,16.26,,104.67,,105.44
"7f16acd6-9fec-4eb0-bcdf-773165b0d253","e4825723-8197-4b1e-94ac-263c5d2887ab","D17","BIGC","BIGC.AOS.reaeration.station.01","BIGC_S1_20170627","2017-06-27T17:54Z",1654,"2017-06-27T21:35:30Z",51.30,,24.37,,51.92,,51.96
"d7a3b107-5688-4d3c-a287-ec26cf1144d5","e4825723-8197-4b1e-94ac-263c5d2887ab","D17","BIGC","BIGC.AOS.reaeration.station.01","BIGC_S1_20170627","2017-06-27T17:54Z",68,"2017-06-27T17:11:10Z",79.80,,14.23,,100.47,,101.24
"49e743ca-69cb-4890-8a8f-2862df58e7f3","e4825723-8197-4b1e-94ac-263c5d2887ab","D17","BIGC","BIGC.AOS.reaeration.station.01","BIGC_S1_20170627","2017-06-27T17:54Z",743,"2017-06-27T19:03:40Z",86.80,,15.99,,104.84,,105.62
"75233fb3-c0cc-46f3-8f84-a7bae3211389","e4825723-8197-4b1e-94ac-263c5d2887ab","D17","BIGC","BIGC.AOS.reaeration.station.01","BIGC_S1_20170627","2017-06-27T17:54Z",147,"2017-06-27T17:24:20Z",79.90,,14.36,,100.28,,101.05
"7e3d3038-5e63-42b0-b048-3662a3f706cd","e4825723-8197-4b1e-94ac-263c5d2887ab","D17","BIGC","BIGC.AOS.reaeration.station.01","BIGC_S1_20170627","2017-06-27T17:54Z",1103,"2017-06-27T20:03:40Z",90.90,,17.25,,106.69,,107.43
"bcbea4e8-364c-4791-b764-e7557a8f0282","e4825723-8197-4b1e-94ac-263c5d2887ab","D17","BIGC","BIGC.AOS.reaeration.station.01","BIGC_S1_20170627","2017-06-27T17:54Z",2329,"2017-06-27T23:28:00Z",54.90,,26.05,,53.82,,53.75
"a2cf75e0-04bc-4737-8a86-17ea5ecd25ea","e4825723-8197-4b1e-94ac-263c5d2887ab","D17","BIGC","BIGC.AOS.reaeration.station.01","BIGC_S1_20170627","2017-06-27T17:54Z",1407,"2017-06-27T20:54:20Z",48.10,,21.11,,51.96,,52.18
"7f30e5f5-66cb-4d7f-946a-a3939752b1ad","e4825723-8197-4b1e-94ac-263c5d2887ab","D17","BIGC","BIGC.AOS.reaeration.station.01","BIGC_S1_20170627","2017-06-27T17:54Z",1663,"2017-06-27T21:37:00Z",51.40,,24.47,,51.93,,51.96
"8de013e3-d3ef-4b75-beda-2846ed3d0a48","e4825723-8197-4b1e-94ac-263c5d2887ab","D17","BIGC","BIGC.AOS.reaeration.station.01","BIGC_S1_20170627","2017-06-27T17:54Z",1718,"2017-06-27T21:46:10Z",51.90,,25.04,,51.86,,51.86
"d41a8906-3b39-4d69-ace3-a1adbac84bc1","e4825723-8197-4b1e-94ac-263c5d2887ab","D17","BIGC","BIGC.AOS.reaeration.station.01","BIGC_S1_20170627","2017-06-27T17:54Z",1168,"2017-06-27T20:14:30Z",90.30,,17.43,,105.56,,106.29
"b0d75e19-9745-4697-9566-ac0be3097989","e4825723-8197-4b1e-94ac-263c5d2887ab","D17","BIGC","BIGC.AOS.reaeration.station.01","BIGC_S1_20170627","2017-06-27T17:54Z",689,"2017-06-27T18:54:40Z",86.40,,15.78,,104.87,,105.65
"252cbfc2-8886-4681-88a0-3f3c17cc2334","e4825723-8197-4b1e-94ac-263c5d2887ab","D17","BIGC","BIGC.AOS.reaeration.station.01","BIGC_S1_20170627","2017-06-27T17:54Z",1352,"2017-06-27T20:45:10Z",46.00,,19.64,,51.25,,51.53
"0125fe30-9626-4956-b3bc-2019f3d279a6","e4825723-8197-4b1e-94ac-263c5d2887ab","D17","BIGC","BIGC.AOS.reaeration.station.01","BIGC_S1_20170627","2017-06-27T17:54Z",1218,"2017-06-27T20:22:50Z",90.20,,17.56,,105.14,,105.85
"e44f9cec-5e50-45e6-8ec6-616e2dbf53ab","e4825723-8197-4b1e-94ac-263c5d2887ab","D17","BIGC","BIGC.AOS.reaeration.station.01","BIGC_S1_20170627","2017-06-27T17:54Z",2242,"2017-06-27T23:13:30Z",54.70,,26.05,,53.62,,53.55
"fd76f431-f3fd-4737-b475-36060f91218c","e4825723-8197-4b1e-94ac-263c5d2887ab","D17","BIGC","BIGC.AOS.reaeration.station.01","BIGC_S1_20170627","2017-06-27T17:54Z",2558,"2017-06-28T00:06:10Z",55.70,,26.17,,54.48,,54.40
"3a141926-013d-4d1c-aa9b-b385ca661559","e4825723-8197-4b1e-94ac-263c5d2887ab","D17","BIGC","BIGC.AOS.reaeration.station.01","BIGC_S1_20170627","2017-06-27T17:54Z",1935,"2017-06-27T22:22:20Z",53.60,,26.10,,52.50,,52.42
"812f3823-b652-4fb9-b68c-50ecc1a3c5cf","e4825723-8197-4b1e-94ac-263c5d2887ab","D17","BIGC","BIGC.AOS.reaeration.station.01","BIGC_S1_20170627","2017-06-27T17:54Z",2356,"2017-06-27T23:32:30Z",55.00,,26.08,,53.89,,53.82
"4bce1346-a31e-4566-9dc5-6c201857b044","e4825723-8197-4b1e-94ac-263c5d2887ab","D17","BIGC","BIGC.AOS.reaeration.station.01","BIGC_S1_20170627","2017-06-27T17:54Z",262,"2017-06-27T17:43:30Z",80.20,,14.54,,100.22,,100.99
"c8ea2b89-edd8-4b2a-be9a-4b0940dc9bab","e4825723-8197-4b1e-94ac-263c5d2887ab","D17","BIGC","BIGC.AOS.reaeration.station.01","BIGC_S1_20170627","2017-06-27T17:54Z",915,"2017-06-27T19:32:20Z",88.10,,16.56,,105.03,,105.79
"c36ec518-8a75-4a61-9bea-fc007cef77f8","e4825723-8197-4b1e-94ac-263c5d2887ab","D17","BIGC","BIGC.AOS.reaeration.station.01","BIGC_S1_20170627","2017-06-27T17:54Z",1909,"2017-06-27T22:18:00Z",53.50,,26.05,,52.45,,52.38
"5fe2fe13-98f1-4d97-b56e-a54eee0c544a","e4825723-8197-4b1e-94ac-263c5d2887ab","D17","BIGC","BIGC.AOS.reaeration.station.01","BIGC_S1_20170627","2017-06-27T17:54Z",568,"2017-06-27T18:34:30Z",81.90,,15.39,,100.31,,101.07
"d6434a42-08cb-4c29-a0d6-9013ca704b23","e4825723-8197-4b1e-94ac-263c5d2887ab","D17","BIGC","BIGC.AOS.reaeration.station.01","BIGC_S1_20170627","2017-06-27T17:54Z",2607,"2017-06-28T00:14:00Z",54.40,,25.31,,54.08,,54.06
"976ed7d1-11cc-4628-bbaf-11c2d7c1af55","e4825723-8197-4b1e-94ac-263c5d2887ab","D17","BIGC","BIGC.AOS.reaeration.station.01","BIGC_S1_20170627","2017-06-27T17:54Z",1269,"2017-06-27T20:31:20Z",87.30,,17.69,,101.47,,102.15
"d46c9384-1a35-456f-b2a7-537d481fee4d","e4825723-8197-4b1e-94ac-263c5d2887ab","D17","BIGC","BIGC.AOS.reaeration.station.01","BIGC_S1_20170627","2017-06-27T17:54Z",1986,"2017-06-27T22:30:50Z",53.90,,26.14,,52.75,,52.68
"09b458ff-e7bc-44f9-aadf-9a009a888d5d","e4825723-8197-4b1e-94ac-263c5d2887ab","D17","BIGC","BIGC.AOS.reaeration.station.01","BIGC_S1_20170627","2017-06-27T17:54Z",2396,"2017-06-27T23:39:10Z",55.10,,26.11,,53.96,,53.88
"230ad047-6290-4fd1-a60e-25d982fdd089","e4825723-8197-4b1e-94ac-263c5d2887ab","D17","BIGC","BIGC.AOS.reaeration.station.01","BIGC_S1_20170627","2017-06-27T17:54Z",620,"2017-06-27T18:43:10Z",82.20,,15.57,,100.26,,101.01
"99e06c66-3e18-4ee2-85b4-11e2304d4a2b","e4825723-8197-4b1e-94ac-263c5d2887ab","D17","BIGC","BIGC.AOS.reaeration.station.01","BIGC_S1_20170627","2017-06-27T17:54Z",1343,"2017-06-27T20:43:40Z",46.00,,19.62,,51.27,,51.55
"1f792cff-57ae-4c0c-969d-6c3c0de60541","e4825723-8197-4b1e-94ac-263c5d2887ab","D17","BIGC","BIGC.AOS.reaeration.station.01","BIGC_S1_20170627","2017-06-27T17:54Z",965,"2017-06-27T19:40:40Z",85.00,,16.76,,100.88,,101.60
"4365cd6c-b189-45e4-952d-a6fc6e90fd93","e4825723-8197-4b1e-94ac-263c5d2887ab","D17","BIGC","BIGC.AOS.reaeration.station.01","BIGC_S1_20170627","2017-06-27T17:54Z",128,"2017-06-27T17:21:10Z",79.80,,14.35,,100.18,,100.95
"ae8e86bd-9a13-49f8-bba7-a7cb37ba3a0d","e4825723-8197-4b1e-94ac-263c5d2887ab","D17","BIGC","BIGC.AOS.reaeration.station.01","BIGC_S1_20170627","2017-06-27T17:54Z",117,"2017-06-27T17:19:20Z",79.80,,14.32,,100.25,,101.02
"8b079ffc-96b2-4437-a650-eda75d37cbb1","e4825723-8197-4b1e-94ac-263c5d2887ab","D17","BIGC","BIGC.AOS.reaeration.station.01","BIGC_S1_20170627","2017-06-27T17:54Z",1412,"2017-06-27T20:55:10Z",48.20,,21.21,,51.96,,52.17
"ebff7ce9-8d3e-426b-ace6-dc7fc802e58d","e4825723-8197-4b1e-94ac-263c5d2887ab","D17","BIGC","BIGC.AOS.reaeration.station.01","BIGC_S1_20170627","2017-06-27T17:54Z",354,"2017-06-27T17:58:50Z",80.40,,14.77,,99.92,,100.69
"d893eab5-fe15-4d30-a136-da1335238ca5","e4825723-8197-4b1e-94ac-263c5d2887ab","D17","BIGC","BIGC.AOS.reaeration.station.01","BIGC_S1_20170627","2017-06-27T17:54Z",2500,"2017-06-27T23:56:30Z",55.40,,26.18,,54.18,,54.10
"e4aca67c-000b-455e-ac00-8a4f1ed948cd","e4825723-8197-4b1e-94ac-263c5d2887ab","D17","BIGC","BIGC.AOS.reaeration.station.01","BIGC_S1_20170627","2017-06-27T17:54Z",2239,"2017-06-27T23:13:00Z",54.70,,26.05,,53.62,,53.55
"b975560f-4c44-4366-a423-930e1cec8d5a","e4825723-8197-4b1e-94ac-263c5d2887ab","D17","BIGC","BIGC.AOS.reaeration.station.01","BIGC_S1_20170627","2017-06-27T17:54Z",1717,"2017-06-27T21:46:00Z",52.00,,25.03,,51.97,,51.97
"96b8c3f6-4075-4c4a-844a-5f5fa00688c0","e4825723-8197-4b1e-94ac-263c5d2887ab","D17","BIGC","BIGC.AOS.reaeration.station.01","BIGC_S1_20170627","2017-06-27T17:54Z",1321,"2017-06-27T20:40:00Z",44.60,,18.69,,50.71,,51.02
"fa6ca943-2661-4aec-b207-60e37a97eb2e","e4825723-8197-4b1e-94ac-263c5d2887ab","D17","BIGC","BIGC.AOS.reaeration.station.01","BIGC_S1_20170627","2017-06-27T17:54Z",709,"2017-06-27T18:58:00Z",86.30,,15.86,,104.55,,105.33
"6edaaa26-f8d3-4aa8-81e8-4e8aa319e2b5","e4825723-8197-4b1e-94ac-263c5d2887ab","D17","BIGC","BIGC.AOS.reaeration.station.01","BIGC_S1_20170627","2017-06-27T17:54Z",1198,"2017-06-27T20:19:30Z",90.50,,17.52,,105.58,,106.30
"2fbdcab3-d54a-4efb-9103-9c70df03916d","e4825723-8197-4b1e-94ac-263c5d2887ab","D17","BIGC","BIGC.AOS.reaeration.station.01","BIGC_S1_20170627","2017-06-27T17:54Z",1615,"2017-06-27T21:29:00Z",50.80,,23.87,,51.92,,51.99
"081c7e4b-43bc-49ef-9f6b-7ef600cdcb72","e4825723-8197-4b1e-94ac-263c5d2887ab","D17","BIGC","BIGC.AOS.reaeration.station.01","BIGC_S1_20170627","2017-06-27T17:54Z",2098,"2017-06-27T22:49:30Z",54.30,,26.10,,53.18,,53.11
"1d9594d5-6c50-43d2-a1c2-7ce06470ef1b","e4825723-8197-4b1e-94ac-263c5d2887ab","D17","BIGC","BIGC.AOS.reaeration.station.01","BIGC_S1_20170627","2017-06-27T17:54Z",575,"2017-06-27T18:35:40Z",81.30,,15.52,,99.28,,100.02
"0662f86c-f2ff-42c9-b36e-9371b403e4d0","e4825723-8197-4b1e-94ac-263c5d2887ab","D17","BIGC","BIGC.AOS.reaeration.station.01","BIGC_S1_20170627","2017-06-27T17:54Z",837,"2017-06-27T19:19:20Z",86.60,,16.34,,103.76,,104.52
"ec431d88-595c-4db2-8240-dd0fe709adfb","e4825723-8197-4b1e-94ac-263c5d2887ab","D17","BIGC","BIGC.AOS.reaeration.station.01","BIGC_S1_20170627","2017-06-27T17:54Z",1876,"2017-06-27T22:12:30Z",53.30,,25.94,,52.36,,52.30
"8a9091f9-74d1-4e79-8221-d2c31282540c","e4825723-8197-4b1e-94ac-263c5d2887ab","D17","BIGC","BIGC.AOS.reaeration.station.01","BIGC_S1_20170627","2017-06-27T17:54Z",2484,"2017-06-27T23:53:50Z",55.30,,26.17,,54.09,,54.01
"f06cdf34-3028-43c2-8bc4-f55bcd57b545","e4825723-8197-4b1e-94ac-263c5d2887ab","D17","BIGC","BIGC.AOS.reaeration.station.01","BIGC_S1_20170627","2017-06-27T17:54Z",314,"2017-06-27T17:52:10Z",80.30,,14.71,,99.94,,100.71
"a4748b4d-93da-4d3d-9da2-a2ae3533fb2b","e4825723-8197-4b1e-94ac-263c5d2887ab","D17","BIGC","BIGC.AOS.reaeration.station.01","BIGC_S1_20170627","2017-06-27T17:54Z",1109,"2017-06-27T20:04:40Z",90.80,,17.26,,106.55,,107.29
"217711df-080e-4d0f-b32e-7ee7944144e4","e4825723-8197-4b1e-94ac-263c5d2887ab","D17","BIGC","BIGC.AOS.reaeration.station.01","BIGC_S1_20170627","2017-06-27T17:54Z",1232,"2017-06-27T20:25:10Z",90.90,,17.61,,105.84,,106.55
"f03ff838-a51b-4a45-962b-e883400a72a5","e4825723-8197-4b1e-94ac-263c5d2887ab","D17","BIGC","BIGC.AOS.reaeration.station.01","BIGC_S1_20170627","2017-06-27T17:54Z",288,"2017-06-27T17:47:50Z",80.40,,14.56,,100.43,,101.20
"71944594-af5d-4db1-999e-d118af10461f","e4825723-8197-4b1e-94ac-263c5d2887ab","D17","BIGC","BIGC.AOS.reaeration.station.01","BIGC_S1_20170627","2017-06-27T17:54Z",2225,"2017-06-27T23:10:40Z",54.60,,26.05,,53.53,,53.46
"6b43b62a-55db-4cd5-b712-a45d45095874","e4825723-8197-4b1e-94ac-263c5d2887ab","D17","BIGC","BIGC.AOS.reaeration.station.01","BIGC_S1_20170627","2017-06-27T17:54Z",1923,"2017-06-27T22:20:20Z",53.70,,26.09,,52.60,,52.53
"a6d940de-1ee8-4eec-80cd-69109afde97a","e4825723-8197-4b1e-94ac-263c5d2887ab","D17","BIGC","BIGC.AOS.reaeration.station.01","BIGC_S1_20170627","2017-06-27T17:54Z",1194,"2017-06-27T20:18:50Z",91.30,,17.52,,106.52,,107.24
"247ed7a1-8720-4c0a-aa5f-5c2eb5b9bd6b","e4825723-8197-4b1e-94ac-263c5d2887ab","D17","BIGC","BIGC.AOS.reaeration.station.01","BIGC_S1_20170627","2017-06-27T17:54Z",2159,"2017-06-27T22:59:40Z",54.50,,26.06,,53.42,,53.35
"fa4a4e23-6113-4e01-a8be-f8429ec40d43","e4825723-8197-4b1e-94ac-263c5d2887ab","D17","BIGC","BIGC.AOS.reaeration.station.01","BIGC_S1_20170627","2017-06-27T17:54Z",810,"2017-06-27T19:14:50Z",86.40,,16.24,,103.76,,104.52
"cbf30245-ab1c-423c-b8dd-bf099a7551cf","e4825723-8197-4b1e-94ac-263c5d2887ab","D17","BIGC","BIGC.AOS.reaeration.station.01","BIGC_S1_20170627","2017-06-27T17:54Z",388,"2017-06-27T18:04:30Z",80.80,,14.78,,100.40,,101.17
"cd53d9f2-c624-4d4f-93e3-fe186e16db1b","e4825723-8197-4b1e-94ac-263c5d2887ab","D17","BIGC","BIGC.AOS.reaeration.station.01","BIGC_S1_20170627","2017-06-27T17:54Z",2128,"2017-06-27T22:54:30Z",54.30,,26.08,,53.20,,53.13
"f4dc67ce-7fac-40d7-a009-737d222696e9","e4825723-8197-4b1e-94ac-263c5d2887ab","D17","BIGC","BIGC.AOS.reaeration.station.01","BIGC_S1_20170627","2017-06-27T17:54Z",1809,"2017-06-27T22:01:20Z",52.70,,25.58,,52.12,,52.09
"76f1f4a0-ac8d-4022-be3f-ba9ad4b2eb9f","e4825723-8197-4b1e-94ac-263c5d2887ab","D17","BIGC","BIGC.AOS.reaeration.station.01","BIGC_S1_20170627","2017-06-27T17:54Z",1463,"2017-06-27T21:03:40Z",49.00,,22.06,,51.92,,52.09
"870bccc0-7f32-4af1-ae3e-9af812b35dfe","e4825723-8197-4b1e-94ac-263c5d2887ab","D17","BIGC","BIGC.AOS.reaeration.station.01","BIGC_S1_20170627","2017-06-27T17:54Z",1136,"2017-06-27T20:09:10Z",89.70,,17.34,,105.07,,105.80
"2978d6cf-b815-432c-a282-cacc2a921573","e4825723-8197-4b1e-94ac-263c5d2887ab","D17","BIGC","BIGC.AOS.reaeration.station.01","BIGC_S1_20170627","2017-06-27T17:54Z",100,"2017-06-27T17:16:30Z",79.70,,14.31,,100.15,,100.92
"c9f71fe4-0091-40ad-b16d-4a54a61e4187","e4825723-8197-4b1e-94ac-263c5d2887ab","D17","BIGC","BIGC.AOS.reaeration.station.01","BIGC_S1_20170627","2017-06-27T17:54Z",726,"2017-06-27T19:00:50Z",86.20,,15.93,,104.26,,105.04
"00274793-c102-4358-b88f-ace3edcc2977","e4825723-8197-4b1e-94ac-263c5d2887ab","D17","BIGC","BIGC.AOS.reaeration.station.01","BIGC_S1_20170627","2017-06-27T17:54Z",820,"2017-06-27T19:16:30Z",87.40,,16.25,,104.94,,105.71
"7ee0130b-d9aa-411f-bc11-b0aab3abc691","e4825723-8197-4b1e-94ac-263c5d2887ab","D17","BIGC","BIGC.AOS.reaeration.station.01","BIGC_S1_20170627","2017-06-27T17:54Z",2511,"2017-06-27T23:58:20Z",55.20,,26.17,,53.99,,53.91
"926ae8c1-47e0-4fff-8b5c-7bc890c1eb33","e4825723-8197-4b1e-94ac-263c5d2887ab","D17","BIGC","BIGC.AOS.reaeration.station.01","BIGC_S1_20170627","2017-06-27T17:54Z",1868,"2017-06-27T22:11:10Z",53.20,,25.92,,52.28,,52.22
"d0f8293b-d061-4309-b788-3e70c276a8b4","e4825723-8197-4b1e-94ac-263c5d2887ab","D17","BIGC","BIGC.AOS.reaeration.station.01","BIGC_S1_20170627","2017-06-27T17:54Z",526,"2017-06-27T18:27:30Z",81.60,,15.21,,100.37,,101.13
"bb54d9fb-7332-4320-a837-b65c8c550001","e4825723-8197-4b1e-94ac-263c5d2887ab","D17","BIGC","BIGC.AOS.reaeration.station.01","BIGC_S1_20170627","2017-06-27T17:54Z",545,"2017-06-27T18:30:40Z",81.90,,15.26,,100.62,,101.38
"b073a510-0b0f-4df4-9f84-a821701b6e9b","e4825723-8197-4b1e-94ac-263c5d2887ab","D17","BIGC","BIGC.AOS.reaeration.station.01","BIGC_S1_20170627","2017-06-27T17:54Z",371,"2017-06-27T18:01:40Z",80.40,,14.80,,99.85,,100.62
"6cd08661-bd22-4b2e-af52-e461ecb7f937","e4825723-8197-4b1e-94ac-263c5d2887ab","D17","BIGC","BIGC.AOS.reaeration.station.01","BIGC_S1_20170627","2017-06-27T17:54Z",1106,"2017-06-27T20:04:10Z",90.50,,17.24,,106.25,,106.99
"89e2ae84-2a6c-4112-97db-2489b7f2e1ee","e4825723-8197-4b1e-94ac-263c5d2887ab","D17","BIGC","BIGC.AOS.reaeration.station.01","BIGC_S1_20170627","2017-06-27T17:54Z",993,"2017-06-27T19:45:20Z",87.20,,16.84,,103.30,,104.04
"ec04ad99-b6a4-4044-8efd-047a58f8e8eb","e4825723-8197-4b1e-94ac-263c5d2887ab","D17","BIGC","BIGC.AOS.reaeration.station.01","BIGC_S1_20170627","2017-06-27T17:54Z",1494,"2017-06-27T21:08:50Z",49.40,,22.45,,51.93,,52.08
"33b0c710-711a-40ff-b4a7-6c753bc736f5","e4825723-8197-4b1e-94ac-263c5d2887ab","D17","BIGC","BIGC.AOS.reaeration.station.01","BIGC_S1_20170627","2017-06-27T17:54Z",2292,"2017-06-27T23:21:50Z",54.80,,26.05,,53.72,,53.65
"1e90db60-d064-4882-a9d5-61b78094d053","e4825723-8197-4b1e-94ac-263c5d2887ab","D17","BIGC","BIGC.AOS.reaeration.station.01","BIGC_S1_20170627","2017-06-27T17:54Z",857,"2017-06-27T19:22:40Z",87.20,,16.38,,104.39,,105.15
"853d950d-2b2c-490e-b98d-8f09267a12b5","e4825723-8197-4b1e-94ac-263c5d2887ab","D17","BIGC","BIGC.AOS.reaeration.station.01","BIGC_S1_20170627","2017-06-27T17:54Z",828,"2017-06-27T19:17:50Z",87.30,,16.28,,104.75,,105.51
"b239d5b9-cb14-4bab-91b8-20354b62e09d","e4825723-8197-4b1e-94ac-263c5d2887ab","D17","BIGC","BIGC.AOS.reaeration.station.01","BIGC_S1_20170627","2017-06-27T17:54Z",1582,"2017-06-27T21:23:30Z",50.30,,23.37,,51.92,,52.02
"1831780e-fad5-4f5e-ad7f-23a760b266e5","e4825723-8197-4b1e-94ac-263c5d2887ab","D17","BIGC","BIGC.AOS.reaeration.station.01","BIGC_S1_20170627","2017-06-27T17:54Z",805,"2017-06-27T19:14:00Z",86.60,,16.22,,104.05,,104.81
"6c7819e1-6ae0-4f5c-9aac-2c7deb68f88f","e4825723-8197-4b1e-94ac-263c5d2887ab","D17","BIGC","BIGC.AOS.reaeration.station.01","BIGC_S1_20170627","2017-06-27T17:54Z",2456,"2017-06-27T23:49:10Z",55.20,,26.16,,54.00,,53.92
"0836eaeb-a616-4a9a-88a6-dd48ad9761fb","e4825723-8197-4b1e-94ac-263c5d2887ab","D17","BIGC","BIGC.AOS.reaeration.station.01","BIGC_S1_20170627","2017-06-27T17:54Z",2147,"2017-06-27T22:57:40Z",54.40,,26.08,,53.30,,53.23
"b769fc04-6500-42ee-806c-0bd3aae1f4b3","e4825723-8197-4b1e-94ac-263c5d2887ab","D17","BIGC","BIGC.AOS.reaeration.station.01","BIGC_S1_20170627","2017-06-27T17:54Z",2061,"2017-06-27T22:43:20Z",54.20,,26.11,,53.07,,53.00
"ac0d9134-83f0-483b-bfb2-e77b7daa9304","e4825723-8197-4b1e-94ac-263c5d2887ab","D17","BIGC","BIGC.AOS.reaeration.station.01","BIGC_S1_20170627","2017-06-27T17:54Z",1792,"2017-06-27T21:58:30Z",52.30,,25.46,,51.84,,51.82
"62b47f20-50a2-4a2f-9a5e-6765ad2805a9","e4825723-8197-4b1e-94ac-263c5d2887ab","D17","BIGC","BIGC.AOS.reaeration.station.01","BIGC_S1_20170627","2017-06-27T17:54Z",1808,"2017-06-27T22:01:10Z",52.60,,25.57,,52.03,,52.00
"5e223f92-7ed6-4665-9976-6fed91572095","e4825723-8197-4b1e-94ac-263c5d2887ab","D17","BIGC","BIGC.AOS.reaeration.station.01","BIGC_S1_20170627","2017-06-27T17:54Z",1436,"2017-06-27T20:59:10Z",48.70,,21.65,,52.03,,52.22
"ba509688-07f7-462b-80bd-1500295e52d4","e4825723-8197-4b1e-94ac-263c5d2887ab","D17","BIGC","BIGC.AOS.reaeration.station.01","BIGC_S1_20170627","2017-06-27T17:54Z",1171,"2017-06-27T20:15:00Z",90.50,,17.44,,105.77,,106.50
"3b38991c-26cf-4a39-b3f0-c2237622fbf7","e4825723-8197-4b1e-94ac-263c5d2887ab","D17","BIGC","BIGC.AOS.reaeration.station.01","BIGC_S1_20170627","2017-06-27T17:54Z",276,"2017-06-27T17:45:50Z",80.20,,14.59,,100.10,,100.87
"822292e1-0cee-4eb5-bfb0-4e6c3663293d","e4825723-8197-4b1e-94ac-263c5d2887ab","D17","BIGC","BIGC.AOS.reaeration.station.01","BIGC_S1_20170627","2017-06-27T17:54Z",1267,"2017-06-27T20:31:00Z",87.30,,17.68,,101.49,,102.17
"62098762-84ed-4732-9bd5-69ddaf8dcac2","e4825723-8197-4b1e-94ac-263c5d2887ab","D17","BIGC","BIGC.AOS.reaeration.station.01","BIGC_S1_20170627","2017-06-27T17:54Z",1961,"2017-06-27T22:26:40Z",53.70,,26.14,,52.56,,52.48
"c090ca37-ec4c-44c4-b0d9-40aa186cef56","e4825723-8197-4b1e-94ac-263c5d2887ab","D17","BIGC","BIGC.AOS.reaeration.station.01","BIGC_S1_20170627","2017-06-27T17:54Z",1874,"2017-06-27T22:12:10Z",53.30,,25.94,,52.36,,52.30
"986ea86f-d456-4952-8a6d-908aa15ba3f7","e4825723-8197-4b1e-94ac-263c5d2887ab","D17","BIGC","BIGC.AOS.reaeration.station.01","BIGC_S1_20170627","2017-06-27T17:54Z",1353,"2017-06-27T20:45:20Z",45.90,,19.64,,51.13,,51.41
"1fa49a6a-5c1f-470e-a148-6b2e957abaae","e4825723-8197-4b1e-94ac-263c5d2887ab","D17","BIGC","BIGC.AOS.reaeration.station.01","BIGC_S1_20170627","2017-06-27T17:54Z",704,"2017-06-27T18:57:10Z",85.90,,15.86,,104.07,,104.84
"154e9eda-2994-4669-a30d-4f876f024a47","e4825723-8197-4b1e-94ac-263c5d2887ab","D17","BIGC","BIGC.AOS.reaeration.station.01","BIGC_S1_20170627","2017-06-27T17:54Z",2149,"2017-06-27T22:58:00Z",54.40,,26.06,,53.32,,53.25
"4b9816d0-42f8-4af0-aada-d26295b349b8","e4825723-8197-4b1e-94ac-263c5d2887ab","D17","BIGC","BIGC.AOS.reaeration.station.01","BIGC_S1_20170627","2017-06-27T17:54Z",877,"2017-06-27T19:26:00Z",87.10,,16.44,,104.12,,104.88
"7c73b829-fb8f-4c49-991f-d2397276dd41","e4825723-8197-4b1e-94ac-263c5d2887ab","D17","BIGC","BIGC.AOS.reaeration.station.01","BIGC_S1_20170627","2017-06-27T17:54Z",1223,"2017-06-27T20:23:40Z",91.30,,17.60,,106.33,,107.05
"a879f3a6-5ff8-48c0-adc9-d8cd183280cc","e4825723-8197-4b1e-94ac-263c5d2887ab","D17","BIGC","BIGC.AOS.reaeration.station.01","BIGC_S1_20170627","2017-06-27T17:54Z",1484,"2017-06-27T21:07:10Z",49.20,,22.35,,51.82,,51.98
"9006c130-0822-46a2-be25-55c467696ce2","e4825723-8197-4b1e-94ac-263c5d2887ab","D17","BIGC","BIGC.AOS.reaeration.station.01","BIGC_S1_20170627","2017-06-27T17:54Z",17,"2017-06-27T17:02:40Z",79.30,,14.31,,99.65,,100.41
"8991663b-9179-419d-9ecb-d9bcce18f646","e4825723-8197-4b1e-94ac-263c5d2887ab","D17","BIGC","BIGC.AOS.reaeration.station.01","BIGC_S1_20170627","2017-06-27T17:54Z",2490,"2017-06-27T23:54:50Z",55.30,,26.17,,54.09,,54.01
"faa14a5a-c09e-4dcd-bb10-31742e509d51","e4825723-8197-4b1e-94ac-263c5d2887ab","D17","BIGC","BIGC.AOS.reaeration.station.01","BIGC_S1_20170627","2017-06-27T17:54Z",1534,"2017-06-27T21:15:30Z",49.90,,22.91,,51.97,,52.10
"ce0d5846-d76b-4464-abcb-edad6d0837af","e4825723-8197-4b1e-94ac-263c5d2887ab","D17","BIGC","BIGC.AOS.reaeration.station.01","BIGC_S1_20170627","2017-06-27T17:54Z",872,"2017-06-27T19:25:10Z",87.70,,16.43,,104.87,,105.63
"543f3a37-1af5-4af8-8066-c964855b296a","e4825723-8197-4b1e-94ac-263c5d2887ab","D17","BIGC","BIGC.AOS.reaeration.station.01","BIGC_S1_20170627","2017-06-27T17:54Z",2050,"2017-06-27T22:41:30Z",54.20,,26.12,,53.06,,52.99
"2883ed3e-56d7-4fe2-8aa3-29d32c8ce1df","e4825723-8197-4b1e-94ac-263c5d2887ab","D17","BIGC","BIGC.AOS.reaeration.station.01","BIGC_S1_20170627","2017-06-27T17:54Z",269,"2017-06-27T17:44:40Z",80.30,,14.54,,100.35,,101.12
"01282f04-efa9-4b73-8129-df2dcaef9ca1","e4825723-8197-4b1e-94ac-263c5d2887ab","D17","BIGC","BIGC.AOS.reaeration.station.01","BIGC_S1_20170627","2017-06-27T17:54Z",2556,"2017-06-28T00:05:50Z",55.70,,26.17,,54.48,,54.40
"fc3d5aa9-13be-436f-868e-9b69334e3f6c","e4825723-8197-4b1e-94ac-263c5d2887ab","D17","BIGC","BIGC.AOS.reaeration.station.01","BIGC_S1_20170627","2017-06-27T17:54Z",2611,"2017-06-28T00:14:40Z",53.80,,25.24,,53.55,,53.54
"dc36fbdd-b05e-476e-b3b2-bb8ef7fb545b","e4825723-8197-4b1e-94ac-263c5d2887ab","D17","BIGC","BIGC.AOS.reaeration.station.01","BIGC_S1_20170627","2017-06-27T17:54Z",2231,"2017-06-27T23:11:40Z",54.70,,26.05,,53.62,,53.55
"89cf2057-1023-4d92-a619-c6db86315e81","e4825723-8197-4b1e-94ac-263c5d2887ab","D17","BIGC","BIGC.AOS.reaeration.station.01","BIGC_S1_20170627","2017-06-27T17:54Z",2016,"2017-06-27T22:35:50Z",54.00,,26.14,,52.85,,52.77
"bcc9c4de-637c-4b63-a5c1-8e65a0a7b7d5","e4825723-8197-4b1e-94ac-263c5d2887ab","D17","BIGC","BIGC.AOS.reaeration.station.01","BIGC_S1_20170627","2017-06-27T17:54Z",1044,"2017-06-27T19:53:50Z",88.80,,17.02,,104.77,,105.51
"70b14901-ffcc-4a8f-b69e-542db7e55ec8","e4825723-8197-4b1e-94ac-263c5d2887ab","D17","BIGC","BIGC.AOS.reaeration.station.01","BIGC_S1_20170627","2017-06-27T17:54Z",2075,"2017-06-27T22:45:40Z",54.20,,26.11,,53.07,,53.00
"27f6f73f-0f4c-47b5-bb24-3b583d3b2d44","e4825723-8197-4b1e-94ac-263c5d2887ab","D17","BIGC","BIGC.AOS.reaeration.station.01","BIGC_S1_20170627","2017-06-27T17:54Z",2422,"2017-06-27T23:43:30Z",55.20,,26.15,,54.01,,53.94
"59419e9f-f49e-4b36-a917-3e597b488292","e4825723-8197-4b1e-94ac-263c5d2887ab","D17","BIGC","BIGC.AOS.reaeration.station.01","BIGC_S1_20170627","2017-06-27T17:54Z",1030,"2017-06-27T19:51:30Z",88.20,,16.97,,104.18,,104.91
"69f66465-8cb6-4afc-8bb3-8b3e7b714122","e4825723-8197-4b1e-94ac-263c5d2887ab","D17","BIGC","BIGC.AOS.reaeration.station.01","BIGC_S1_20170627","2017-06-27T17:54Z",2403,"2017-06-27T23:40:20Z",55.00,,26.14,,53.83,,53.75
"0e2e01d5-082f-490e-af27-a0012ebe8be4","e4825723-8197-4b1e-94ac-263c5d2887ab","D17","BIGC","BIGC.AOS.reaeration.station.01","BIGC_S1_20170627","2017-06-27T17:54Z",2203,"2017-06-27T23:07:00Z",54.60,,26.05,,53.53,,53.46
"ce3dd607-aaeb-434b-bcd6-58560fbbb0e6","e4825723-8197-4b1e-94ac-263c5d2887ab","D17","BIGC","BIGC.AOS.reaeration.station.01","BIGC_S1_20170627","2017-06-27T17:54Z",931,"2017-06-27T19:35:00Z",86.20,,16.65,,102.56,,103.29
"9865cb40-fa12-4016-84c8-4b3d1e501ac6","e4825723-8197-4b1e-94ac-263c5d2887ab","D17","BIGC","BIGC.AOS.reaeration.station.01","BIGC_S1_20170627","2017-06-27T17:54Z",2293,"2017-06-27T23:22:00Z",54.80,,26.05,,53.72,,53.65
"3e3c4523-b0ff-4a87-a60a-26c1a09f3782","e4825723-8197-4b1e-94ac-263c5d2887ab","D17","BIGC","BIGC.AOS.reaeration.station.01","BIGC_S1_20170627","2017-06-27T17:54Z",2134,"2017-06-27T22:55:30Z",54.40,,26.08,,53.30,,53.23
"e6a246e7-5306-4a67-bc3a-8a4463ebf592","e4825723-8197-4b1e-94ac-263c5d2887ab","D17","BIGC","BIGC.AOS.reaeration.station.01","BIGC_S1_20170627","2017-06-27T17:54Z",1723,"2017-06-27T21:47:00Z",52.00,,25.09,,51.91,,51.91
"31b1be6d-344c-405d-ad9c-e87eebf22af5","e4825723-8197-4b1e-94ac-263c5d2887ab","D17","BIGC","BIGC.AOS.reaeration.station.01","BIGC_S1_20170627","2017-06-27T17:54Z",1337,"2017-06-27T20:42:40Z",45.80,,19.38,,51.31,,51.60
"76ae7611-6825-493a-9298-f59ce4f104df","e4825723-8197-4b1e-94ac-263c5d2887ab","D17","BIGC","BIGC.AOS.reaeration.station.01","BIGC_S1_20170627","2017-06-27T17:54Z",36,"2017-06-27T17:05:50Z",79.70,,14.20,,100.41,,101.18
"a7293210-92f7-4e5b-a752-53e0f52c9b2b","e4825723-8197-4b1e-94ac-263c5d2887ab","D17","BIGC","BIGC.AOS.reaeration.station.01","BIGC_S1_20170627","2017-06-27T17:54Z",2340,"2017-06-27T23:29:50Z",55.00,,26.06,,53.91,,53.84
"76a89a30-9e11-4c3c-be8d-59d7c51c07fc","e4825723-8197-4b1e-94ac-263c5d2887ab","D17","BIGC","BIGC.AOS.reaeration.station.01","BIGC_S1_20170627","2017-06-27T17:54Z",407,"2017-06-27T18:07:40Z",80.80,,14.84,,100.26,,101.02
"b5d15ae6-6a85-4042-ab1f-e3f0105691e6","e4825723-8197-4b1e-94ac-263c5d2887ab","D17","BIGC","BIGC.AOS.reaeration.station.01","BIGC_S1_20170627","2017-06-27T17:54Z",2165,"2017-06-27T23:00:40Z",54.50,,26.06,,53.42,,53.35
"b99f84ee-bf9e-417b-b19c-b96976611cbc","e4825723-8197-4b1e-94ac-263c5d2887ab","D17","BIGC","BIGC.AOS.reaeration.station.01","BIGC_S1_20170627","2017-06-27T17:54Z",304,"2017-06-27T17:50:30Z",80.20,,14.67,,99.91,,100.68
"6edb3c16-70b7-4905-9ffc-e164132be7b9","e4825723-8197-4b1e-94ac-263c5d2887ab","D17","BIGC","BIGC.AOS.reaeration.station.01","BIGC_S1_20170627","2017-06-27T17:54Z",1761,"2017-06-27T21:53:20Z",52.20,,25.27,,51.93,,51.91
"f6ebba03-645a-43ef-84fa-c007155cdc72","e4825723-8197-4b1e-94ac-263c5d2887ab","D17","BIGC","BIGC.AOS.reaeration.station.01","BIGC_S1_20170627","2017-06-27T17:54Z",2146,"2017-06-27T22:57:30Z",54.40,,26.08,,53.30,,53.23
"3ed26441-0736-4655-adf1-fb806568d0a1","e4825723-8197-4b1e-94ac-263c5d2887ab","D17","BIGC","BIGC.AOS.reaeration.station.01","BIGC_S1_20170627","2017-06-27T17:54Z",1483,"2017-06-27T21:07:00Z",49.20,,22.33,,51.84,,52.00
"e8ab7d89-fc35-422d-8d46-2266693dec1b","e4825723-8197-4b1e-94ac-263c5d2887ab","D17","BIGC","BIGC.AOS.reaeration.station.01","BIGC_S1_20170627","2017-06-27T17:54Z",1363,"2017-06-27T20:47:00Z",46.70,,20.02,,51.61,,51.87
"8ad7bfb5-e4e8-4838-8675-4967aeb0998a","e4825723-8197-4b1e-94ac-263c5d2887ab","D17","BIGC","BIGC.AOS.reaeration.station.01","BIGC_S1_20170627","2017-06-27T17:54Z",882,"2017-06-27T19:26:50Z",87.10,,16.47,,104.05,,104.81
"b2115ed5-d6be-4104-991d-640cf015dcfa","e4825723-8197-4b1e-94ac-263c5d2887ab","D17","BIGC","BIGC.AOS.reaeration.station.01","BIGC_S1_20170627","2017-06-27T17:54Z",1263,"2017-06-27T20:30:20Z",87.40,,17.68,,101.61,,102.29
"aa706054-faca-42f7-b094-b07ff73b2106","e4825723-8197-4b1e-94ac-263c5d2887ab","D17","BIGC","BIGC.AOS.reaeration.station.01","BIGC_S1_20170627","2017-06-27T17:54Z",597,"2017-06-27T18:39:20Z",82.10,,15.48,,100.35,,101.10
"bcec8b59-eb43-4e91-a697-89ac10f80a79","e4825723-8197-4b1e-94ac-263c5d2887ab","D17","BIGC","BIGC.AOS.reaeration.station.01","BIGC_S1_20170627","2017-06-27T17:54Z",1055,"2017-06-27T19:55:40Z",89.70,,17.06,,105.74,,106.48
"d571a9d0-e115-4359-9eac-dc950e9d0f5a","e4825723-8197-4b1e-94ac-263c5d2887ab","D17","BIGC","BIGC.AOS.reaeration.station.01","BIGC_S1_20170627","2017-06-27T17:54Z",2116,"2017-06-27T22:52:30Z",54.40,,26.09,,53.29,,53.22
"d7318ef0-703e-4d5c-881f-014bb3bfe137","e4825723-8197-4b1e-94ac-263c5d2887ab","D17","BIGC","BIGC.AOS.reaeration.station.01","BIGC_S1_20170627","2017-06-27T17:54Z",2468,"2017-06-27T23:51:10Z",55.30,,26.17,,54.09,,54.01
"9ff0abe2-2c9d-4ee5-8ce0-4ca806b7419d","e4825723-8197-4b1e-94ac-263c5d2887ab","D17","BIGC","BIGC.AOS.reaeration.station.01","BIGC_S1_20170627","2017-06-27T17:54Z",939,"2017-06-27T19:36:20Z",86.60,,16.65,,103.03,,103.77
"a7f114fb-4311-4cac-8ed9-bed6a68b4beb","e4825723-8197-4b1e-94ac-263c5d2887ab","D17","BIGC","BIGC.AOS.reaeration.station.01","BIGC_S1_20170627","2017-06-27T17:54Z",2510,"2017-06-27T23:58:10Z",55.30,,26.18,,54.08,,54.00
"6103bb96-9f8a-424e-a97d-23f848e3bc35","e4825723-8197-4b1e-94ac-263c5d2887ab","D17","BIGC","BIGC.AOS.reaeration.station.01","BIGC_S1_20170627","2017-06-27T17:54Z",2430,"2017-06-27T23:44:50Z",55.20,,26.15,,54.01,,53.94
"b4476514-49ba-4b20-b25d-c8c4ad9530e8","e4825723-8197-4b1e-94ac-263c5d2887ab","D17","BIGC","BIGC.AOS.reaeration.station.01","BIGC_S1_20170627","2017-06-27T17:54Z",679,"2017-06-27T18:53:00Z",85.70,,15.76,,104.07,,104.85
"dfde9fb1-8811-4ceb-94cc-2075b72c4501","e4825723-8197-4b1e-94ac-263c5d2887ab","D17","BIGC","BIGC.AOS.reaeration.station.01","BIGC_S1_20170627","2017-06-27T17:54Z",1597,"2017-06-27T21:26:00Z",50.50,,23.59,,51.90,,51.98
"11f07b47-9db4-4f59-aa09-b4a284a360f7","e4825723-8197-4b1e-94ac-263c5d2887ab","D17","BIGC","BIGC.AOS.reaeration.station.01","BIGC_S1_20170627","2017-06-27T17:54Z",1220,"2017-06-27T20:23:10Z",90.90,,17.58,,105.91,,106.63
"9d242e3f-4372-43f5-b381-a346e3cb80a1","e4825723-8197-4b1e-94ac-263c5d2887ab","D17","BIGC","BIGC.AOS.reaeration.station.01","BIGC_S1_20170627","2017-06-27T17:54Z",815,"2017-06-27T19:15:40Z",86.80,,16.24,,104.24,,105.01
"3557d421-3171-478d-ae9b-957517df57d6","e4825723-8197-4b1e-94ac-263c5d2887ab","D17","BIGC","BIGC.AOS.reaeration.station.01","BIGC_S1_20170627","2017-06-27T17:54Z",1542,"2017-06-27T21:16:50Z",49.90,,22.99,,51.89,,52.01
"6f7bfe15-eadd-4102-8168-6ed575cdfd34","e4825723-8197-4b1e-94ac-263c5d2887ab","D17","BIGC","BIGC.AOS.reaeration.station.01","BIGC_S1_20170627","2017-06-27T17:54Z",2213,"2017-06-27T23:08:40Z",54.70,,26.05,,53.62,,53.55
"21b596df-0a0f-41fe-a376-8d3672c71401","e4825723-8197-4b1e-94ac-263c5d2887ab","D17","BIGC","BIGC.AOS.reaeration.station.01","BIGC_S1_20170627","2017-06-27T17:54Z",1013,"2017-06-27T19:48:40Z",86.70,,16.91,,102.55,,103.27
"5a21af32-82d7-4188-be5b-c7924ec27c6f","e4825723-8197-4b1e-94ac-263c5d2887ab","D17","BIGC","BIGC.AOS.reaeration.station.01","BIGC_S1_20170627","2017-06-27T17:54Z",83,"2017-06-27T17:13:40Z",79.60,,14.33,,99.97,,100.74
"a9006f88-291c-4077-a3a6-5cbac562a9f5","e4825723-8197-4b1e-94ac-263c5d2887ab","D17","BIGC","BIGC.AOS.reaeration.station.01","BIGC_S1_20170627","2017-06-27T17:54Z",546,"2017-06-27T18:30:50Z",81.90,,15.27,,100.59,,101.36
"c84c4543-a51b-4772-8425-5e711e1b0e31","e4825723-8197-4b1e-94ac-263c5d2887ab","D17","BIGC","BIGC.AOS.reaeration.station.01","BIGC_S1_20170627","2017-06-27T17:54Z",439,"2017-06-27T18:13:00Z",81.00,,14.93,,100.29,,101.06
"b6d45939-cad6-40e9-bed1-eb12b0d26dc3","e4825723-8197-4b1e-94ac-263c5d2887ab","D17","BIGC","BIGC.AOS.reaeration.station.01","BIGC_S1_20170627","2017-06-27T17:54Z",101,"2017-06-27T17:16:40Z",79.60,,14.36,,99.90,,100.67
"db1b3a66-fde3-456e-9d5c-01510cc67c85","e4825723-8197-4b1e-94ac-263c5d2887ab","D17","BIGC","BIGC.AOS.reaeration.station.01","BIGC_S1_20170627","2017-06-27T17:54Z",676,"2017-06-27T18:52:30Z",86.20,,15.74,,104.72,,105.51
"5109d0b8-257f-42e5-bc61-f5d16dc998b5","e4825723-8197-4b1e-94ac-263c5d2887ab","D17","BIGC","BIGC.AOS.reaeration.station.01","BIGC_S1_20170627","2017-06-27T17:54Z",1178,"2017-06-27T20:16:10Z",91.10,,17.48,,106.38,,107.11
"29bdea9f-b6f4-4818-b23c-b34a988f5a6d","e4825723-8197-4b1e-94ac-263c5d2887ab","D17","BIGC","BIGC.AOS.reaeration.station.01","BIGC_S1_20170627","2017-06-27T17:54Z",1391,"2017-06-27T20:51:40Z",47.70,,20.76,,51.90,,52.14
"a93d61d9-010a-4eac-a9a7-8333242c1a7d","e4825723-8197-4b1e-94ac-263c5d2887ab","D17","BIGC","BIGC.AOS.reaeration.station.01","BIGC_S1_20170627","2017-06-27T17:54Z",1294,"2017-06-27T20:35:30Z",87.00,,17.73,,101.03,,101.71
"0ca49161-2bd0-4b2f-b1b0-c032b8bb4c3a","e4825723-8197-4b1e-94ac-263c5d2887ab","D17","BIGC","BIGC.AOS.reaeration.station.01","BIGC_S1_20170627","2017-06-27T17:54Z",2328,"2017-06-27T23:27:50Z",54.90,,26.05,,53.82,,53.75
"897e5a31-5e35-4145-bbc4-66e3ab161521","e4825723-8197-4b1e-94ac-263c5d2887ab","D17","BIGC","BIGC.AOS.reaeration.station.01","BIGC_S1_20170627","2017-06-27T17:54Z",751,"2017-06-27T19:05:00Z",86.70,,16.02,,104.65,,105.43
"492c2a33-5131-41b5-a336-a510e9ced238","e4825723-8197-4b1e-94ac-263c5d2887ab","D17","BIGC","BIGC.AOS.reaeration.station.01","BIGC_S1_20170627","2017-06-27T17:54Z",2029,"2017-06-27T22:38:00Z",54.20,,26.14,,53.04,,52.97
"103d3bbe-e64e-441a-a5ee-543877397815","e4825723-8197-4b1e-94ac-263c5d2887ab","D17","BIGC","BIGC.AOS.reaeration.station.01","BIGC_S1_20170627","2017-06-27T17:54Z",2236,"2017-06-27T23:12:30Z",54.70,,26.05,,53.62,,53.55
"2ed6b099-52b4-4480-bb68-634cba5d9e86","e4825723-8197-4b1e-94ac-263c5d2887ab","D17","BIGC","BIGC.AOS.reaeration.station.01","BIGC_S1_20170627","2017-06-27T17:54Z",2491,"2017-06-27T23:55:00Z",55.40,,26.17,,54.19,,54.11
"8dd8b177-c761-4f1a-add6-2052c5fbf2d0","e4825723-8197-4b1e-94ac-263c5d2887ab","D17","BIGC","BIGC.AOS.reaeration.station.01","BIGC_S1_20170627","2017-06-27T17:54Z",889,"2017-06-27T19:28:00Z",87.30,,16.48,,104.27,,105.03
"f9926a7c-62ca-4ec6-a037-93c4dc1c8d5b","e4825723-8197-4b1e-94ac-263c5d2887ab","D17","BIGC","BIGC.AOS.reaeration.station.01","BIGC_S1_20170627","2017-06-27T17:54Z",2583,"2017-06-28T00:10:20Z",56.00,,26.20,,54.75,,54.66
"ffbc2c92-8e61-4ab9-a993-b834739ad292","e4825723-8197-4b1e-94ac-263c5d2887ab","D17","BIGC","BIGC.AOS.reaeration.station.01","BIGC_S1_20170627","2017-06-27T17:54Z",979,"2017-06-27T19:43:00Z",85.00,,16.78,,100.83,,101.55
"ee516a9d-b191-40d4-baa1-a6e35840519f","e4825723-8197-4b1e-94ac-263c5d2887ab","D17","BIGC","BIGC.AOS.reaeration.station.01","BIGC_S1_20170627","2017-06-27T17:54Z",1535,"2017-06-27T21:15:40Z",49.90,,22.92,,51.96,,52.09
"b32a79eb-8033-493d-b34b-7c5ec0230ffe","e4825723-8197-4b1e-94ac-263c5d2887ab","D17","BIGC","BIGC.AOS.reaeration.station.01","BIGC_S1_20170627","2017-06-27T17:54Z",792,"2017-06-27T19:11:50Z",87.20,,16.16,,104.91,,105.69
"55deb30d-6d60-41f8-aff8-767351eec101","e4825723-8197-4b1e-94ac-263c5d2887ab","D17","BIGC","BIGC.AOS.reaeration.station.01","BIGC_S1_20170627","2017-06-27T17:54Z",244,"2017-06-27T17:40:30Z",80.20,,14.49,,100.34,,101.11
"89dd1079-d2f3-4f6c-a6b6-16cca32a7a27","e4825723-8197-4b1e-94ac-263c5d2887ab","D17","BIGC","BIGC.AOS.reaeration.station.01","BIGC_S1_20170627","2017-06-27T17:54Z",1576,"2017-06-27T21:22:30Z",50.30,,23.29,,52.00,,52.10
"afa43c84-1bd8-427d-874b-437e943e4c58","e4825723-8197-4b1e-94ac-263c5d2887ab","D17","BIGC","BIGC.AOS.reaeration.station.01","BIGC_S1_20170627","2017-06-27T17:54Z",2291,"2017-06-27T23:21:40Z",54.80,,26.05,,53.72,,53.65
"14d3e05e-51ed-4d94-a076-be2f3813462d","e4825723-8197-4b1e-94ac-263c5d2887ab","D17","BIGC","BIGC.AOS.reaeration.station.01","BIGC_S1_20170627","2017-06-27T17:54Z",1470,"2017-06-27T21:04:50Z",49.20,,22.15,,52.03,,52.20
"3ef55416-3394-47b9-9f96-1879da2cf8a3","e4825723-8197-4b1e-94ac-263c5d2887ab","D17","BIGC","BIGC.AOS.reaeration.station.01","BIGC_S1_20170627","2017-06-27T17:54Z",1805,"2017-06-27T22:00:40Z",52.60,,25.55,,52.05,,52.02
"c19b9746-3d3c-4078-97cf-0a92d4518399","e4825723-8197-4b1e-94ac-263c5d2887ab","D17","BIGC","BIGC.AOS.reaeration.station.01","BIGC_S1_20170627","2017-06-27T17:54Z",73,"2017-06-27T17:12:00Z",79.60,,14.30,,100.05,,100.82
"4788f0db-8f6a-484f-bac1-8ec65e44f19f","e4825723-8197-4b1e-94ac-263c5d2887ab","D17","BIGC","BIGC.AOS.reaeration.station.01","BIGC_S1_20170627","2017-06-27T17:54Z",1745,"2017-06-27T21:50:40Z",52.10,,25.20,,51.90,,51.89
"36cf5e2d-fc14-43d6-9330-320c93c7dd86","e4825723-8197-4b1e-94ac-263c5d2887ab","D17","BIGC","BIGC.AOS.reaeration.station.01","BIGC_S1_20170627","2017-06-27T17:54Z",608,"2017-06-27T18:41:10Z",82.10,,15.56,,100.16,,100.91
"4b4f3745-9b8d-45aa-9b6c-875f24701d14","e4825723-8197-4b1e-94ac-263c5d2887ab","D17","BIGC","BIGC.AOS.reaeration.station.01","BIGC_S1_20170627","2017-06-27T17:54Z",1088,"2017-06-27T20:01:10Z",90.30,,17.18,,106.16,,106.90
"20e2e779-b485-40e2-a339-8aab3539331a","e4825723-8197-4b1e-94ac-263c5d2887ab","D17","BIGC","BIGC.AOS.reaeration.station.01","BIGC_S1_20170627","2017-06-27T17:54Z",312,"2017-06-27T17:51:50Z",80.40,,14.63,,100.26,,101.03
"80af8564-3fbd-4058-a689-9a935ab1d5c9","e4825723-8197-4b1e-94ac-263c5d2887ab","D17","BIGC","BIGC.AOS.reaeration.station.01","BIGC_S1_20170627","2017-06-27T17:54Z",1487,"2017-06-27T21:07:40Z",49.30,,22.37,,51.91,,52.06
"29026fa8-ef03-4cc1-a330-aaa41c469111","e4825723-8197-4b1e-94ac-263c5d2887ab","D17","BIGC","BIGC.AOS.reaeration.station.01","BIGC_S1_20170627","2017-06-27T17:54Z",600,"2017-06-27T18:39:50Z",82.10,,15.50,,100.30,,101.06
"8656c6b7-4722-49d0-8c0f-ffa70746cf46","e4825723-8197-4b1e-94ac-263c5d2887ab","D17","BIGC","BIGC.AOS.reaeration.station.01","BIGC_S1_20170627","2017-06-27T17:54Z",1268,"2017-06-27T20:31:10Z",87.40,,17.70,,101.56,,102.24
"e7a9e7b8-403b-4865-af20-1ce6a2334bab","e4825723-8197-4b1e-94ac-263c5d2887ab","D17","BIGC","BIGC.AOS.reaeration.station.01","BIGC_S1_20170627","2017-06-27T17:54Z",1747,"2017-06-27T21:51:00Z",52.10,,25.21,,51.89,,51.88
"33e9f166-4059-401f-93a4-c132cc4f8a25","e4825723-8197-4b1e-94ac-263c5d2887ab","D17","BIGC","BIGC.AOS.reaeration.station.01","BIGC_S1_20170627","2017-06-27T17:54Z",2479,"2017-06-27T23:53:00Z",55.20,,26.17,,53.99,,53.91
"9fddba6d-9a27-4862-88b9-4c5a93c45fe7","e4825723-8197-4b1e-94ac-263c5d2887ab","D17","BIGC","BIGC.AOS.reaeration.station.01","BIGC_S1_20170627","2017-06-27T17:54Z",881,"2017-06-27T19:26:40Z",87.30,,16.46,,104.32,,105.07
"def78fa1-256a-4321-898e-63d88bac3bd7","e4825723-8197-4b1e-94ac-263c5d2887ab","D17","BIGC","BIGC.AOS.reaeration.station.01","BIGC_S1_20170627","2017-06-27T17:54Z",2447,"2017-06-27T23:47:40Z",55.20,,26.16,,54.00,,53.92
"fe99eee2-abd3-4702-96c4-14fc4b9a4fce","e4825723-8197-4b1e-94ac-263c5d2887ab","D17","BIGC","BIGC.AOS.reaeration.station.01","BIGC_S1_20170627","2017-06-27T17:54Z",1591,"2017-06-27T21:25:00Z",50.50,,23.50,,51.99,,52.08
"6031edc1-d593-4fdf-837e-adcdc9d33da6","e4825723-8197-4b1e-94ac-263c5d2887ab","D17","BIGC","BIGC.AOS.reaeration.station.01","BIGC_S1_20170627","2017-06-27T17:54Z",661,"2017-06-27T18:50:00Z",85.90,,15.68,,104.50,,105.29
"5326acdc-8e43-4e8f-8598-2ed3833b5c21","e4825723-8197-4b1e-94ac-263c5d2887ab","D17","BIGC","BIGC.AOS.reaeration.station.01","BIGC_S1_20170627","2017-06-27T17:54Z",2157,"2017-06-27T22:59:20Z",54.50,,26.06,,53.42,,53.35
"1876518a-9750-49ef-a71f-0f6fb28da9bd","e4825723-8197-4b1e-94ac-263c5d2887ab","D17","BIGC","BIGC.AOS.reaeration.station.01","BIGC_S1_20170627","2017-06-27T17:54Z",221,"2017-06-27T17:36:40Z",80.10,,14.49,,100.22,,100.99
"3cb4f9e7-179b-4b74-9a9c-e2e7ad8def7c","e4825723-8197-4b1e-94ac-263c5d2887ab","D17","BIGC","BIGC.AOS.reaeration.station.01","BIGC_S1_20170627","2017-06-27T17:54Z",649,"2017-06-27T18:48:00Z",84.40,,15.66,,102.73,,103.50
"2e1566c9-c509-4961-b4d2-2f65b690d19e","e4825723-8197-4b1e-94ac-263c5d2887ab","D17","BIGC","BIGC.AOS.reaeration.station.01","BIGC_S1_20170627","2017-06-27T17:54Z",759,"2017-06-27T19:06:20Z",86.40,,16.07,,104.17,,104.94
"5b3630c3-15b3-4aef-b5be-8e6f86959bf4","e4825723-8197-4b1e-94ac-263c5d2887ab","D17","BIGC","BIGC.AOS.reaeration.station.01","BIGC_S1_20170627","2017-06-27T17:54Z",438,"2017-06-27T18:12:50Z",81.00,,14.98,,100.17,,100.94
"eaa2b134-f05f-4d26-aa83-8247bc877528","e4825723-8197-4b1e-94ac-263c5d2887ab","D17","BIGC","BIGC.AOS.reaeration.station.01","BIGC_S1_20170627","2017-06-27T17:54Z",1162,"2017-06-27T20:13:30Z",90.60,,17.42,,105.94,,106.66
"01aeb02d-3df2-44cb-90c9-d3a4ef660c38","e4825723-8197-4b1e-94ac-263c5d2887ab","D17","BIGC","BIGC.AOS.reaeration.station.01","BIGC_S1_20170627","2017-06-27T17:54Z",1191,"2017-06-27T20:18:20Z",91.20,,17.51,,106.43,,107.15
"14f843ed-9c10-407b-8d1f-4c5dbaeef4d1","e4825723-8197-4b1e-94ac-263c5d2887ab","D17","BIGC","BIGC.AOS.reaeration.station.01","BIGC_S1_20170627","2017-06-27T17:54Z",1054,"2017-06-27T19:55:30Z",89.50,,17.06,,105.50,,106.24
"d28d0827-8128-46e1-bdc0-60e927965847","e4825723-8197-4b1e-94ac-263c5d2887ab","D17","BIGC","BIGC.AOS.reaeration.station.01","BIGC_S1_20170627","2017-06-27T17:54Z",1641,"2017-06-27T21:33:20Z",51.20,,24.21,,51.98,,52.03
"1c235223-8800-4ba2-bf2b-168a48a73112","e4825723-8197-4b1e-94ac-263c5d2887ab","D17","BIGC","BIGC.AOS.reaeration.station.01","BIGC_S1_20170627","2017-06-27T17:54Z",102,"2017-06-27T17:16:50Z",79.90,,14.26,,100.52,,101.29
"d9dd33d1-0793-4b83-833a-8821251a2920","e4825723-8197-4b1e-94ac-263c5d2887ab","D17","BIGC","BIGC.AOS.reaeration.station.01","BIGC_S1_20170627","2017-06-27T17:54Z",278,"2017-06-27T17:46:10Z",80.30,,14.57,,100.28,,101.05
"49948837-369f-4bd3-93cb-ffe0be5f7f90","e4825723-8197-4b1e-94ac-263c5d2887ab","D17","BIGC","BIGC.AOS.reaeration.station.01","BIGC_S1_20170627","2017-06-27T17:54Z",529,"2017-06-27T18:28:00Z",81.60,,15.22,,100.34,,101.11
"dbe14e18-b63d-4090-a92d-f0e4b1936836","e4825723-8197-4b1e-94ac-263c5d2887ab","D17","BIGC","BIGC.AOS.reaeration.station.01","BIGC_S1_20170627","2017-06-27T17:54Z",2305,"2017-06-27T23:24:00Z",54.80,,26.05,,53.72,,53.65
"828da41a-54d1-4d2c-94fb-aa3c3d899417","e4825723-8197-4b1e-94ac-263c5d2887ab","D17","BIGC","BIGC.AOS.reaeration.station.01","BIGC_S1_20170627","2017-06-27T17:54Z",1769,"2017-06-27T21:54:40Z",52.20,,25.32,,51.88,,51.86
"1a7e34fb-5724-4582-bdb1-5eae7c407ec5","e4825723-8197-4b1e-94ac-263c5d2887ab","D17","BIGC","BIGC.AOS.reaeration.station.01","BIGC_S1_20170627","2017-06-27T17:54Z",1572,"2017-06-27T21:21:50Z",50.20,,23.26,,51.93,,52.03
"85170db0-b68c-4c69-82d7-881c5ff075fb","e4825723-8197-4b1e-94ac-263c5d2887ab","D17","BIGC","BIGC.AOS.reaeration.station.01","BIGC_S1_20170627","2017-06-27T17:54Z",2095,"2017-06-27T22:49:00Z",54.30,,26.10,,53.18,,53.11
"4c318a11-c77f-4949-93ed-e3d51cd02e4c","e4825723-8197-4b1e-94ac-263c5d2887ab","D17","BIGC","BIGC.AOS.reaeration.station.01","BIGC_S1_20170627","2017-06-27T17:54Z",1664,"2017-06-27T21:37:10Z",51.40,,24.48,,51.92,,51.95
"19c12768-1df3-49e2-81a1-00e4a0b9fcf6","e4825723-8197-4b1e-94ac-263c5d2887ab","D17","BIGC","BIGC.AOS.reaeration.station.01","BIGC_S1_20170627","2017-06-27T17:54Z",225,"2017-06-27T17:37:20Z",80.20,,14.48,,100.37,,101.14
"5fed002d-6f00-4207-9b39-cbae0c2a1064","e4825723-8197-4b1e-94ac-263c5d2887ab","D17","BIGC","BIGC.AOS.reaeration.station.01","BIGC_S1_20170627","2017-06-27T17:54Z",1355,"2017-06-27T20:45:40Z",45.80,,19.55,,51.12,,51.40
"5092f4ae-72a8-4e08-bc9b-088583acc83c","e4825723-8197-4b1e-94ac-263c5d2887ab","D17","BIGC","BIGC.AOS.reaeration.station.01","BIGC_S1_20170627","2017-06-27T17:54Z",1323,"2017-06-27T20:40:20Z",44.80,,18.92,,50.69,,50.99
"c57eeb97-d1fc-4cf4-bab6-875556eeb524","e4825723-8197-4b1e-94ac-263c5d2887ab","D17","BIGC","BIGC.AOS.reaeration.station.01","BIGC_S1_20170627","2017-06-27T17:54Z",756,"2017-06-27T19:05:50Z",86.90,,16.02,,104.89,,105.67
"dae4cc36-d020-4839-8639-f20cd9f80cbd","e4825723-8197-4b1e-94ac-263c5d2887ab","D17","BIGC","BIGC.AOS.reaeration.station.01","BIGC_S1_20170627","2017-06-27T17:54Z",594,"2017-06-27T18:38:50Z",82.20,,15.45,,100.54,,101.30
"c755116a-69b6-497f-a2ca-e76d10705e15","e4825723-8197-4b1e-94ac-263c5d2887ab","D17","BIGC","BIGC.AOS.reaeration.station.01","BIGC_S1_20170627","2017-06-27T17:54Z",2178,"2017-06-27T23:02:50Z",54.50,,26.06,,53.42,,53.35
"8911e784-8129-4c67-ab75-f50f3ea2d7e9","e4825723-8197-4b1e-94ac-263c5d2887ab","D17","BIGC","BIGC.AOS.reaeration.station.01","BIGC_S1_20170627","2017-06-27T17:54Z",315,"2017-06-27T17:52:20Z",80.30,,14.67,,100.04,,100.80
"8ebec918-a067-4b59-8368-01e0d498bf56","e4825723-8197-4b1e-94ac-263c5d2887ab","D17","BIGC","BIGC.AOS.reaeration.station.01","BIGC_S1_20170627","2017-06-27T17:54Z",696,"2017-06-27T18:55:50Z",86.20,,15.83,,104.50,,105.28
"727a1d35-e894-4291-8be8-d5a999aed58d","e4825723-8197-4b1e-94ac-263c5d2887ab","D17","BIGC","BIGC.AOS.reaeration.station.01","BIGC_S1_20170627","2017-06-27T17:54Z",740,"2017-06-27T19:03:10Z",86.70,,15.96,,104.79,,105.57
"99e84834-5312-41d8-aa2f-7dbb4b36239c","e4825723-8197-4b1e-94ac-263c5d2887ab","D17","BIGC","BIGC.AOS.reaeration.station.01","BIGC_S1_20170627","2017-06-27T17:54Z",81,"2017-06-27T17:13:20Z",79.60,,14.32,,100.00,,100.77
"e228ee72-34e7-4e7f-9b68-d7d4f9ae9596","e4825723-8197-4b1e-94ac-263c5d2887ab","D17","BIGC","BIGC.AOS.reaeration.station.01","BIGC_S1_20170627","2017-06-27T17:54Z",898,"2017-06-27T19:29:30Z",87.50,,16.50,,104.46,,105.22
"a01c7058-c67b-4b6b-bc6c-9710a82b8c0b","e4825723-8197-4b1e-94ac-263c5d2887ab","D17","BIGC","BIGC.AOS.reaeration.station.01","BIGC_S1_20170627","2017-06-27T17:54Z",1315,"2017-06-27T20:39:00Z",43.60,,18.18,,50.13,,50.45
"6dbafdd1-38fb-46b2-9e0a-a2cec0224bd2","e4825723-8197-4b1e-94ac-263c5d2887ab","D17","BIGC","BIGC.AOS.reaeration.station.01","BIGC_S1_20170627","2017-06-27T17:54Z",164,"2017-06-27T17:27:10Z",79.90,,14.41,,100.16,,100.93
"b4c80cb0-e14f-48dc-875e-aab1331ae8fd","e4825723-8197-4b1e-94ac-263c5d2887ab","D17","BIGC","BIGC.AOS.reaeration.station.01","BIGC_S1_20170627","2017-06-27T17:54Z",135,"2017-06-27T17:22:20Z",79.80,,14.36,,100.15,,100.92
"f0cc6318-70a2-4d1d-93ec-7b9d6239cb23","e4825723-8197-4b1e-94ac-263c5d2887ab","D17","BIGC","BIGC.AOS.reaeration.station.01","BIGC_S1_20170627","2017-06-27T17:54Z",1887,"2017-06-27T22:14:20Z",53.40,,25.99,,52.41,,52.34
"a92102cc-88b7-434d-82ce-5b8f39d3119e","e4825723-8197-4b1e-94ac-263c5d2887ab","D17","BIGC","BIGC.AOS.reaeration.station.01","BIGC_S1_20170627","2017-06-27T17:54Z",1595,"2017-06-27T21:25:40Z",50.50,,23.56,,51.93,,52.02
"f4ce2c9a-3b15-4aad-a2c4-5da394e3edcc","e4825723-8197-4b1e-94ac-263c5d2887ab","D17","BIGC","BIGC.AOS.reaeration.station.01","BIGC_S1_20170627","2017-06-27T17:54Z",972,"2017-06-27T19:41:50Z",84.90,,16.78,,100.71,,101.43
"fbd1f8ad-71bf-4051-9a1a-a6af9402449f","e4825723-8197-4b1e-94ac-263c5d2887ab","D17","BIGC","BIGC.AOS.reaeration.station.01","BIGC_S1_20170627","2017-06-27T17:54Z",281,"2017-06-27T17:46:40Z",80.30,,14.59,,100.23,,101.00
"803cf094-b7c2-4cda-a865-3daabbf85b45","e4825723-8197-4b1e-94ac-263c5d2887ab","D17","BIGC","BIGC.AOS.reaeration.station.01","BIGC_S1_20170627","2017-06-27T17:54Z",658,"2017-06-27T18:49:30Z",85.70,,15.66,,104.31,,105.09
"86140d0b-8d9f-4f3e-8d91-cf053f591fac","e4825723-8197-4b1e-94ac-263c5d2887ab","D17","BIGC","BIGC.AOS.reaeration.station.01","BIGC_S1_20170627","2017-06-27T17:54Z",1596,"2017-06-27T21:25:50Z",50.50,,23.57,,51.92,,52.01
"a236df14-97cb-4089-a991-7e0ec509d8b0","e4825723-8197-4b1e-94ac-263c5d2887ab","D17","BIGC","BIGC.AOS.reaeration.station.01","BIGC_S1_20170627","2017-06-27T17:54Z",333,"2017-06-27T17:55:20Z",80.40,,14.69,,100.11,,100.88
"097df570-d2da-4cf2-9ba8-6cbe7d7e370b","e4825723-8197-4b1e-94ac-263c5d2887ab","D17","BIGC","BIGC.AOS.reaeration.station.01","BIGC_S1_20170627","2017-06-27T17:54Z",218,"2017-06-27T17:36:10Z",80.10,,14.50,,100.19,,100.96
"9cd25cec-240e-483c-a922-7c0ae8ad2b27","e4825723-8197-4b1e-94ac-263c5d2887ab","D17","BIGC","BIGC.AOS.reaeration.station.01","BIGC_S1_20170627","2017-06-27T17:54Z",1260,"2017-06-27T20:29:50Z",87.80,,17.68,,102.07,,102.76
"55eeb12f-2284-4b33-a9e4-4ecfdf252c74","e4825723-8197-4b1e-94ac-263c5d2887ab","D17","BIGC","BIGC.AOS.reaeration.station.01","BIGC_S1_20170627","2017-06-27T17:54Z",2169,"2017-06-27T23:01:20Z",54.50,,26.06,,53.42,,53.35
"b6d25029-2923-4e0c-9475-9c670479c008","e4825723-8197-4b1e-94ac-263c5d2887ab","D17","BIGC","BIGC.AOS.reaeration.station.01","BIGC_S1_20170627","2017-06-27T17:54Z",451,"2017-06-27T18:15:00Z",80.90,,15.02,,99.95,,100.72
"5409d3e8-c896-466f-b5a5-3b47a23dabb8","e4825723-8197-4b1e-94ac-263c5d2887ab","D17","BIGC","BIGC.AOS.reaeration.station.01","BIGC_S1_20170627","2017-06-27T17:54Z",1826,"2017-06-27T22:04:10Z",52.80,,25.69,,52.11,,52.07
"235477f1-3ce8-455d-ad65-a631e7c2520d","e4825723-8197-4b1e-94ac-263c5d2887ab","D17","BIGC","BIGC.AOS.reaeration.station.01","BIGC_S1_20170627","2017-06-27T17:54Z",705,"2017-06-27T18:57:20Z",86.50,,15.84,,104.84,,105.63
"43086799-1eba-42ba-ab05-213ae9f91d68","e4825723-8197-4b1e-94ac-263c5d2887ab","D17","BIGC","BIGC.AOS.reaeration.station.01","BIGC_S1_20170627","2017-06-27T17:54Z",561,"2017-06-27T18:33:20Z",81.90,,15.33,,100.45,,101.22
"88a66c92-0f7c-43d3-9015-74f407d510de","e4825723-8197-4b1e-94ac-263c5d2887ab","D17","BIGC","BIGC.AOS.reaeration.station.01","BIGC_S1_20170627","2017-06-27T17:54Z",1821,"2017-06-27T22:03:20Z",52.70,,25.66,,52.04,,52.00
"2a9f8622-5883-4612-82ac-0a1c5264c382","e4825723-8197-4b1e-94ac-263c5d2887ab","D17","BIGC","BIGC.AOS.reaeration.station.01","BIGC_S1_20170627","2017-06-27T17:54Z",2471,"2017-06-27T23:51:40Z",55.30,,26.17,,54.09,,54.01
"71731473-8421-479a-bd57-7ef41b58766a","e4825723-8197-4b1e-94ac-263c5d2887ab","D17","BIGC","BIGC.AOS.reaeration.station.01","BIGC_S1_20170627","2017-06-27T17:54Z",305,"2017-06-27T17:50:40Z",80.10,,14.68,,99.76,,100.53
"18fb96a9-161d-491e-a429-624855df2145","e4825723-8197-4b1e-94ac-263c5d2887ab","D17","BIGC","BIGC.AOS.reaeration.station.01","BIGC_S1_20170627","2017-06-27T17:54Z",1907,"2017-06-27T22:17:40Z",53.40,,26.05,,52.35,,52.28
"637b3ee1-1dc3-441e-b427-9961f70332b7","e4825723-8197-4b1e-94ac-263c5d2887ab","D17","BIGC","BIGC.AOS.reaeration.station.01","BIGC_S1_20170627","2017-06-27T17:54Z",2449,"2017-06-27T23:48:00Z",55.20,,26.16,,54.00,,53.92
"9d33d903-d10d-440f-8bc0-e17f77b6b210","e4825723-8197-4b1e-94ac-263c5d2887ab","D17","BIGC","BIGC.AOS.reaeration.station.01","BIGC_S1_20170627","2017-06-27T17:54Z",311,"2017-06-27T17:51:40Z",80.40,,14.62,,100.28,,101.05
"d0b11815-a590-4e87-9f29-2f9ce9521db8","e4825723-8197-4b1e-94ac-263c5d2887ab","D17","BIGC","BIGC.AOS.reaeration.station.01","BIGC_S1_20170627","2017-06-27T17:54Z",895,"2017-06-27T19:29:00Z",87.60,,16.50,,104.58,,105.34
"0bda8578-17d4-4315-b714-4a218a8f024e","e4825723-8197-4b1e-94ac-263c5d2887ab","D17","BIGC","BIGC.AOS.reaeration.station.01","BIGC_S1_20170627","2017-06-27T17:54Z",636,"2017-06-27T18:45:50Z",83.20,,15.62,,101.36,,102.12
"a84d1290-181c-4ec3-8e45-7660e273ccab","e4825723-8197-4b1e-94ac-263c5d2887ab","D17","BIGC","BIGC.AOS.reaeration.station.01","BIGC_S1_20170627","2017-06-27T17:54Z",2164,"2017-06-27T23:00:30Z",54.50,,26.06,,53.42,,53.35
"e4cc9c76-e8e0-4636-8fe3-0e2706472ddb","e4825723-8197-4b1e-94ac-263c5d2887ab","D17","BIGC","BIGC.AOS.reaeration.station.01","BIGC_S1_20170627","2017-06-27T17:54Z",1686,"2017-06-27T21:40:50Z",51.60,,24.73,,51.87,,51.88
"cbc7fb19-008d-4a55-b61e-dc115d4f2930","e4825723-8197-4b1e-94ac-263c5d2887ab","D17","BIGC","BIGC.AOS.reaeration.station.01","BIGC_S1_20170627","2017-06-27T17:54Z",1460,"2017-06-27T21:03:10Z",49.00,,22.02,,51.96,,52.13
"f97a136d-8b6e-411c-84b1-d980128a0818","e4825723-8197-4b1e-94ac-263c5d2887ab","D17","BIGC","BIGC.AOS.reaeration.station.01","BIGC_S1_20170627","2017-06-27T17:54Z",2224,"2017-06-27T23:10:30Z",54.70,,26.05,,53.62,,53.55
"e995acbb-4b3c-46e8-ba92-c150eb6ef6a8","e4825723-8197-4b1e-94ac-263c5d2887ab","D17","BIGC","BIGC.AOS.reaeration.station.01","BIGC_S1_20170627","2017-06-27T17:54Z",1839,"2017-06-27T22:06:20Z",53.00,,25.78,,52.22,,52.17
"7b2186ac-8fea-428a-ab50-0fa9eed548b9","e4825723-8197-4b1e-94ac-263c5d2887ab","D17","BIGC","BIGC.AOS.reaeration.station.01","BIGC_S1_20170627","2017-06-27T17:54Z",228,"2017-06-27T17:37:50Z",80.20,,14.44,,100.46,,101.23
"923c3cdc-0c7f-43a2-8196-8657eed6a3f1","e4825723-8197-4b1e-94ac-263c5d2887ab","D17","BIGC","BIGC.AOS.reaeration.station.01","BIGC_S1_20170627","2017-06-27T17:54Z",782,"2017-06-27T19:10:10Z",87.20,,16.12,,105.01,,105.79
"0a8a5505-6dd5-4d4e-ad68-39edf1f0bf7f","e4825723-8197-4b1e-94ac-263c5d2887ab","D17","BIGC","BIGC.AOS.reaeration.station.01","BIGC_S1_20170627","2017-06-27T17:54Z",58,"2017-06-27T17:09:30Z",79.40,,14.33,,99.72,,100.49
"78fd3f11-e9a4-4007-a8ab-8d9e403a0d05","e4825723-8197-4b1e-94ac-263c5d2887ab","D17","BIGC","BIGC.AOS.reaeration.station.01","BIGC_S1_20170627","2017-06-27T17:54Z",856,"2017-06-27T19:22:30Z",86.80,,16.38,,103.91,,104.67
"2c81ff66-9a00-444a-9f1d-4f0a2ae5ac9c","e4825723-8197-4b1e-94ac-263c5d2887ab","D17","BIGC","BIGC.AOS.reaeration.station.01","BIGC_S1_20170627","2017-06-27T17:54Z",310,"2017-06-27T17:51:30Z",80.40,,14.65,,100.21,,100.98
"b06f7b12-254e-4089-988d-37e31f5a103d","e4825723-8197-4b1e-94ac-263c5d2887ab","D17","BIGC","BIGC.AOS.reaeration.station.01","BIGC_S1_20170627","2017-06-27T17:54Z",1020,"2017-06-27T19:49:50Z",88.60,,16.95,,104.70,,105.44
"ffdc2109-a5dd-4b19-b205-c58c9988f1fc","e4825723-8197-4b1e-94ac-263c5d2887ab","D17","BIGC","BIGC.AOS.reaeration.station.01","BIGC_S1_20170627","2017-06-27T17:54Z",273,"2017-06-27T17:45:20Z",80.30,,14.54,,100.35,,101.12
"81691bba-547a-4ffc-9836-b013d8cabcb9","e4825723-8197-4b1e-94ac-263c5d2887ab","D17","BIGC","BIGC.AOS.reaeration.station.01","BIGC_S1_20170627","2017-06-27T17:54Z",811,"2017-06-27T19:15:00Z",86.70,,16.24,,104.12,,104.89
"57e6e862-fb1d-439e-8d44-95a4420eaf2f","e4825723-8197-4b1e-94ac-263c5d2887ab","D17","BIGC","BIGC.AOS.reaeration.station.01","BIGC_S1_20170627","2017-06-27T17:54Z",1462,"2017-06-27T21:03:30Z",49.00,,22.05,,51.93,,52.10
"5bf51597-69a5-4015-a3e9-bd03ea42908f","e4825723-8197-4b1e-94ac-263c5d2887ab","D17","BIGC","BIGC.AOS.reaeration.station.01","BIGC_S1_20170627","2017-06-27T17:54Z",40,"2017-06-27T17:06:30Z",79.40,,14.30,,99.80,,100.56
"4ea0b0f0-12da-4519-83e2-60fc7b417a14","e4825723-8197-4b1e-94ac-263c5d2887ab","D17","BIGC","BIGC.AOS.reaeration.station.01","BIGC_S1_20170627","2017-06-27T17:54Z",2574,"2017-06-28T00:08:50Z",55.80,,26.18,,54.57,,54.49
"987998ae-08c7-49c6-ac39-5a5dec58b5f8","e4825723-8197-4b1e-94ac-263c5d2887ab","D17","BIGC","BIGC.AOS.reaeration.station.01","BIGC_S1_20170627","2017-06-27T17:54Z",2256,"2017-06-27T23:15:50Z",54.70,,26.05,,53.62,,53.55
"1368f4bf-3dda-4370-a009-742c78890c3d","e4825723-8197-4b1e-94ac-263c5d2887ab","D17","BIGC","BIGC.AOS.reaeration.station.01","BIGC_S1_20170627","2017-06-27T17:54Z",703,"2017-06-27T18:57:00Z",86.20,,15.84,,104.48,,105.26
"8a6406ce-22d9-44f5-a757-3552e7af437f","e4825723-8197-4b1e-94ac-263c5d2887ab","D17","BIGC","BIGC.AOS.reaeration.station.01","BIGC_S1_20170627","2017-06-27T17:54Z",2130,"2017-06-27T22:54:50Z",54.40,,26.08,,53.30,,53.23
"54033e5e-a52b-4ab8-b3c6-44d36f7bf11a","e4825723-8197-4b1e-94ac-263c5d2887ab","D17","BIGC","BIGC.AOS.reaeration.station.01","BIGC_S1_20170627","2017-06-27T17:54Z",492,"2017-06-27T18:21:50Z",81.10,,15.13,,99.94,,100.70
"7c24af22-b72d-4ef2-b70f-2f438920be1f","e4825723-8197-4b1e-94ac-263c5d2887ab","D17","BIGC","BIGC.AOS.reaeration.station.01","BIGC_S1_20170627","2017-06-27T17:54Z",711,"2017-06-27T18:58:20Z",86.60,,15.87,,104.89,,105.67
"48aa6906-ab7c-49cc-be32-8c78d012600f","e4825723-8197-4b1e-94ac-263c5d2887ab","D17","BIGC","BIGC.AOS.reaeration.station.01","BIGC_S1_20170627","2017-06-27T17:54Z",2363,"2017-06-27T23:33:40Z",55.00,,26.09,,53.88,,53.80
"9b539444-0e0c-4ee8-8ca2-f2e82bbc5c89","e4825723-8197-4b1e-94ac-263c5d2887ab","D17","BIGC","BIGC.AOS.reaeration.station.01","BIGC_S1_20170627","2017-06-27T17:54Z",7,"2017-06-27T17:01:00Z",79.70,,14.14,,100.56,,101.33
"cc5e2f42-fd93-49f1-a8ed-f7b7baeeebe0","e4825723-8197-4b1e-94ac-263c5d2887ab","D17","BIGC","BIGC.AOS.reaeration.station.01","BIGC_S1_20170627","2017-06-27T17:54Z",231,"2017-06-27T17:38:20Z",80.20,,14.49,,100.34,,101.11
"6ac502ae-1ae3-4f95-9e08-592adf2c2d42","e4825723-8197-4b1e-94ac-263c5d2887ab","D17","BIGC","BIGC.AOS.reaeration.station.01","BIGC_S1_20170627","2017-06-27T17:54Z",452,"2017-06-27T18:15:10Z",81.10,,14.95,,100.37,,101.13
"c123649a-a98c-44eb-9594-5dc5331a5ee8","e4825723-8197-4b1e-94ac-263c5d2887ab","D17","BIGC","BIGC.AOS.reaeration.station.01","BIGC_S1_20170627","2017-06-27T17:54Z",1957,"2017-06-27T22:26:00Z",53.90,,26.14,,52.75,,52.68
"85791bd5-36fa-40df-8b31-dbf0b312b613","e4825723-8197-4b1e-94ac-263c5d2887ab","D17","BIGC","BIGC.AOS.reaeration.station.01","BIGC_S1_20170627","2017-06-27T17:54Z",1564,"2017-06-27T21:20:30Z",50.10,,23.19,,51.89,,52.00
"b220dd0b-e52c-41c7-8469-051101616ed4","e4825723-8197-4b1e-94ac-263c5d2887ab","D17","BIGC","BIGC.AOS.reaeration.station.01","BIGC_S1_20170627","2017-06-27T17:54Z",471,"2017-06-27T18:18:20Z",81.30,,15.02,,100.45,,101.21
"d8c72f33-6f36-4b32-8920-77233b48bba9","e4825723-8197-4b1e-94ac-263c5d2887ab","D17","BIGC","BIGC.AOS.reaeration.station.01","BIGC_S1_20170627","2017-06-27T17:54Z",990,"2017-06-27T19:44:50Z",86.50,,16.84,,102.47,,103.20
"06493417-3408-45ab-986d-53001efa4f1e","e4825723-8197-4b1e-94ac-263c5d2887ab","D17","BIGC","BIGC.AOS.reaeration.station.01","BIGC_S1_20170627","2017-06-27T17:54Z",2504,"2017-06-27T23:57:10Z",55.30,,26.18,,54.08,,54.00
"ce63db29-88c9-4f82-8661-5e6ab307b91b","e4825723-8197-4b1e-94ac-263c5d2887ab","D17","BIGC","BIGC.AOS.reaeration.station.01","BIGC_S1_20170627","2017-06-27T17:54Z",52,"2017-06-27T17:08:30Z",79.70,,14.24,,100.32,,101.09
"55b25af9-4847-44f1-9f19-19f92ca5b8f5","e4825723-8197-4b1e-94ac-263c5d2887ab","D17","BIGC","BIGC.AOS.reaeration.station.01","BIGC_S1_20170627","2017-06-27T17:54Z",1895,"2017-06-27T22:15:40Z",53.40,,26.02,,52.38,,52.31
"2d297187-1755-4341-9c0a-31da3222fb02","e4825723-8197-4b1e-94ac-263c5d2887ab","D17","BIGC","BIGC.AOS.reaeration.station.01","BIGC_S1_20170627","2017-06-27T17:54Z",375,"2017-06-27T18:02:20Z",80.50,,14.81,,99.95,,100.72
"f7639472-fcf1-4eac-939b-25b78bd6f566","e4825723-8197-4b1e-94ac-263c5d2887ab","D17","BIGC","BIGC.AOS.reaeration.station.01","BIGC_S1_20170627","2017-06-27T17:54Z",39,"2017-06-27T17:06:20Z",79.50,,14.24,,100.06,,100.83
"ed5d8ffb-f9b6-45fc-a8df-6266628b8d25","e4825723-8197-4b1e-94ac-263c5d2887ab","D17","BIGC","BIGC.AOS.reaeration.station.01","BIGC_S1_20170627","2017-06-27T17:54Z",2076,"2017-06-27T22:45:50Z",54.20,,26.11,,53.07,,53.00
"c6e91546-951b-4b79-8dcd-b3efe6b30ab0","e4825723-8197-4b1e-94ac-263c5d2887ab","D17","BIGC","BIGC.AOS.reaeration.station.01","BIGC_S1_20170627","2017-06-27T17:54Z",1493,"2017-06-27T21:08:40Z",49.40,,22.44,,51.94,,52.09
"f2241595-1b2f-4631-b3ee-971ee5f1edb4","e4825723-8197-4b1e-94ac-263c5d2887ab","D17","BIGC","BIGC.AOS.reaeration.station.01","BIGC_S1_20170627","2017-06-27T17:54Z",1437,"2017-06-27T20:59:20Z",48.70,,21.66,,52.02,,52.21
"b1e25933-f3df-428d-b79a-64ba5f13ff22","e4825723-8197-4b1e-94ac-263c5d2887ab","D17","BIGC","BIGC.AOS.reaeration.station.01","BIGC_S1_20170627","2017-06-27T17:54Z",2177,"2017-06-27T23:02:40Z",54.50,,26.06,,53.42,,53.35
"a68f599e-d59f-49f2-9c00-317b86ce10fc","e4825723-8197-4b1e-94ac-263c5d2887ab","D17","BIGC","BIGC.AOS.reaeration.station.01","BIGC_S1_20170627","2017-06-27T17:54Z",1173,"2017-06-27T20:15:20Z",90.80,,17.46,,106.08,,106.80
"2adb536c-1a70-4278-87b8-b9efd85cbb6f","e4825723-8197-4b1e-94ac-263c5d2887ab","D17","BIGC","BIGC.AOS.reaeration.station.01","BIGC_S1_20170627","2017-06-27T17:54Z",2309,"2017-06-27T23:24:40Z",54.80,,26.05,,53.72,,53.65
"0a0459ed-d80b-4b84-a9ed-0de1cb478e5e","e4825723-8197-4b1e-94ac-263c5d2887ab","D17","BIGC","BIGC.AOS.reaeration.station.01","BIGC_S1_20170627","2017-06-27T17:54Z",1892,"2017-06-27T22:15:10Z",53.40,,26.00,,52.40,,52.33
"e24136e8-6aad-47d4-938f-d21154637941","e4825723-8197-4b1e-94ac-263c5d2887ab","D17","BIGC","BIGC.AOS.reaeration.station.01","BIGC_S1_20170627","2017-06-27T17:54Z",2425,"2017-06-27T23:44:00Z",55.20,,26.14,,54.02,,53.95
"a00a9830-93c1-470f-96bd-bb8c6450dd5e","e4825723-8197-4b1e-94ac-263c5d2887ab","D17","BIGC","BIGC.AOS.reaeration.station.01","BIGC_S1_20170627","2017-06-27T17:54Z",2163,"2017-06-27T23:00:20Z",54.50,,26.06,,53.42,,53.35
"5643b662-98a1-46c7-b0ef-15d1561523bc","e4825723-8197-4b1e-94ac-263c5d2887ab","D17","BIGC","BIGC.AOS.reaeration.station.01","BIGC_S1_20170627","2017-06-27T17:54Z",1305,"2017-06-27T20:37:20Z",43.20,,17.87,,50.01,,50.34
"bb55d8ac-966c-4015-aa61-a796eea2158e","e4825723-8197-4b1e-94ac-263c5d2887ab","D17","BIGC","BIGC.AOS.reaeration.station.01","BIGC_S1_20170627","2017-06-27T17:54Z",2360,"2017-06-27T23:33:10Z",55.00,,26.09,,53.88,,53.80
"3ccd8275-323b-47c5-97fc-cfc8741489a2","e4825723-8197-4b1e-94ac-263c5d2887ab","D17","BIGC","BIGC.AOS.reaeration.station.01","BIGC_S1_20170627","2017-06-27T17:54Z",65,"2017-06-27T17:10:40Z",79.50,,14.36,,99.78,,100.54
"7e865fa2-e53f-475f-89e4-a1cea908b079","e4825723-8197-4b1e-94ac-263c5d2887ab","D17","BIGC","BIGC.AOS.reaeration.station.01","BIGC_S1_20170627","2017-06-27T17:54Z",272,"2017-06-27T17:45:10Z",80.10,,14.60,,99.96,,100.72
"2238bf4e-04d8-46ca-be57-1b9cd7d6770e","e4825723-8197-4b1e-94ac-263c5d2887ab","D17","BIGC","BIGC.AOS.reaeration.station.01","BIGC_S1_20170627","2017-06-27T17:54Z",918,"2017-06-27T19:32:50Z",87.70,,16.58,,104.51,,105.26
"5e884b39-8bee-48cb-998e-c4e2acde5436","e4825723-8197-4b1e-94ac-263c5d2887ab","D17","BIGC","BIGC.AOS.reaeration.station.01","BIGC_S1_20170627","2017-06-27T17:54Z",2299,"2017-06-27T23:23:00Z",54.80,,26.05,,53.72,,53.65
"1c7e4e2e-2fa8-4dea-829b-84ab90f948f3","e4825723-8197-4b1e-94ac-263c5d2887ab","D17","BIGC","BIGC.AOS.reaeration.station.01","BIGC_S1_20170627","2017-06-27T17:54Z",1551,"2017-06-27T21:18:20Z",50.00,,23.07,,51.91,,52.03
"798835e9-70b1-4e17-a0e1-97070ececc14","e4825723-8197-4b1e-94ac-263c5d2887ab","D17","BIGC","BIGC.AOS.reaeration.station.01","BIGC_S1_20170627","2017-06-27T17:54Z",1113,"2017-06-27T20:05:20Z",90.20,,17.27,,105.82,,106.56
"a983033d-a09e-4a47-a16b-497cd882208e","e4825723-8197-4b1e-94ac-263c5d2887ab","D17","BIGC","BIGC.AOS.reaeration.station.01","BIGC_S1_20170627","2017-06-27T17:54Z",43,"2017-06-27T17:07:00Z",79.70,,14.21,,100.39,,101.16
"b8a38637-0825-4862-b6fd-405b1a82d33d","e4825723-8197-4b1e-94ac-263c5d2887ab","D17","BIGC","BIGC.AOS.reaeration.station.01","BIGC_S1_20170627","2017-06-27T17:54Z",2200,"2017-06-27T23:06:30Z",54.70,,26.05,,53.62,,53.55
"223187f7-4501-4e1e-b052-388bf6088f7e","e4825723-8197-4b1e-94ac-263c5d2887ab","D17","BIGC","BIGC.AOS.reaeration.station.01","BIGC_S1_20170627","2017-06-27T17:54Z",2170,"2017-06-27T23:01:30Z",54.50,,26.06,,53.42,,53.35
"f0d8630b-b290-46f1-843e-5911167beb27","e4825723-8197-4b1e-94ac-263c5d2887ab","D17","BIGC","BIGC.AOS.reaeration.station.01","BIGC_S1_20170627","2017-06-27T17:54Z",268,"2017-06-27T17:44:30Z",80.20,,14.59,,100.10,,100.87
"6c1475ce-8049-4875-a483-b6d3b7f0d91e","e4825723-8197-4b1e-94ac-263c5d2887ab","D17","BIGC","BIGC.AOS.reaeration.station.01","BIGC_S1_20170627","2017-06-27T17:54Z",2244,"2017-06-27T23:13:50Z",54.70,,26.05,,53.62,,53.55
"8d59f624-326c-4d2d-a3b2-44344a09524c","e4825723-8197-4b1e-94ac-263c5d2887ab","D17","BIGC","BIGC.AOS.reaeration.station.01","BIGC_S1_20170627","2017-06-27T17:54Z",2217,"2017-06-27T23:09:20Z",54.60,,26.05,,53.53,,53.46
"9f0cf35a-f8fa-48ff-aedb-daf3a785fecf","e4825723-8197-4b1e-94ac-263c5d2887ab","D17","BIGC","BIGC.AOS.reaeration.station.01","BIGC_S1_20170627","2017-06-27T17:54Z",927,"2017-06-27T19:34:20Z",86.70,,16.62,,103.22,,103.97
"a71f12de-f48d-46ca-a405-82d07eb3e5e1","e4825723-8197-4b1e-94ac-263c5d2887ab","D17","BIGC","BIGC.AOS.reaeration.station.01","BIGC_S1_20170627","2017-06-27T17:54Z",854,"2017-06-27T19:22:10Z",87.20,,16.37,,104.41,,105.17
"123af223-7c79-4f59-bb78-7e141167ade3","e4825723-8197-4b1e-94ac-263c5d2887ab","D17","BIGC","BIGC.AOS.reaeration.station.01","BIGC_S1_20170627","2017-06-27T17:54Z",1005,"2017-06-27T19:47:20Z",85.70,,16.89,,101.41,,102.13
"f2e1ee1a-fbe2-450f-af74-dcbd3cf468d8","e4825723-8197-4b1e-94ac-263c5d2887ab","D17","BIGC","BIGC.AOS.reaeration.station.01","BIGC_S1_20170627","2017-06-27T17:54Z",2041,"2017-06-27T22:40:00Z",54.10,,26.12,,52.97,,52.89
"f1046bf1-1d7a-4107-aa12-78931cbfeac1","e4825723-8197-4b1e-94ac-263c5d2887ab","D17","BIGC","BIGC.AOS.reaeration.station.01","BIGC_S1_20170627","2017-06-27T17:54Z",224,"2017-06-27T17:37:10Z",80.00,,14.53,,100.00,,100.76
"43d4bfad-01b5-46d4-865e-5492d54b9057","e4825723-8197-4b1e-94ac-263c5d2887ab","D17","BIGC","BIGC.AOS.reaeration.station.01","BIGC_S1_20170627","2017-06-27T17:54Z",2331,"2017-06-27T23:28:20Z",54.90,,26.06,,53.81,,53.74
"6777f9ff-5862-4441-bfcd-7cfeaaa5e7bc","e4825723-8197-4b1e-94ac-263c5d2887ab","D17","BIGC","BIGC.AOS.reaeration.station.01","BIGC_S1_20170627","2017-06-27T17:54Z",495,"2017-06-27T18:22:20Z",81.40,,15.10,,100.38,,101.15
"9a9391d4-2603-4e52-9dca-4e8980f2e4b0","e4825723-8197-4b1e-94ac-263c5d2887ab","D17","BIGC","BIGC.AOS.reaeration.station.01","BIGC_S1_20170627","2017-06-27T17:54Z",564,"2017-06-27T18:33:50Z",82.10,,15.34,,100.68,,101.44
"acc83d4e-1668-4d81-afd6-899da3beaab5","e4825723-8197-4b1e-94ac-263c5d2887ab","D17","BIGC","BIGC.AOS.reaeration.station.01","BIGC_S1_20170627","2017-06-27T17:54Z",616,"2017-06-27T18:42:30Z",82.30,,15.54,,100.45,,101.21
"2b6ed2fa-6cd1-4f9a-aedd-f74c4c86829c","e4825723-8197-4b1e-94ac-263c5d2887ab","D17","BIGC","BIGC.AOS.reaeration.station.01","BIGC_S1_20170627","2017-06-27T17:54Z",975,"2017-06-27T19:42:20Z",85.00,,16.79,,100.81,,101.53
"6148d5b0-f687-42a6-a5f7-b65f58526fae","e4825723-8197-4b1e-94ac-263c5d2887ab","D17","BIGC","BIGC.AOS.reaeration.station.01","BIGC_S1_20170627","2017-06-27T17:54Z",1093,"2017-06-27T20:02:00Z",90.10,,17.19,,105.90,,106.63
"d56e9f39-be50-45b6-a24a-8258886e485e","e4825723-8197-4b1e-94ac-263c5d2887ab","D17","BIGC","BIGC.AOS.reaeration.station.01","BIGC_S1_20170627","2017-06-27T17:54Z",1288,"2017-06-27T20:34:30Z",87.20,,17.74,,101.24,,101.92
"010c6214-4a85-4d31-8b59-ce6ec586c5db","e4825723-8197-4b1e-94ac-263c5d2887ab","D17","BIGC","BIGC.AOS.reaeration.station.01","BIGC_S1_20170627","2017-06-27T17:54Z",1157,"2017-06-27T20:12:40Z",90.90,,17.42,,106.29,,107.02
"ebc51d9b-4735-4de4-987c-0d01faf46f9c","e4825723-8197-4b1e-94ac-263c5d2887ab","D17","BIGC","BIGC.AOS.reaeration.station.01","BIGC_S1_20170627","2017-06-27T17:54Z",1707,"2017-06-27T21:44:20Z",51.80,,24.95,,51.85,,51.85
"b926878e-0562-499b-b305-b13e361172a4","e4825723-8197-4b1e-94ac-263c5d2887ab","D17","BIGC","BIGC.AOS.reaeration.station.01","BIGC_S1_20170627","2017-06-27T17:54Z",1558,"2017-06-27T21:19:30Z",50.00,,23.14,,51.84,,51.95
"1bfb7fa2-442b-421a-927e-213b6a5124ef","e4825723-8197-4b1e-94ac-263c5d2887ab","D17","BIGC","BIGC.AOS.reaeration.station.01","BIGC_S1_20170627","2017-06-27T17:54Z",2374,"2017-06-27T23:35:30Z",55.00,,26.10,,53.87,,53.79
"2304417f-c189-4f9a-98be-7a250ca6d9b6","e4825723-8197-4b1e-94ac-263c5d2887ab","D17","BIGC","BIGC.AOS.reaeration.station.01","BIGC_S1_20170627","2017-06-27T17:54Z",387,"2017-06-27T18:04:20Z",80.60,,14.84,,100.01,,100.77
"a18d32f2-6005-4b56-a10f-3abf5d6e2670","e4825723-8197-4b1e-94ac-263c5d2887ab","D17","BIGC","BIGC.AOS.reaeration.station.01","BIGC_S1_20170627","2017-06-27T17:54Z",406,"2017-06-27T18:07:30Z",80.90,,14.79,,100.50,,101.27
"f93f56e9-d07f-4e0e-8d2d-4af16b57cec4","e4825723-8197-4b1e-94ac-263c5d2887ab","D17","BIGC","BIGC.AOS.reaeration.station.01","BIGC_S1_20170627","2017-06-27T17:54Z",1630,"2017-06-27T21:31:30Z",51.00,,24.07,,51.92,,51.98
"a747521c-a58c-4289-a60f-94b904a59186","e4825723-8197-4b1e-94ac-263c5d2887ab","D17","BIGC","BIGC.AOS.reaeration.station.01","BIGC_S1_20170627","2017-06-27T17:54Z",1606,"2017-06-27T21:27:30Z",50.70,,23.74,,51.95,,52.03
"2d35ae50-0936-4426-8fb9-529982b70542","e4825723-8197-4b1e-94ac-263c5d2887ab","D17","BIGC","BIGC.AOS.reaeration.station.01","BIGC_S1_20170627","2017-06-27T17:54Z",1794,"2017-06-27T21:58:50Z",52.40,,25.48,,51.92,,51.89
"ee581820-f761-4261-8d17-b24f7db57c89","e4825723-8197-4b1e-94ac-263c5d2887ab","D17","BIGC","BIGC.AOS.reaeration.station.01","BIGC_S1_20170627","2017-06-27T17:54Z",436,"2017-06-27T18:12:30Z",80.80,,14.95,,99.99,,100.76
"aedaf6c3-ef73-4aff-bf98-75128361a8fe","e4825723-8197-4b1e-94ac-263c5d2887ab","D17","BIGC","BIGC.AOS.reaeration.station.01","BIGC_S1_20170627","2017-06-27T17:54Z",1498,"2017-06-27T21:09:30Z",49.40,,22.50,,51.88,,52.02
"30f34f48-02e1-47ef-9401-37df2e18a0b8","e4825723-8197-4b1e-94ac-263c5d2887ab","D17","BIGC","BIGC.AOS.reaeration.station.01","BIGC_S1_20170627","2017-06-27T17:54Z",136,"2017-06-27T17:22:30Z",79.80,,14.36,,100.15,,100.92
"a759a766-59d9-4ac7-b04f-c2e2de6694ec","e4825723-8197-4b1e-94ac-263c5d2887ab","D17","BIGC","BIGC.AOS.reaeration.station.01","BIGC_S1_20170627","2017-06-27T17:54Z",1150,"2017-06-27T20:11:30Z",90.90,,17.39,,106.36,,107.09
"8b386a73-9d62-4991-8403-f26297e4a4ea","e4825723-8197-4b1e-94ac-263c5d2887ab","D17","BIGC","BIGC.AOS.reaeration.station.01","BIGC_S1_20170627","2017-06-27T17:54Z",2117,"2017-06-27T22:52:40Z",54.30,,26.09,,53.19,,53.12
"e391aff1-e32e-4971-801e-adc761b4ca42","e4825723-8197-4b1e-94ac-263c5d2887ab","D17","BIGC","BIGC.AOS.reaeration.station.01","BIGC_S1_20170627","2017-06-27T17:54Z",2433,"2017-06-27T23:45:20Z",55.20,,26.15,,54.01,,53.94
"de0fda3a-b3b9-4c03-8ee4-045fce3d2337","e4825723-8197-4b1e-94ac-263c5d2887ab","D17","BIGC","BIGC.AOS.reaeration.station.01","BIGC_S1_20170627","2017-06-27T17:54Z",46,"2017-06-27T17:07:30Z",79.70,,14.20,,100.41,,101.18
"a5179426-1edb-4a40-9eb1-655f7d6203d7","e4825723-8197-4b1e-94ac-263c5d2887ab","D17","BIGC","BIGC.AOS.reaeration.station.01","BIGC_S1_20170627","2017-06-27T17:54Z",2312,"2017-06-27T23:25:10Z",54.80,,26.05,,53.72,,53.65
"34083faa-9a9a-4dc3-bc12-39fcebdb1089","e4825723-8197-4b1e-94ac-263c5d2887ab","D17","BIGC","BIGC.AOS.reaeration.station.01","BIGC_S1_20170627","2017-06-27T17:54Z",298,"2017-06-27T17:49:30Z",80.30,,14.65,,100.09,,100.85
"04c00d19-e8c2-49ac-8f1f-1cc164ef14b4","e4825723-8197-4b1e-94ac-263c5d2887ab","D17","BIGC","BIGC.AOS.reaeration.station.01","BIGC_S1_20170627","2017-06-27T17:54Z",2399,"2017-06-27T23:39:40Z",55.10,,26.12,,53.95,,53.87
"b602ff32-cb86-418b-824e-bf136fcf1ec8","e4825723-8197-4b1e-94ac-263c5d2887ab","D17","BIGC","BIGC.AOS.reaeration.station.01","BIGC_S1_20170627","2017-06-27T17:54Z",223,"2017-06-27T17:37:00Z",80.00,,14.54,,99.97,,100.74
"e0545afe-17b9-4516-a324-2a769f27cc6d","e4825723-8197-4b1e-94ac-263c5d2887ab","D17","BIGC","BIGC.AOS.reaeration.station.01","BIGC_S1_20170627","2017-06-27T17:54Z",648,"2017-06-27T18:47:50Z",85.10,,15.64,,103.63,,104.40
"986cae0e-3aa7-4921-80eb-668f09b96ff6","e4825723-8197-4b1e-94ac-263c5d2887ab","D17","BIGC","BIGC.AOS.reaeration.station.01","BIGC_S1_20170627","2017-06-27T17:54Z",511,"2017-06-27T18:25:00Z",81.40,,15.13,,100.31,,101.07
"d8819139-0f20-41cb-8db5-f1c6d1439c30","e4825723-8197-4b1e-94ac-263c5d2887ab","D17","BIGC","BIGC.AOS.reaeration.station.01","BIGC_S1_20170627","2017-06-27T17:54Z",243,"2017-06-27T17:40:20Z",80.20,,14.48,,100.37,,101.14
"6a7314f7-0a92-49dd-b95d-9b3c78028404","e4825723-8197-4b1e-94ac-263c5d2887ab","D17","BIGC","BIGC.AOS.reaeration.station.01","BIGC_S1_20170627","2017-06-27T17:54Z",1364,"2017-06-27T20:47:10Z",46.70,,20.07,,51.55,,51.82
"ea312593-b092-4e1d-bc3b-30ca98b28046","e4825723-8197-4b1e-94ac-263c5d2887ab","D17","BIGC","BIGC.AOS.reaeration.station.01","BIGC_S1_20170627","2017-06-27T17:54Z",873,"2017-06-27T19:25:20Z",87.90,,16.42,,105.13,,105.89
"0378fde5-b144-49a6-b434-e98f24b36a79","e4825723-8197-4b1e-94ac-263c5d2887ab","D17","BIGC","BIGC.AOS.reaeration.station.01","BIGC_S1_20170627","2017-06-27T17:54Z",1121,"2017-06-27T20:06:40Z",90.20,,17.30,,105.75,,106.48
"f3567312-8ada-48ba-859a-4162780cf203","e4825723-8197-4b1e-94ac-263c5d2887ab","D17","BIGC","BIGC.AOS.reaeration.station.01","BIGC_S1_20170627","2017-06-27T17:54Z",1888,"2017-06-27T22:14:30Z",53.40,,25.99,,52.41,,52.34
"1a97f964-4a14-4698-b7ed-7f68633f5071","e4825723-8197-4b1e-94ac-263c5d2887ab","D17","BIGC","BIGC.AOS.reaeration.station.01","BIGC_S1_20170627","2017-06-27T17:54Z",2540,"2017-06-28T00:03:10Z",55.60,,26.18,,54.37,,54.29
"de17d951-2a41-481f-a218-0b0abeb853b0","e4825723-8197-4b1e-94ac-263c5d2887ab","D17","BIGC","BIGC.AOS.reaeration.station.01","BIGC_S1_20170627","2017-06-27T17:54Z",93,"2017-06-27T17:15:20Z",79.80,,14.27,,100.37,,101.14
"0e61766a-a257-4657-96d0-4367e735d3a1","e4825723-8197-4b1e-94ac-263c5d2887ab","D17","BIGC","BIGC.AOS.reaeration.station.01","BIGC_S1_20170627","2017-06-27T17:54Z",1085,"2017-06-27T20:00:40Z",90.60,,17.19,,106.48,,107.23
"db9eaacb-af01-488e-a8cd-c10aa33475dc","e4825723-8197-4b1e-94ac-263c5d2887ab","D17","BIGC","BIGC.AOS.reaeration.station.01","BIGC_S1_20170627","2017-06-27T17:54Z",2343,"2017-06-27T23:30:20Z",55.00,,26.06,,53.91,,53.84
"73b085b3-4968-4979-bfb1-9f2f6160025b","e4825723-8197-4b1e-94ac-263c5d2887ab","D17","BIGC","BIGC.AOS.reaeration.station.01","BIGC_S1_20170627","2017-06-27T17:54Z",140,"2017-06-27T17:23:10Z",79.80,,14.37,,100.13,,100.90
"f8ddd4bc-d332-42d6-87fd-3c0447b4eb1f","e4825723-8197-4b1e-94ac-263c5d2887ab","D17","BIGC","BIGC.AOS.reaeration.station.01","BIGC_S1_20170627","2017-06-27T17:54Z",1283,"2017-06-27T20:33:40Z",87.00,,17.72,,101.05,,101.73
"430ccabc-56c8-4564-bf1c-54ff79feed10","e4825723-8197-4b1e-94ac-263c5d2887ab","D17","BIGC","BIGC.AOS.reaeration.station.01","BIGC_S1_20170627","2017-06-27T17:54Z",21,"2017-06-27T17:03:20Z",79.40,,14.24,,99.94,,100.71
"979edfac-da6b-4d91-b22b-4b000a709d28","e4825723-8197-4b1e-94ac-263c5d2887ab","D17","BIGC","BIGC.AOS.reaeration.station.01","BIGC_S1_20170627","2017-06-27T17:54Z",1367,"2017-06-27T20:47:40Z",46.90,,20.15,,51.69,,51.95
"052824e7-26fa-4be0-9c37-d981a81d2e4d","e4825723-8197-4b1e-94ac-263c5d2887ab","D17","BIGC","BIGC.AOS.reaeration.station.01","BIGC_S1_20170627","2017-06-27T17:54Z",2522,"2017-06-28T00:00:10Z",55.50,,26.18,,54.28,,54.20
"f364f089-b51c-4d3c-b2ee-429dd0767633","e4825723-8197-4b1e-94ac-263c5d2887ab","D17","BIGC","BIGC.AOS.reaeration.station.01","BIGC_S1_20170627","2017-06-27T17:54Z",1906,"2017-06-27T22:17:30Z",53.40,,26.04,,52.36,,52.29
"00235b48-ca47-4b26-ba9e-e26801a859e1","e4825723-8197-4b1e-94ac-263c5d2887ab","D17","BIGC","BIGC.AOS.reaeration.station.01","BIGC_S1_20170627","2017-06-27T17:54Z",1797,"2017-06-27T21:59:20Z",52.50,,25.50,,52.00,,51.97
"8a467f90-b961-46c4-af5a-050a2f580d93","e4825723-8197-4b1e-94ac-263c5d2887ab","D17","BIGC","BIGC.AOS.reaeration.station.01","BIGC_S1_20170627","2017-06-27T17:54Z",1798,"2017-06-27T21:59:30Z",52.50,,25.50,,52.00,,51.97
"2ee8efd2-5377-4d54-8b09-74049127387e","e4825723-8197-4b1e-94ac-263c5d2887ab","D17","BIGC","BIGC.AOS.reaeration.station.01","BIGC_S1_20170627","2017-06-27T17:54Z",870,"2017-06-27T19:24:50Z",87.40,,16.42,,104.53,,105.29
"2df6e996-aded-4d3d-91bc-f6369ae1dcee","e4825723-8197-4b1e-94ac-263c5d2887ab","D17","BIGC","BIGC.AOS.reaeration.station.01","BIGC_S1_20170627","2017-06-27T17:54Z",2247,"2017-06-27T23:14:20Z",54.70,,26.05,,53.62,,53.55
"fb3f8ac1-5d4c-4fda-9d28-651c4b2eae91","e4825723-8197-4b1e-94ac-263c5d2887ab","D17","BIGC","BIGC.AOS.reaeration.station.01","BIGC_S1_20170627","2017-06-27T17:54Z",619,"2017-06-27T18:43:00Z",82.40,,15.54,,100.57,,101.33
"aa149fbd-9820-47df-93f1-0122895f3b2a","e4825723-8197-4b1e-94ac-263c5d2887ab","D17","BIGC","BIGC.AOS.reaeration.station.01","BIGC_S1_20170627","2017-06-27T17:54Z",1629,"2017-06-27T21:31:20Z",51.00,,24.06,,51.93,,51.99
"2d89bfd9-3bac-474c-b305-66d43c6e2243","e4825723-8197-4b1e-94ac-263c5d2887ab","D17","BIGC","BIGC.AOS.reaeration.station.01","BIGC_S1_20170627","2017-06-27T17:54Z",1999,"2017-06-27T22:33:00Z",54.10,,26.14,,52.95,,52.87
"b91a74f1-79d0-4640-bdee-4c58aa279cc2","e4825723-8197-4b1e-94ac-263c5d2887ab","D17","BIGC","BIGC.AOS.reaeration.station.01","BIGC_S1_20170627","2017-06-27T17:54Z",957,"2017-06-27T19:39:20Z",85.80,,16.72,,101.92,,102.65
"7e8173d5-38a5-4279-8989-83817d55ef22","e4825723-8197-4b1e-94ac-263c5d2887ab","D17","BIGC","BIGC.AOS.reaeration.station.01","BIGC_S1_20170627","2017-06-27T17:54Z",867,"2017-06-27T19:24:20Z",87.40,,16.42,,104.53,,105.29
"00516589-2541-48f4-9cd3-2e7c735c5c9a","e4825723-8197-4b1e-94ac-263c5d2887ab","D17","BIGC","BIGC.AOS.reaeration.station.01","BIGC_S1_20170627","2017-06-27T17:54Z",2424,"2017-06-27T23:43:50Z",55.10,,26.14,,53.93,,53.85
"b2abfc4b-9f76-4cf5-8f73-cba756ac94c2","e4825723-8197-4b1e-94ac-263c5d2887ab","D17","BIGC","BIGC.AOS.reaeration.station.01","BIGC_S1_20170627","2017-06-27T17:54Z",2070,"2017-06-27T22:44:50Z",54.20,,26.11,,53.07,,53.00
"68013062-2b5d-475b-84d5-a81751a90303","e4825723-8197-4b1e-94ac-263c5d2887ab","D17","BIGC","BIGC.AOS.reaeration.station.01","BIGC_S1_20170627","2017-06-27T17:54Z",1589,"2017-06-27T21:24:40Z",50.40,,23.46,,51.93,,52.02
"de51de56-36c9-4281-a0d1-b1c5ab31eb9b","e4825723-8197-4b1e-94ac-263c5d2887ab","D17","BIGC","BIGC.AOS.reaeration.station.01","BIGC_S1_20170627","2017-06-27T17:54Z",2056,"2017-06-27T22:42:30Z",54.20,,26.11,,53.07,,53.00
"be07bc93-aa92-42b3-b095-61bd9f4cc676","e4825723-8197-4b1e-94ac-263c5d2887ab","D17","BIGC","BIGC.AOS.reaeration.station.01","BIGC_S1_20170627","2017-06-27T17:54Z",2085,"2017-06-27T22:47:20Z",54.30,,26.10,,53.18,,53.11
"e60915b3-78e4-4261-b4bd-800c9b2bef35","e4825723-8197-4b1e-94ac-263c5d2887ab","D17","BIGC","BIGC.AOS.reaeration.station.01","BIGC_S1_20170627","2017-06-27T17:54Z",947,"2017-06-27T19:37:40Z",86.50,,16.68,,102.84,,103.58
"90579eff-21eb-415c-9420-ace5fa84b40b","e4825723-8197-4b1e-94ac-263c5d2887ab","D17","BIGC","BIGC.AOS.reaeration.station.01","BIGC_S1_20170627","2017-06-27T17:54Z",2158,"2017-06-27T22:59:30Z",54.50,,26.06,,53.42,,53.35
"6fde8891-5c1f-4b6d-9375-21e5d08e4b98","e4825723-8197-4b1e-94ac-263c5d2887ab","D17","BIGC","BIGC.AOS.reaeration.station.01","BIGC_S1_20170627","2017-06-27T17:54Z",1838,"2017-06-27T22:06:10Z",53.00,,25.76,,52.24,,52.19
"037dc1a8-44ce-4492-abc0-9f99917a668e","e4825723-8197-4b1e-94ac-263c5d2887ab","D17","BIGC","BIGC.AOS.reaeration.station.01","BIGC_S1_20170627","2017-06-27T17:54Z",331,"2017-06-27T17:55:00Z",80.40,,14.69,,100.11,,100.88
"5460f852-c9c9-435b-b4a4-8763971c4475","e4825723-8197-4b1e-94ac-263c5d2887ab","D17","BIGC","BIGC.AOS.reaeration.station.01","BIGC_S1_20170627","2017-06-27T17:54Z",1817,"2017-06-27T22:02:40Z",52.70,,25.63,,52.07,,52.03
"0d0189c5-0260-4aac-aa21-5595ae63dd34","e4825723-8197-4b1e-94ac-263c5d2887ab","D17","BIGC","BIGC.AOS.reaeration.station.01","BIGC_S1_20170627","2017-06-27T17:54Z",2344,"2017-06-27T23:30:30Z",55.00,,26.06,,53.91,,53.84
"a01cc16e-f4d2-4daa-a8c1-3b084586279f","e4825723-8197-4b1e-94ac-263c5d2887ab","D17","BIGC","BIGC.AOS.reaeration.station.01","BIGC_S1_20170627","2017-06-27T17:54Z",1762,"2017-06-27T21:53:30Z",52.10,,25.28,,51.82,,51.81
"9d2c3f47-7984-4c87-96b1-6e682dc5aac3","e4825723-8197-4b1e-94ac-263c5d2887ab","D17","BIGC","BIGC.AOS.reaeration.station.01","BIGC_S1_20170627","2017-06-27T17:54Z",1375,"2017-06-27T20:49:00Z",47.30,,20.38,,51.88,,52.13
"30af76fd-d181-4207-9cc0-a41a1476e460","e4825723-8197-4b1e-94ac-263c5d2887ab","D17","BIGC","BIGC.AOS.reaeration.station.01","BIGC_S1_20170627","2017-06-27T17:54Z",1397,"2017-06-27T20:52:40Z",47.90,,20.89,,51.98,,52.21
"014df335-f51c-447c-b731-dec90cdebcf3","e4825723-8197-4b1e-94ac-263c5d2887ab","D17","BIGC","BIGC.AOS.reaeration.station.01","BIGC_S1_20170627","2017-06-27T17:54Z",1919,"2017-06-27T22:19:40Z",53.60,,26.08,,52.52,,52.45
"1b4130f9-ec19-4497-8431-ebd8890477cf","e4825723-8197-4b1e-94ac-263c5d2887ab","D17","BIGC","BIGC.AOS.reaeration.station.01","BIGC_S1_20170627","2017-06-27T17:54Z",1991,"2017-06-27T22:31:40Z",54.00,,26.14,,52.85,,52.77
"bb41fff1-9956-41ef-9ef2-bf1ec9f20daf","e4825723-8197-4b1e-94ac-263c5d2887ab","D17","BIGC","BIGC.AOS.reaeration.station.01","BIGC_S1_20170627","2017-06-27T17:54Z",1972,"2017-06-27T22:28:30Z",53.90,,26.14,,52.75,,52.68
"fdc0ee78-ca2a-4aa0-9782-f6d0be491e69","e4825723-8197-4b1e-94ac-263c5d2887ab","D17","BIGC","BIGC.AOS.reaeration.station.01","BIGC_S1_20170627","2017-06-27T17:54Z",1221,"2017-06-27T20:23:20Z",91.00,,17.60,,105.98,,106.70
"9406fb96-9386-4ad9-aecc-feba33f3cd21","e4825723-8197-4b1e-94ac-263c5d2887ab","D17","BIGC","BIGC.AOS.reaeration.station.01","BIGC_S1_20170627","2017-06-27T17:54Z",2119,"2017-06-27T22:53:00Z",54.40,,26.09,,53.29,,53.22
"daf43248-5816-4a6d-bc2a-bf30fc9a4e89","e4825723-8197-4b1e-94ac-263c5d2887ab","D17","BIGC","BIGC.AOS.reaeration.station.01","BIGC_S1_20170627","2017-06-27T17:54Z",2306,"2017-06-27T23:24:10Z",54.90,,26.05,,53.82,,53.75
"f87efdbc-ce6e-4368-aee8-210c50a5cbc4","e4825723-8197-4b1e-94ac-263c5d2887ab","D17","BIGC","BIGC.AOS.reaeration.station.01","BIGC_S1_20170627","2017-06-27T17:54Z",358,"2017-06-27T17:59:30Z",80.30,,14.80,,99.73,,100.49
"da0dcd32-1875-4851-8054-1bacd2ee06ae","e4825723-8197-4b1e-94ac-263c5d2887ab","D17","BIGC","BIGC.AOS.reaeration.station.01","BIGC_S1_20170627","2017-06-27T17:54Z",1138,"2017-06-27T20:09:30Z",89.90,,17.33,,105.33,,106.06
"ea18cd36-e42d-4f02-8098-ea0bd322d7fe","e4825723-8197-4b1e-94ac-263c5d2887ab","D17","BIGC","BIGC.AOS.reaeration.station.01","BIGC_S1_20170627","2017-06-27T17:54Z",107,"2017-06-27T17:17:40Z",79.80,,14.32,,100.25,,101.02
"afdf5820-fdcd-4119-aed9-d4b525bdec7e","e4825723-8197-4b1e-94ac-263c5d2887ab","D17","BIGC","BIGC.AOS.reaeration.station.01","BIGC_S1_20170627","2017-06-27T17:54Z",450,"2017-06-27T18:14:50Z",80.90,,14.98,,100.05,,100.81
"7c4461ea-ae7f-4440-9262-42356e679ece","e4825723-8197-4b1e-94ac-263c5d2887ab","D17","BIGC","BIGC.AOS.reaeration.station.01","BIGC_S1_20170627","2017-06-27T17:54Z",791,"2017-06-27T19:11:40Z",87.20,,16.16,,104.91,,105.69
"4db427df-d511-4f6f-8bae-abca3fa6a656","e4825723-8197-4b1e-94ac-263c5d2887ab","D17","BIGC","BIGC.AOS.reaeration.station.01","BIGC_S1_20170627","2017-06-27T17:54Z",2232,"2017-06-27T23:11:50Z",54.70,,26.05,,53.62,,53.55
"61524276-cb0a-4fd1-ab2b-9b8fcab8fc66","e4825723-8197-4b1e-94ac-263c5d2887ab","D17","BIGC","BIGC.AOS.reaeration.station.01","BIGC_S1_20170627","2017-06-27T17:54Z",549,"2017-06-27T18:31:20Z",81.80,,15.30,,100.40,,101.16
"6d90d282-ef9c-4bbc-9a35-b68c34367ea6","e4825723-8197-4b1e-94ac-263c5d2887ab","D17","BIGC","BIGC.AOS.reaeration.station.01","BIGC_S1_20170627","2017-06-27T17:54Z",1667,"2017-06-27T21:37:40Z",51.50,,24.52,,51.98,,52.01
"ede9abd6-f488-4042-a6d3-e8fa15989286","e4825723-8197-4b1e-94ac-263c5d2887ab","D17","BIGC","BIGC.AOS.reaeration.station.01","BIGC_S1_20170627","2017-06-27T17:54Z",1456,"2017-06-27T21:02:30Z",49.00,,21.96,,52.02,,52.20
"226476aa-9dda-4657-a7dd-aed56644412a","e4825723-8197-4b1e-94ac-263c5d2887ab","D17","BIGC","BIGC.AOS.reaeration.station.01","BIGC_S1_20170627","2017-06-27T17:54Z",1259,"2017-06-27T20:29:40Z",87.70,,17.67,,101.98,,102.66
"01a96093-2a91-4f5b-8519-7a09ca344d95","e4825723-8197-4b1e-94ac-263c5d2887ab","D17","BIGC","BIGC.AOS.reaeration.station.01","BIGC_S1_20170627","2017-06-27T17:54Z",317,"2017-06-27T17:52:40Z",80.40,,14.66,,100.19,,100.95
"45e459a2-fba1-4a32-8ef8-112fe45010b6","e4825723-8197-4b1e-94ac-263c5d2887ab","D17","BIGC","BIGC.AOS.reaeration.station.01","BIGC_S1_20170627","2017-06-27T17:54Z",1741,"2017-06-27T21:50:00Z",52.00,,25.19,,51.81,,51.80
"0dd216e2-dc56-458d-af33-7324f6c06e4a","e4825723-8197-4b1e-94ac-263c5d2887ab","D17","BIGC","BIGC.AOS.reaeration.station.01","BIGC_S1_20170627","2017-06-27T17:54Z",2245,"2017-06-27T23:14:00Z",54.70,,26.05,,53.62,,53.55
"e01e3e99-0f43-4158-bdd7-b3a41813cc59","e4825723-8197-4b1e-94ac-263c5d2887ab","D17","BIGC","BIGC.AOS.reaeration.station.01","BIGC_S1_20170627","2017-06-27T17:54Z",277,"2017-06-27T17:46:00Z",80.10,,14.62,,99.91,,100.67
"7b101b04-6420-4161-851e-327a61da3939","e4825723-8197-4b1e-94ac-263c5d2887ab","D17","BIGC","BIGC.AOS.reaeration.station.01","BIGC_S1_20170627","2017-06-27T17:54Z",322,"2017-06-27T17:53:30Z",80.30,,14.67,,100.04,,100.80
"563fc866-1ec9-4d91-a964-4f43a0eb0554","e4825723-8197-4b1e-94ac-263c5d2887ab","D17","BIGC","BIGC.AOS.reaeration.station.01","BIGC_S1_20170627","2017-06-27T17:54Z",664,"2017-06-27T18:50:30Z",85.50,,15.71,,103.94,,104.72
"d7d8cded-edb2-41ad-bdea-f8e0d693fcd7","e4825723-8197-4b1e-94ac-263c5d2887ab","D17","BIGC","BIGC.AOS.reaeration.station.01","BIGC_S1_20170627","2017-06-27T17:54Z",2049,"2017-06-27T22:41:20Z",54.20,,26.12,,53.06,,52.99
"2672b5bb-b4ed-4289-9b35-af8c0bf12fd2","e4825723-8197-4b1e-94ac-263c5d2887ab","D17","BIGC","BIGC.AOS.reaeration.station.01","BIGC_S1_20170627","2017-06-27T17:54Z",1428,"2017-06-27T20:57:50Z",48.50,,21.51,,51.96,,52.16
"3ee82d17-7cee-4945-910b-43391e1f894c","e4825723-8197-4b1e-94ac-263c5d2887ab","D17","BIGC","BIGC.AOS.reaeration.station.01","BIGC_S1_20170627","2017-06-27T17:54Z",1038,"2017-06-27T19:52:50Z",88.90,,17.00,,104.93,,105.67
"bb21c30e-82f2-48ff-8e08-2f2768ba026d","e4825723-8197-4b1e-94ac-263c5d2887ab","D17","BIGC","BIGC.AOS.reaeration.station.01","BIGC_S1_20170627","2017-06-27T17:54Z",155,"2017-06-27T17:25:40Z",79.90,,14.35,,100.30,,101.07
"e0f56ea7-25c2-41c5-af37-d95490bf2a54","e4825723-8197-4b1e-94ac-263c5d2887ab","D17","BIGC","BIGC.AOS.reaeration.station.01","BIGC_S1_20170627","2017-06-27T17:54Z",1299,"2017-06-27T20:36:20Z",87.20,,17.75,,101.22,,101.89
"d69a923d-d120-411b-bc9a-b9e35055ecaf","e4825723-8197-4b1e-94ac-263c5d2887ab","D17","BIGC","BIGC.AOS.reaeration.station.01","BIGC_S1_20170627","2017-06-27T17:54Z",2438,"2017-06-27T23:46:10Z",55.20,,26.16,,54.00,,53.92
"96f8eda1-6af7-4bf1-8cd2-fa688d27abfe","e4825723-8197-4b1e-94ac-263c5d2887ab","D17","BIGC","BIGC.AOS.reaeration.station.01","BIGC_S1_20170627","2017-06-27T17:54Z",780,"2017-06-27T19:09:50Z",87.00,,16.12,,104.77,,105.54
"25f947b1-02d8-4f81-aa2e-f6eb2cfbe581","e4825723-8197-4b1e-94ac-263c5d2887ab","D17","BIGC","BIGC.AOS.reaeration.station.01","BIGC_S1_20170627","2017-06-27T17:54Z",2097,"2017-06-27T22:49:20Z",54.30,,26.10,,53.18,,53.11
"1d0128e0-d3f5-42cb-ad70-474908801b1a","e4825723-8197-4b1e-94ac-263c5d2887ab","D17","BIGC","BIGC.AOS.reaeration.station.01","BIGC_S1_20170627","2017-06-27T17:54Z",266,"2017-06-27T17:44:10Z",80.30,,14.54,,100.35,,101.12
"5c76d960-d7b5-4062-85c6-f16d7d9a45d5","e4825723-8197-4b1e-94ac-263c5d2887ab","D17","BIGC","BIGC.AOS.reaeration.station.01","BIGC_S1_20170627","2017-06-27T17:54Z",1495,"2017-06-27T21:09:00Z",49.40,,22.47,,51.91,,52.06
"396ded56-d8f1-4de8-8605-54fa8d4b1586","e4825723-8197-4b1e-94ac-263c5d2887ab","D17","BIGC","BIGC.AOS.reaeration.station.01","BIGC_S1_20170627","2017-06-27T17:54Z",1872,"2017-06-27T22:11:50Z",53.20,,25.93,,52.27,,52.21
"5d5b0e23-6291-4b25-ac16-a84cd743678f","e4825723-8197-4b1e-94ac-263c5d2887ab","D17","BIGC","BIGC.AOS.reaeration.station.01","BIGC_S1_20170627","2017-06-27T17:54Z",1825,"2017-06-27T22:04:00Z",52.70,,25.69,,52.01,,51.97
"64252dab-28e8-45ba-afa3-afd4b0926363","e4825723-8197-4b1e-94ac-263c5d2887ab","D17","BIGC","BIGC.AOS.reaeration.station.01","BIGC_S1_20170627","2017-06-27T17:54Z",942,"2017-06-27T19:36:50Z",86.20,,16.65,,102.56,,103.29
"5b1e4620-1e62-4790-a5bd-51ddbbb211ba","e4825723-8197-4b1e-94ac-263c5d2887ab","D17","BIGC","BIGC.AOS.reaeration.station.01","BIGC_S1_20170627","2017-06-27T17:54Z",460,"2017-06-27T18:16:30Z",81.10,,15.02,,100.20,,100.96
"3a4e0a2e-c9d4-4768-9136-30f54ab63c65","e4825723-8197-4b1e-94ac-263c5d2887ab","D17","BIGC","BIGC.AOS.reaeration.station.01","BIGC_S1_20170627","2017-06-27T17:54Z",2014,"2017-06-27T22:35:30Z",54.10,,26.14,,52.95,,52.87
"93a97034-0d62-4e88-a20e-39ff4c1657e1","e4825723-8197-4b1e-94ac-263c5d2887ab","D17","BIGC","BIGC.AOS.reaeration.station.01","BIGC_S1_20170627","2017-06-27T17:54Z",96,"2017-06-27T17:15:50Z",79.60,,14.32,,100.00,,100.77
"85c1f4a6-6e5f-436b-941a-07f7972635d8","e4825723-8197-4b1e-94ac-263c5d2887ab","D17","BIGC","BIGC.AOS.reaeration.station.01","BIGC_S1_20170627","2017-06-27T17:54Z",2395,"2017-06-27T23:39:00Z",55.00,,26.11,,53.86,,53.78
"634db937-07a2-4b2e-a6ac-189aabee1f33","e4825723-8197-4b1e-94ac-263c5d2887ab","D17","BIGC","BIGC.AOS.reaeration.station.01","BIGC_S1_20170627","2017-06-27T17:54Z",1776,"2017-06-27T21:55:50Z",52.30,,25.36,,51.94,,51.92
"e78de664-e2be-4bb4-ab8c-d10124ff4ca5","e4825723-8197-4b1e-94ac-263c5d2887ab","D17","BIGC","BIGC.AOS.reaeration.station.01","BIGC_S1_20170627","2017-06-27T17:54Z",2248,"2017-06-27T23:14:30Z",54.70,,26.05,,53.62,,53.55
"8dda0697-da68-4416-98bc-32a50112725a","e4825723-8197-4b1e-94ac-263c5d2887ab","D17","BIGC","BIGC.AOS.reaeration.station.01","BIGC_S1_20170627","2017-06-27T17:54Z",188,"2017-06-27T17:31:10Z",79.80,,14.53,,99.75,,100.51
"cee44def-b050-44de-aaa1-f294819e8662","e4825723-8197-4b1e-94ac-263c5d2887ab","D17","BIGC","BIGC.AOS.reaeration.station.01","BIGC_S1_20170627","2017-06-27T17:54Z",1730,"2017-06-27T21:48:10Z",51.90,,25.13,,51.77,,51.76
"b4898ea4-d056-4eae-ae0a-706cda06c128","e4825723-8197-4b1e-94ac-263c5d2887ab","D17","BIGC","BIGC.AOS.reaeration.station.01","BIGC_S1_20170627","2017-06-27T17:54Z",2303,"2017-06-27T23:23:40Z",54.90,,26.05,,53.82,,53.75
"6704126d-6008-4be8-9bad-5892375b2b8c","e4825723-8197-4b1e-94ac-263c5d2887ab","D17","BIGC","BIGC.AOS.reaeration.station.01","BIGC_S1_20170627","2017-06-27T17:54Z",121,"2017-06-27T17:20:00Z",79.60,,14.38,,99.85,,100.62
"ca585948-6cd3-4616-8833-2aa6407f93f9","e4825723-8197-4b1e-94ac-263c5d2887ab","D17","BIGC","BIGC.AOS.reaeration.station.01","BIGC_S1_20170627","2017-06-27T17:54Z",445,"2017-06-27T18:14:00Z",80.90,,14.95,,100.12,,100.88
"eac5e36e-d12d-4afa-b7f6-d77b812f7e0a","e4825723-8197-4b1e-94ac-263c5d2887ab","D17","BIGC","BIGC.AOS.reaeration.station.01","BIGC_S1_20170627","2017-06-27T17:54Z",2059,"2017-06-27T22:43:00Z",54.20,,26.12,,53.06,,52.99
"d1f60001-daa6-437e-9ea3-07a2a3ae397f","e4825723-8197-4b1e-94ac-263c5d2887ab","D17","BIGC","BIGC.AOS.reaeration.station.01","BIGC_S1_20170627","2017-06-27T17:54Z",1457,"2017-06-27T21:02:40Z",49.00,,21.97,,52.01,,52.19
"1eecb72f-719d-448d-9bcc-83be3fe242df","e4825723-8197-4b1e-94ac-263c5d2887ab","D17","BIGC","BIGC.AOS.reaeration.station.01","BIGC_S1_20170627","2017-06-27T17:54Z",969,"2017-06-27T19:41:20Z",85.30,,16.74,,101.28,,102.00
"b250cc89-fae9-41d2-addb-6b1029ac32fa","e4825723-8197-4b1e-94ac-263c5d2887ab","D17","BIGC","BIGC.AOS.reaeration.station.01","BIGC_S1_20170627","2017-06-27T17:54Z",2209,"2017-06-27T23:08:00Z",54.60,,26.05,,53.53,,53.46
"ae16453b-4d30-4060-9319-137fc59f61b5","e4825723-8197-4b1e-94ac-263c5d2887ab","D17","BIGC","BIGC.AOS.reaeration.station.01","BIGC_S1_20170627","2017-06-27T17:54Z",2398,"2017-06-27T23:39:30Z",55.00,,26.12,,53.85,,53.77
"1abad59d-3cfb-4d22-92c9-bb8f28330b85","e4825723-8197-4b1e-94ac-263c5d2887ab","D17","BIGC","BIGC.AOS.reaeration.station.01","BIGC_S1_20170627","2017-06-27T17:54Z",2069,"2017-06-27T22:44:40Z",54.20,,26.11,,53.07,,53.00
"c8e32445-8fc4-461d-bda2-d2bcc3b3a368","e4825723-8197-4b1e-94ac-263c5d2887ab","D17","BIGC","BIGC.AOS.reaeration.station.01","BIGC_S1_20170627","2017-06-27T17:54Z",643,"2017-06-27T18:47:00Z",84.30,,15.63,,102.68,,103.45
"63ac3e9b-c207-43e6-8207-efc7b55af9ec","e4825723-8197-4b1e-94ac-263c5d2887ab","D17","BIGC","BIGC.AOS.reaeration.station.01","BIGC_S1_20170627","2017-06-27T17:54Z",1425,"2017-06-27T20:57:20Z",48.40,,21.46,,51.91,,52.11
"af9f8b9f-f08a-406d-b631-0e425e5e6e6e","e4825723-8197-4b1e-94ac-263c5d2887ab","D17","BIGC","BIGC.AOS.reaeration.station.01","BIGC_S1_20170627","2017-06-27T17:54Z",1026,"2017-06-27T19:50:50Z",88.80,,16.96,,104.91,,105.65
"a0df141c-e65b-42e0-bec9-4f786a736842","e4825723-8197-4b1e-94ac-263c5d2887ab","D17","BIGC","BIGC.AOS.reaeration.station.01","BIGC_S1_20170627","2017-06-27T17:54Z",2229,"2017-06-27T23:11:20Z",54.70,,26.05,,53.62,,53.55
"8d2d3fb2-5085-4151-af1c-5f88250de40f","e4825723-8197-4b1e-94ac-263c5d2887ab","D17","BIGC","BIGC.AOS.reaeration.station.01","BIGC_S1_20170627","2017-06-27T17:54Z",2066,"2017-06-27T22:44:10Z",54.10,,26.11,,52.98,,52.90
"e3e94a53-ad3e-4c3b-90f1-295432a3821a","e4825723-8197-4b1e-94ac-263c5d2887ab","D17","BIGC","BIGC.AOS.reaeration.station.01","BIGC_S1_20170627","2017-06-27T17:54Z",1236,"2017-06-27T20:25:50Z",90.90,,17.62,,105.82,,106.53
"6ce23201-faba-4aea-a41a-9845ea823115","e4825723-8197-4b1e-94ac-263c5d2887ab","D17","BIGC","BIGC.AOS.reaeration.station.01","BIGC_S1_20170627","2017-06-27T17:54Z",400,"2017-06-27T18:06:30Z",80.50,,14.89,,99.76,,100.53
"80a0ec25-50ac-4b32-84cc-4dc3aaa1b63d","e4825723-8197-4b1e-94ac-263c5d2887ab","D17","BIGC","BIGC.AOS.reaeration.station.01","BIGC_S1_20170627","2017-06-27T17:54Z",1357,"2017-06-27T20:46:00Z",45.60,,19.58,,50.87,,51.14
"1576d141-fa08-48e8-939a-7cf4048d4af6","e4825723-8197-4b1e-94ac-263c5d2887ab","D17","BIGC","BIGC.AOS.reaeration.station.01","BIGC_S1_20170627","2017-06-27T17:54Z",1251,"2017-06-27T20:28:20Z",88.80,,17.67,,103.26,,103.95
"905d73e4-fa50-4a1c-93cc-b257fd02a059","e4825723-8197-4b1e-94ac-263c5d2887ab","D17","BIGC","BIGC.AOS.reaeration.station.01","BIGC_S1_20170627","2017-06-27T17:54Z",230,"2017-06-27T17:38:10Z",80.10,,14.55,,100.07,,100.84
"ceb1aa08-431e-403d-8eb9-707f77429eef","e4825723-8197-4b1e-94ac-263c5d2887ab","D17","BIGC","BIGC.AOS.reaeration.station.01","BIGC_S1_20170627","2017-06-27T17:54Z",270,"2017-06-27T17:44:50Z",80.10,,14.60,,99.96,,100.72
"173a93cc-70fb-495b-be01-7b0c4fc6ca4d","e4825723-8197-4b1e-94ac-263c5d2887ab","D17","BIGC","BIGC.AOS.reaeration.station.01","BIGC_S1_20170627","2017-06-27T17:54Z",1955,"2017-06-27T22:25:40Z",53.80,,26.14,,52.65,,52.58
"68a052e0-43b8-4718-b0c1-77de1cf658bc","e4825723-8197-4b1e-94ac-263c5d2887ab","D17","BIGC","BIGC.AOS.reaeration.station.01","BIGC_S1_20170627","2017-06-27T17:54Z",2581,"2017-06-28T00:10:00Z",56.00,,26.20,,54.75,,54.66
"afcbf7de-8b88-4e99-80de-5bd1d441557c","e4825723-8197-4b1e-94ac-263c5d2887ab","D17","BIGC","BIGC.AOS.reaeration.station.01","BIGC_S1_20170627","2017-06-27T17:54Z",2264,"2017-06-27T23:17:10Z",54.80,,26.05,,53.72,,53.65
"99dafbfa-1708-436f-8d5b-0bde25e5806a","e4825723-8197-4b1e-94ac-263c5d2887ab","D17","BIGC","BIGC.AOS.reaeration.station.01","BIGC_S1_20170627","2017-06-27T17:54Z",1202,"2017-06-27T20:20:10Z",91.90,,17.56,,107.12,,107.85
"e893be5e-b76f-4449-94c9-27d86b558af5","e4825723-8197-4b1e-94ac-263c5d2887ab","D17","BIGC","BIGC.AOS.reaeration.station.01","BIGC_S1_20170627","2017-06-27T17:54Z",944,"2017-06-27T19:37:10Z",85.70,,16.68,,101.89,,102.62
"12bc80f3-8fbf-49c5-996a-3a3a5e24f442","e4825723-8197-4b1e-94ac-263c5d2887ab","D17","BIGC","BIGC.AOS.reaeration.station.01","BIGC_S1_20170627","2017-06-27T17:54Z",238,"2017-06-27T17:39:30Z",80.00,,14.55,,99.95,,100.72
"45a09e01-bc17-4379-a279-29ddc0ebac86","e4825723-8197-4b1e-94ac-263c5d2887ab","D17","BIGC","BIGC.AOS.reaeration.station.01","BIGC_S1_20170627","2017-06-27T17:54Z",2109,"2017-06-27T22:51:20Z",54.30,,26.09,,53.19,,53.12
"514b3610-c1dc-4f2d-85d1-85d17fb87b02","e4825723-8197-4b1e-94ac-263c5d2887ab","D17","BIGC","BIGC.AOS.reaeration.station.01","BIGC_S1_20170627","2017-06-27T17:54Z",2189,"2017-06-27T23:04:40Z",54.50,,26.06,,53.42,,53.35
"2d6e55b1-4859-4e41-8c17-74ec3ced846e","e4825723-8197-4b1e-94ac-263c5d2887ab","D17","BIGC","BIGC.AOS.reaeration.station.01","BIGC_S1_20170627","2017-06-27T17:54Z",366,"2017-06-27T18:00:50Z",80.40,,14.78,,99.90,,100.67
"19800fbe-c8b7-4081-8dde-1279dff39fb9","e4825723-8197-4b1e-94ac-263c5d2887ab","D17","BIGC","BIGC.AOS.reaeration.station.01","BIGC_S1_20170627","2017-06-27T17:54Z",928,"2017-06-27T19:34:30Z",86.20,,16.64,,102.58,,103.32
"c23ce77c-fc37-4de1-b6bf-533576f7033f","e4825723-8197-4b1e-94ac-263c5d2887ab","D17","BIGC","BIGC.AOS.reaeration.station.01","BIGC_S1_20170627","2017-06-27T17:54Z",1451,"2017-06-27T21:01:40Z",48.90,,21.88,,52.00,,52.18
"d9a93cac-245c-4f4c-976b-566cf90efd3d","e4825723-8197-4b1e-94ac-263c5d2887ab","D17","BIGC","BIGC.AOS.reaeration.station.01","BIGC_S1_20170627","2017-06-27T17:54Z",1966,"2017-06-27T22:27:30Z",53.90,,26.14,,52.75,,52.68
"3f536753-a0d3-4f99-a0ff-e6294f782309","e4825723-8197-4b1e-94ac-263c5d2887ab","D17","BIGC","BIGC.AOS.reaeration.station.01","BIGC_S1_20170627","2017-06-27T17:54Z",1144,"2017-06-27T20:10:30Z",90.50,,17.37,,105.94,,106.67
"63102f98-ac13-460a-abef-e1b5508ab5dd","e4825723-8197-4b1e-94ac-263c5d2887ab","D17","BIGC","BIGC.AOS.reaeration.station.01","BIGC_S1_20170627","2017-06-27T17:54Z",1455,"2017-06-27T21:02:20Z",48.90,,21.94,,51.94,,52.11
"d022e1c8-35bc-4dda-bda5-82e2ebd9f429","e4825723-8197-4b1e-94ac-263c5d2887ab","D17","BIGC","BIGC.AOS.reaeration.station.01","BIGC_S1_20170627","2017-06-27T17:54Z",309,"2017-06-27T17:51:20Z",80.20,,14.68,,99.89,,100.66
"5545df7f-ccdb-429a-8cd0-dc16e3408f33","e4825723-8197-4b1e-94ac-263c5d2887ab","D17","BIGC","BIGC.AOS.reaeration.station.01","BIGC_S1_20170627","2017-06-27T17:54Z",2555,"2017-06-28T00:05:40Z",55.70,,26.17,,54.48,,54.40
"b6b23ee1-b8e5-4274-9010-6ceef3537295","e4825723-8197-4b1e-94ac-263c5d2887ab","D17","BIGC","BIGC.AOS.reaeration.station.01","BIGC_S1_20170627","2017-06-27T17:54Z",1319,"2017-06-27T20:39:40Z",44.40,,18.51,,50.68,,51.00
"041f19fa-3f02-4a80-b651-fb425f086c48","e4825723-8197-4b1e-94ac-263c5d2887ab","D17","BIGC","BIGC.AOS.reaeration.station.01","BIGC_S1_20170627","2017-06-27T17:54Z",1949,"2017-06-27T22:24:40Z",53.90,,26.14,,52.75,,52.68
"4ec4f75b-1b67-4be2-90f1-52b9f2ef4cf0","e4825723-8197-4b1e-94ac-263c5d2887ab","D17","BIGC","BIGC.AOS.reaeration.station.01","BIGC_S1_20170627","2017-06-27T17:54Z",491,"2017-06-27T18:21:40Z",81.10,,15.11,,99.99,,100.75
"d9d6214a-50a5-4268-9daa-28db7ac7b225","e4825723-8197-4b1e-94ac-263c5d2887ab","D17","BIGC","BIGC.AOS.reaeration.station.01","BIGC_S1_20170627","2017-06-27T17:54Z",537,"2017-06-27T18:29:20Z",81.70,,15.27,,100.35,,101.11
"f5ca5604-c909-4953-84e7-7b19eef47573","e4825723-8197-4b1e-94ac-263c5d2887ab","D17","BIGC","BIGC.AOS.reaeration.station.01","BIGC_S1_20170627","2017-06-27T17:54Z",588,"2017-06-27T18:37:50Z",81.70,,15.51,,99.79,,100.54
"40124e13-587d-47f9-85e7-c4e87c6cb43d","e4825723-8197-4b1e-94ac-263c5d2887ab","D17","BIGC","BIGC.AOS.reaeration.station.01","BIGC_S1_20170627","2017-06-27T17:54Z",1131,"2017-06-27T20:08:20Z",90.40,,17.33,,105.92,,106.65
"ab1f3850-9769-465a-997d-9d7166149ede","e4825723-8197-4b1e-94ac-263c5d2887ab","D17","BIGC","BIGC.AOS.reaeration.station.01","BIGC_S1_20170627","2017-06-27T17:54Z",2139,"2017-06-27T22:56:20Z",54.40,,26.08,,53.30,,53.23
"eac95f35-2bdc-4406-9a80-6c8630632e9e","e4825723-8197-4b1e-94ac-263c5d2887ab","D17","BIGC","BIGC.AOS.reaeration.station.01","BIGC_S1_20170627","2017-06-27T17:54Z",1922,"2017-06-27T22:20:10Z",53.70,,26.09,,52.60,,52.53
"18b22798-dbe7-40cd-985c-142be97962e8","e4825723-8197-4b1e-94ac-263c5d2887ab","D17","BIGC","BIGC.AOS.reaeration.station.01","BIGC_S1_20170627","2017-06-27T17:54Z",1635,"2017-06-27T21:32:20Z",51.10,,24.15,,51.94,,52.00
"cc799138-bd29-43e2-a27d-8780932f9651","e4825723-8197-4b1e-94ac-263c5d2887ab","D17","BIGC","BIGC.AOS.reaeration.station.01","BIGC_S1_20170627","2017-06-27T17:54Z",1442,"2017-06-27T21:00:10Z",48.80,,21.75,,52.03,,52.22
"415af0aa-af4b-451b-9e6e-27e949c8eae3","e4825723-8197-4b1e-94ac-263c5d2887ab","D17","BIGC","BIGC.AOS.reaeration.station.01","BIGC_S1_20170627","2017-06-27T17:54Z",653,"2017-06-27T18:48:40Z",84.10,,15.69,,102.29,,103.06
"e5374f65-4a2a-4d17-8f6e-121577924aff","e4825723-8197-4b1e-94ac-263c5d2887ab","D17","BIGC","BIGC.AOS.reaeration.station.01","BIGC_S1_20170627","2017-06-27T17:54Z",1778,"2017-06-27T21:56:10Z",52.20,,25.37,,51.83,,51.81
"79484162-4014-4bbc-966e-a784fc5d7661","e4825723-8197-4b1e-94ac-263c5d2887ab","D17","BIGC","BIGC.AOS.reaeration.station.01","BIGC_S1_20170627","2017-06-27T17:54Z",503,"2017-06-27T18:23:40Z",81.40,,15.13,,100.31,,101.07
"0dc4d056-ab75-4056-b5c1-37267f678aa8","e4825723-8197-4b1e-94ac-263c5d2887ab","D17","BIGC","BIGC.AOS.reaeration.station.01","BIGC_S1_20170627","2017-06-27T17:54Z",422,"2017-06-27T18:10:10Z",81.00,,14.86,,100.46,,101.22
"78357dfe-0c3c-4af3-86e3-25dafca59161","e4825723-8197-4b1e-94ac-263c5d2887ab","D17","BIGC","BIGC.AOS.reaeration.station.01","BIGC_S1_20170627","2017-06-27T17:54Z",1810,"2017-06-27T22:01:30Z",52.70,,25.58,,52.12,,52.09
"9bcd8d1e-c379-4a61-a81c-08cd9f18cad2","e4825723-8197-4b1e-94ac-263c5d2887ab","D17","BIGC","BIGC.AOS.reaeration.station.01","BIGC_S1_20170627","2017-06-27T17:54Z",567,"2017-06-27T18:34:20Z",81.80,,15.40,,100.17,,100.92
"b3d63684-660c-4667-ad2d-2e8e71cd532c","e4825723-8197-4b1e-94ac-263c5d2887ab","D17","BIGC","BIGC.AOS.reaeration.station.01","BIGC_S1_20170627","2017-06-27T17:54Z",1454,"2017-06-27T21:02:10Z",48.90,,21.93,,51.95,,52.12
"a751c4f1-2c78-4593-9632-f2ec4eb83496","e4825723-8197-4b1e-94ac-263c5d2887ab","D17","BIGC","BIGC.AOS.reaeration.station.01","BIGC_S1_20170627","2017-06-27T17:54Z",595,"2017-06-27T18:39:00Z",82.10,,15.46,,100.39,,101.15
"8f58d559-17b9-4b43-9c56-139eb7cbfc4e","e4825723-8197-4b1e-94ac-263c5d2887ab","D17","BIGC","BIGC.AOS.reaeration.station.01","BIGC_S1_20170627","2017-06-27T17:54Z",2485,"2017-06-27T23:54:00Z",55.30,,26.17,,54.09,,54.01
"1e90c966-3bb5-46cd-b0a5-1c937bad07bf","e4825723-8197-4b1e-94ac-263c5d2887ab","D17","BIGC","BIGC.AOS.reaeration.station.01","BIGC_S1_20170627","2017-06-27T17:54Z",133,"2017-06-27T17:22:00Z",79.90,,14.32,,100.38,,101.15
"2716f833-baa0-4147-8bf3-626216d26224","e4825723-8197-4b1e-94ac-263c5d2887ab","D17","BIGC","BIGC.AOS.reaeration.station.01","BIGC_S1_20170627","2017-06-27T17:54Z",733,"2017-06-27T19:02:00Z",86.30,,15.95,,104.33,,105.11
"7e92512d-2e8b-4209-9a55-f3cf808c2824","e4825723-8197-4b1e-94ac-263c5d2887ab","D17","BIGC","BIGC.AOS.reaeration.station.01","BIGC_S1_20170627","2017-06-27T17:54Z",1395,"2017-06-27T20:52:20Z",47.90,,20.85,,52.02,,52.25
"b01c0201-d02b-4cf6-a36f-2e641e58be15","e4825723-8197-4b1e-94ac-263c5d2887ab","D17","BIGC","BIGC.AOS.reaeration.station.01","BIGC_S1_20170627","2017-06-27T17:54Z",2275,"2017-06-27T23:19:00Z",54.70,,26.05,,53.62,,53.55
"a2e28b21-ce67-4a04-865b-76b2699a4c58","e4825723-8197-4b1e-94ac-263c5d2887ab","D17","BIGC","BIGC.AOS.reaeration.station.01","BIGC_S1_20170627","2017-06-27T17:54Z",257,"2017-06-27T17:42:40Z",80.10,,14.55,,100.07,,100.84
"b91e2edf-9198-4911-870e-96c3f16dade8","e4825723-8197-4b1e-94ac-263c5d2887ab","D17","BIGC","BIGC.AOS.reaeration.station.01","BIGC_S1_20170627","2017-06-27T17:54Z",1616,"2017-06-27T21:29:10Z",50.80,,23.88,,51.91,,51.98
"0f560d39-ee92-444b-82a5-ca34db35d415","e4825723-8197-4b1e-94ac-263c5d2887ab","D17","BIGC","BIGC.AOS.reaeration.station.01","BIGC_S1_20170627","2017-06-27T17:54Z",1956,"2017-06-27T22:25:50Z",53.90,,26.14,,52.75,,52.68
"0af4092e-457d-4425-b03f-73eb7064fcf6","e4825723-8197-4b1e-94ac-263c5d2887ab","D17","BIGC","BIGC.AOS.reaeration.station.01","BIGC_S1_20170627","2017-06-27T17:54Z",186,"2017-06-27T17:30:50Z",79.80,,14.49,,99.84,,100.61
"07a6d4c9-258a-417e-ab44-7eaa8e9de42b","e4825723-8197-4b1e-94ac-263c5d2887ab","D17","BIGC","BIGC.AOS.reaeration.station.01","BIGC_S1_20170627","2017-06-27T17:54Z",799,"2017-06-27T19:13:00Z",87.00,,16.18,,104.63,,105.40
"157b350d-61e5-49a5-916e-51253fab08df","e4825723-8197-4b1e-94ac-263c5d2887ab","D17","BIGC","BIGC.AOS.reaeration.station.01","BIGC_S1_20170627","2017-06-27T17:54Z",779,"2017-06-27T19:09:40Z",87.30,,16.11,,105.16,,105.93
"19ab9908-bc37-489c-9f8a-f542e244c399","e4825723-8197-4b1e-94ac-263c5d2887ab","D17","BIGC","BIGC.AOS.reaeration.station.01","BIGC_S1_20170627","2017-06-27T17:54Z",2492,"2017-06-27T23:55:10Z",55.30,,26.17,,54.09,,54.01
"9ed37f64-fe1d-4a31-86ad-c818bbfd0797","e4825723-8197-4b1e-94ac-263c5d2887ab","D17","BIGC","BIGC.AOS.reaeration.station.01","BIGC_S1_20170627","2017-06-27T17:54Z",1415,"2017-06-27T20:55:40Z",48.30,,21.27,,52.00,,52.22
"1f52fe6f-477d-4eb8-9bd1-da9e8bcad552","e4825723-8197-4b1e-94ac-263c5d2887ab","D17","BIGC","BIGC.AOS.reaeration.station.01","BIGC_S1_20170627","2017-06-27T17:54Z",1993,"2017-06-27T22:32:00Z",53.90,,26.15,,52.74,,52.67
"ccada09d-ee52-4c5d-bf55-3d302f8e052b","e4825723-8197-4b1e-94ac-263c5d2887ab","D17","BIGC","BIGC.AOS.reaeration.station.01","BIGC_S1_20170627","2017-06-27T17:54Z",2226,"2017-06-27T23:10:50Z",54.60,,26.05,,53.53,,53.46
"a304dd49-5470-4643-82e3-9447dc439382","e4825723-8197-4b1e-94ac-263c5d2887ab","D17","BIGC","BIGC.AOS.reaeration.station.01","BIGC_S1_20170627","2017-06-27T17:54Z",2093,"2017-06-27T22:48:40Z",54.30,,26.10,,53.18,,53.11
"0b99883a-4c1c-41dc-adbd-9d394ec0bf26","e4825723-8197-4b1e-94ac-263c5d2887ab","D17","BIGC","BIGC.AOS.reaeration.station.01","BIGC_S1_20170627","2017-06-27T17:54Z",1209,"2017-06-27T20:21:20Z",91.50,,17.56,,106.66,,107.38
"de28498e-d6d8-49e7-829d-cb422ed680c6","e4825723-8197-4b1e-94ac-263c5d2887ab","D17","BIGC","BIGC.AOS.reaeration.station.01","BIGC_S1_20170627","2017-06-27T17:54Z",1158,"2017-06-27T20:12:50Z",90.40,,17.40,,105.75,,106.48
"7386a219-1a73-4a6e-b090-35c59a53539d","e4825723-8197-4b1e-94ac-263c5d2887ab","D17","BIGC","BIGC.AOS.reaeration.station.01","BIGC_S1_20170627","2017-06-27T17:54Z",2311,"2017-06-27T23:25:00Z",54.90,,26.05,,53.82,,53.75
"35c43dd5-e308-4596-a85d-d46dc07d8844","e4825723-8197-4b1e-94ac-263c5d2887ab","D17","BIGC","BIGC.AOS.reaeration.station.01","BIGC_S1_20170627","2017-06-27T17:54Z",1724,"2017-06-27T21:47:10Z",52.00,,25.09,,51.91,,51.91
"b9f70199-cd85-4139-82c0-9b3d0f5e8322","e4825723-8197-4b1e-94ac-263c5d2887ab","D17","BIGC","BIGC.AOS.reaeration.station.01","BIGC_S1_20170627","2017-06-27T17:54Z",2270,"2017-06-27T23:18:10Z",54.80,,26.05,,53.72,,53.65
"d27a0a7e-064a-453f-81d1-17e14616278a","e4825723-8197-4b1e-94ac-263c5d2887ab","D17","BIGC","BIGC.AOS.reaeration.station.01","BIGC_S1_20170627","2017-06-27T17:54Z",1837,"2017-06-27T22:06:00Z",52.90,,25.76,,52.14,,52.09
"06999278-5bfd-4220-b49f-ec4b58200a0c","e4825723-8197-4b1e-94ac-263c5d2887ab","D17","BIGC","BIGC.AOS.reaeration.station.01","BIGC_S1_20170627","2017-06-27T17:54Z",85,"2017-06-27T17:14:00Z",79.70,,14.25,,100.29,,101.06
"78cda02d-ff59-48af-9dd3-97327b2fbb5c","e4825723-8197-4b1e-94ac-263c5d2887ab","D17","BIGC","BIGC.AOS.reaeration.station.01","BIGC_S1_20170627","2017-06-27T17:54Z",1925,"2017-06-27T22:20:40Z",53.70,,26.09,,52.60,,52.53
"854fd4aa-7be9-47c6-9c36-a890983626ca","e4825723-8197-4b1e-94ac-263c5d2887ab","D17","BIGC","BIGC.AOS.reaeration.station.01","BIGC_S1_20170627","2017-06-27T17:54Z",656,"2017-06-27T18:49:10Z",86.60,,15.65,,105.43,,106.22
"178cc6a5-4afa-47df-ab96-0c59cc9bc39a","e4825723-8197-4b1e-94ac-263c5d2887ab","D17","BIGC","BIGC.AOS.reaeration.station.01","BIGC_S1_20170627","2017-06-27T17:54Z",1996,"2017-06-27T22:32:30Z",53.90,,26.14,,52.75,,52.68
"bb203938-cd78-4a3e-91c1-3572c4c43783","e4825723-8197-4b1e-94ac-263c5d2887ab","D17","BIGC","BIGC.AOS.reaeration.station.01","BIGC_S1_20170627","2017-06-27T17:54Z",2410,"2017-06-27T23:41:30Z",55.10,,26.14,,53.93,,53.85
"5b0a79bc-8272-46db-98c6-f9bdfeddfdc8","e4825723-8197-4b1e-94ac-263c5d2887ab","D17","BIGC","BIGC.AOS.reaeration.station.01","BIGC_S1_20170627","2017-06-27T17:54Z",1298,"2017-06-27T20:36:10Z",87.00,,17.74,,101.01,,101.68
"4408e0d0-ce63-4935-926d-929bf90356d6","e4825723-8197-4b1e-94ac-263c5d2887ab","D17","BIGC","BIGC.AOS.reaeration.station.01","BIGC_S1_20170627","2017-06-27T17:54Z",2418,"2017-06-27T23:42:50Z",55.10,,26.14,,53.93,,53.85
"e9d582e8-d2a0-4b59-94e8-cbf909efd198","e4825723-8197-4b1e-94ac-263c5d2887ab","D17","BIGC","BIGC.AOS.reaeration.station.01","BIGC_S1_20170627","2017-06-27T17:54Z",833,"2017-06-27T19:18:40Z",87.00,,16.29,,104.36,,105.13
"2c28f91e-9a8e-4874-9ceb-3bd2ec23a95f","e4825723-8197-4b1e-94ac-263c5d2887ab","D17","BIGC","BIGC.AOS.reaeration.station.01","BIGC_S1_20170627","2017-06-27T17:54Z",1289,"2017-06-27T20:34:40Z",87.30,,17.73,,101.38,,102.06
"fe23d86d-9f8c-48c3-b786-137545a1ddb5","e4825723-8197-4b1e-94ac-263c5d2887ab","D17","BIGC","BIGC.AOS.reaeration.station.01","BIGC_S1_20170627","2017-06-27T17:54Z",589,"2017-06-27T18:38:00Z",82.10,,15.45,,100.42,,101.18
"471d787a-43f3-44ca-9bfd-671a2ccb6c74","e4825723-8197-4b1e-94ac-263c5d2887ab","D17","BIGC","BIGC.AOS.reaeration.station.01","BIGC_S1_20170627","2017-06-27T17:54Z",2235,"2017-06-27T23:12:20Z",54.70,,26.05,,53.62,,53.55
"8bc5b279-c166-4774-a7de-401df30a350d","e4825723-8197-4b1e-94ac-263c5d2887ab","D17","BIGC","BIGC.AOS.reaeration.station.01","BIGC_S1_20170627","2017-06-27T17:54Z",129,"2017-06-27T17:21:20Z",79.90,,14.29,,100.45,,101.22
"3625398b-168e-417b-a344-b2976cb1df4d","e4825723-8197-4b1e-94ac-263c5d2887ab","D17","BIGC","BIGC.AOS.reaeration.station.01","BIGC_S1_20170627","2017-06-27T17:54Z",1866,"2017-06-27T22:10:50Z",53.10,,25.91,,52.19,,52.13
"8513ab4e-4331-4b34-9ab2-99573297fa79","e4825723-8197-4b1e-94ac-263c5d2887ab","D17","BIGC","BIGC.AOS.reaeration.station.01","BIGC_S1_20170627","2017-06-27T17:54Z",1981,"2017-06-27T22:30:00Z",53.90,,26.14,,52.75,,52.68
"e8998e70-ac1f-4e98-a842-ef83235a22d9","e4825723-8197-4b1e-94ac-263c5d2887ab","D17","BIGC","BIGC.AOS.reaeration.station.01","BIGC_S1_20170627","2017-06-27T17:54Z",1229,"2017-06-27T20:24:40Z",91.20,,17.61,,106.19,,106.91
"4d1c0592-4f94-4632-98a0-a746e97322e9","e4825723-8197-4b1e-94ac-263c5d2887ab","D17","BIGC","BIGC.AOS.reaeration.station.01","BIGC_S1_20170627","2017-06-27T17:54Z",1303,"2017-06-27T20:37:00Z",43.10,,17.80,,49.97,,50.31
"06b950f5-3e3b-4787-b59d-200a4e667961","e4825723-8197-4b1e-94ac-263c5d2887ab","D17","BIGC","BIGC.AOS.reaeration.station.01","BIGC_S1_20170627","2017-06-27T17:54Z",143,"2017-06-27T17:23:40Z",79.70,,14.38,,99.98,,100.75
"f7028a87-3340-498b-887c-120eb57c66fb","e4825723-8197-4b1e-94ac-263c5d2887ab","D17","BIGC","BIGC.AOS.reaeration.station.01","BIGC_S1_20170627","2017-06-27T17:54Z",538,"2017-06-27T18:29:30Z",81.60,,15.28,,100.20,,100.96
"a3eb3367-af96-49ba-a108-421d545441d9","e4825723-8197-4b1e-94ac-263c5d2887ab","D17","BIGC","BIGC.AOS.reaeration.station.01","BIGC_S1_20170627","2017-06-27T17:54Z",149,"2017-06-27T17:24:40Z",80.00,,14.30,,100.55,,101.32
"05653d6f-3b8a-47c6-8c87-2e3ad7c4d810","e4825723-8197-4b1e-94ac-263c5d2887ab","D17","BIGC","BIGC.AOS.reaeration.station.01","BIGC_S1_20170627","2017-06-27T17:54Z",146,"2017-06-27T17:24:10Z",79.70,,14.41,,99.91,,100.68
"374b9bdb-7f22-4d53-9c5d-30dcf92c0ab8","e4825723-8197-4b1e-94ac-263c5d2887ab","D17","BIGC","BIGC.AOS.reaeration.station.01","BIGC_S1_20170627","2017-06-27T17:54Z",2359,"2017-06-27T23:33:00Z",55.00,,26.08,,53.89,,53.82
"82e2a2fb-cc0b-4eca-a5a4-8bf5a880b90c","e4825723-8197-4b1e-94ac-263c5d2887ab","D17","BIGC","BIGC.AOS.reaeration.station.01","BIGC_S1_20170627","2017-06-27T17:54Z",1845,"2017-06-27T22:07:20Z",53.00,,25.80,,52.20,,52.15
"8f1dc529-c90f-4d44-a911-d544d2d6046a","e4825723-8197-4b1e-94ac-263c5d2887ab","D17","BIGC","BIGC.AOS.reaeration.station.01","BIGC_S1_20170627","2017-06-27T17:54Z",377,"2017-06-27T18:02:40Z",80.70,,14.75,,100.35,,101.11
"253a1329-cea2-48cf-9b13-e6e928afdc22","e4825723-8197-4b1e-94ac-263c5d2887ab","D17","BIGC","BIGC.AOS.reaeration.station.01","BIGC_S1_20170627","2017-06-27T17:54Z",1313,"2017-06-27T20:38:40Z",43.50,,18.10,,50.10,,50.43
"543f7f78-c714-4fd2-ba5e-2280b59ce235","e4825723-8197-4b1e-94ac-263c5d2887ab","D17","BIGC","BIGC.AOS.reaeration.station.01","BIGC_S1_20170627","2017-06-27T17:54Z",82,"2017-06-27T17:13:30Z",79.70,,14.26,,100.27,,101.04
"4dc2ec82-f7cc-4ad8-8b25-aecc809654a8","e4825723-8197-4b1e-94ac-263c5d2887ab","D17","BIGC","BIGC.AOS.reaeration.station.01","BIGC_S1_20170627","2017-06-27T17:54Z",1115,"2017-06-27T20:05:40Z",89.90,,17.27,,105.47,,106.20
"fcb0f897-f91c-455b-b5f0-9aeef7fd0f18","e4825723-8197-4b1e-94ac-263c5d2887ab","D17","BIGC","BIGC.AOS.reaeration.station.01","BIGC_S1_20170627","2017-06-27T17:54Z",948,"2017-06-27T19:37:50Z",86.50,,16.68,,102.84,,103.58
"f59cfe6f-bea3-4618-8b5c-49378ad7a299","e4825723-8197-4b1e-94ac-263c5d2887ab","D17","BIGC","BIGC.AOS.reaeration.station.01","BIGC_S1_20170627","2017-06-27T17:54Z",105,"2017-06-27T17:17:20Z",80.00,,14.26,,100.65,,101.42
"e2ed84eb-646e-4775-a685-9eb9be1f91ba","e4825723-8197-4b1e-94ac-263c5d2887ab","D17","BIGC","BIGC.AOS.reaeration.station.01","BIGC_S1_20170627","2017-06-27T17:54Z",1700,"2017-06-27T21:43:10Z",51.80,,24.88,,51.92,,51.93
"39868f37-1f93-41a6-aae7-2a8e24e30159","e4825723-8197-4b1e-94ac-263c5d2887ab","D17","BIGC","BIGC.AOS.reaeration.station.01","BIGC_S1_20170627","2017-06-27T17:54Z",2327,"2017-06-27T23:27:40Z",54.90,,26.05,,53.82,,53.75
"0813efe7-b899-4524-9c61-5359737fb5ae","e4825723-8197-4b1e-94ac-263c5d2887ab","D17","BIGC","BIGC.AOS.reaeration.station.01","BIGC_S1_20170627","2017-06-27T17:54Z",469,"2017-06-27T18:18:00Z",81.10,,15.02,,100.20,,100.96
"914a2656-bcf4-421c-8c08-b485ecf99189","e4825723-8197-4b1e-94ac-263c5d2887ab","D17","BIGC","BIGC.AOS.reaeration.station.01","BIGC_S1_20170627","2017-06-27T17:54Z",1744,"2017-06-27T21:50:30Z",52.10,,25.20,,51.90,,51.89
"a667c299-d936-4ec9-a8c6-0d0cb8e848bc","e4825723-8197-4b1e-94ac-263c5d2887ab","D17","BIGC","BIGC.AOS.reaeration.station.01","BIGC_S1_20170627","2017-06-27T17:54Z",1370,"2017-06-27T20:48:10Z",47.10,,20.23,,51.82,,52.08
"409c70e0-2f00-46cc-bf02-01b8da983ac3","e4825723-8197-4b1e-94ac-263c5d2887ab","D17","BIGC","BIGC.AOS.reaeration.station.01","BIGC_S1_20170627","2017-06-27T17:54Z",2562,"2017-06-28T00:06:50Z",55.70,,26.17,,54.48,,54.40
"0d54b0b9-a884-4ecc-b14d-8f3d3a8f8152","e4825723-8197-4b1e-94ac-263c5d2887ab","D17","BIGC","BIGC.AOS.reaeration.station.01","BIGC_S1_20170627","2017-06-27T17:54Z",1037,"2017-06-27T19:52:40Z",89.30,,17.01,,105.38,,106.13
"a747e1c7-2beb-4115-ab5f-03a861dc03ea","e4825723-8197-4b1e-94ac-263c5d2887ab","D17","BIGC","BIGC.AOS.reaeration.station.01","BIGC_S1_20170627","2017-06-27T17:54Z",169,"2017-06-27T17:28:00Z",80.00,,14.35,,100.43,,101.20
"918727d8-b25f-44e2-a0a8-4b657a1d5280","e4825723-8197-4b1e-94ac-263c5d2887ab","D17","BIGC","BIGC.AOS.reaeration.station.01","BIGC_S1_20170627","2017-06-27T17:54Z",2493,"2017-06-27T23:55:20Z",55.30,,26.17,,54.09,,54.01
"5d5821fd-39ac-4475-9f9a-d3e867f1b12a","e4825723-8197-4b1e-94ac-263c5d2887ab","D17","BIGC","BIGC.AOS.reaeration.station.01","BIGC_S1_20170627","2017-06-27T17:54Z",1937,"2017-06-27T22:22:40Z",53.90,,26.11,,52.78,,52.71
"8a3ca49c-f4f9-4b90-b4a7-1ceca3008b8e","e4825723-8197-4b1e-94ac-263c5d2887ab","D17","BIGC","BIGC.AOS.reaeration.station.01","BIGC_S1_20170627","2017-06-27T17:54Z",299,"2017-06-27T17:49:40Z",80.40,,14.63,,100.26,,101.03
"0bd527bb-eb44-4101-b206-4da1c31ac102","e4825723-8197-4b1e-94ac-263c5d2887ab","D17","BIGC","BIGC.AOS.reaeration.station.01","BIGC_S1_20170627","2017-06-27T17:54Z",1916,"2017-06-27T22:19:10Z",53.50,,26.08,,52.42,,52.35
"548fd93e-4743-4277-8467-6543b08fab4b","e4825723-8197-4b1e-94ac-263c5d2887ab","D17","BIGC","BIGC.AOS.reaeration.station.01","BIGC_S1_20170627","2017-06-27T17:54Z",2207,"2017-06-27T23:07:40Z",54.70,,26.06,,53.61,,53.54
"8a2d452c-d76e-473f-b8ec-e43b1a74f3d4","e4825723-8197-4b1e-94ac-263c5d2887ab","D17","BIGC","BIGC.AOS.reaeration.station.01","BIGC_S1_20170627","2017-06-27T17:54Z",2261,"2017-06-27T23:16:40Z",54.70,,26.05,,53.62,,53.55
"7a615d24-d18b-4e33-a685-ec3a7dc3aaf9","e4825723-8197-4b1e-94ac-263c5d2887ab","D17","BIGC","BIGC.AOS.reaeration.station.01","BIGC_S1_20170627","2017-06-27T17:54Z",275,"2017-06-27T17:45:40Z",80.20,,14.61,,100.06,,100.82
"aed09838-ab6f-4711-bfd5-24f2b63b6d76","e4825723-8197-4b1e-94ac-263c5d2887ab","D17","BIGC","BIGC.AOS.reaeration.station.01","BIGC_S1_20170627","2017-06-27T17:54Z",1979,"2017-06-27T22:29:40Z",53.90,,26.14,,52.75,,52.68
"6f963e88-1e2b-4844-9e4a-1181aa16460b","e4825723-8197-4b1e-94ac-263c5d2887ab","D17","BIGC","BIGC.AOS.reaeration.station.01","BIGC_S1_20170627","2017-06-27T17:54Z",1155,"2017-06-27T20:12:20Z",90.60,,17.40,,105.98,,106.71
"ae79543d-be8e-458d-a416-a00b430b5fb3","e4825723-8197-4b1e-94ac-263c5d2887ab","D17","BIGC","BIGC.AOS.reaeration.station.01","BIGC_S1_20170627","2017-06-27T17:54Z",1620,"2017-06-27T21:29:50Z",50.80,,23.94,,51.85,,51.91
"7c0950ed-9755-4822-9a02-5c38c92a0df6","e4825723-8197-4b1e-94ac-263c5d2887ab","D17","BIGC","BIGC.AOS.reaeration.station.01","BIGC_S1_20170627","2017-06-27T17:54Z",2036,"2017-06-27T22:39:10Z",54.10,,26.14,,52.95,,52.87
"a8a88eff-9fdc-40e7-aabb-272b96bc8ed9","e4825723-8197-4b1e-94ac-263c5d2887ab","D17","BIGC","BIGC.AOS.reaeration.station.01","BIGC_S1_20170627","2017-06-27T17:54Z",1374,"2017-06-27T20:48:50Z",47.20,,20.34,,51.81,,52.06
"176af854-f670-40b7-bef5-0d18e1f5ba2e","e4825723-8197-4b1e-94ac-263c5d2887ab","D17","BIGC","BIGC.AOS.reaeration.station.01","BIGC_S1_20170627","2017-06-27T17:54Z",1850,"2017-06-27T22:08:10Z",53.10,,25.82,,52.28,,52.23
"fc2993d9-3b63-40ef-b08a-7fe7a6e09c2a","e4825723-8197-4b1e-94ac-263c5d2887ab","D17","BIGC","BIGC.AOS.reaeration.station.01","BIGC_S1_20170627","2017-06-27T17:54Z",119,"2017-06-27T17:19:40Z",79.60,,14.42,,99.76,,100.53
"2108b68b-8d6f-4917-9316-9f9c4f4bac25","e4825723-8197-4b1e-94ac-263c5d2887ab","D17","BIGC","BIGC.AOS.reaeration.station.01","BIGC_S1_20170627","2017-06-27T17:54Z",1175,"2017-06-27T20:15:40Z",90.20,,17.45,,105.40,,106.12
"f39d7149-725b-4e10-b88f-04d3a981adab","e4825723-8197-4b1e-94ac-263c5d2887ab","D17","BIGC","BIGC.AOS.reaeration.station.01","BIGC_S1_20170627","2017-06-27T17:54Z",132,"2017-06-27T17:21:50Z",79.80,,14.36,,100.15,,100.92
"f3f3c065-a1c8-4b54-beb5-bf4a665cceaa","e4825723-8197-4b1e-94ac-263c5d2887ab","D17","BIGC","BIGC.AOS.reaeration.station.01","BIGC_S1_20170627","2017-06-27T17:54Z",2002,"2017-06-27T22:33:30Z",53.90,,26.14,,52.75,,52.68
"bc7dbd06-7de1-4038-8f68-538cfc206e93","e4825723-8197-4b1e-94ac-263c5d2887ab","D17","BIGC","BIGC.AOS.reaeration.station.01","BIGC_S1_20170627","2017-06-27T17:54Z",2373,"2017-06-27T23:35:20Z",55.00,,26.09,,53.88,,53.80
"5c61562d-790c-4f87-b08d-1b69f403057b","e4825723-8197-4b1e-94ac-263c5d2887ab","D17","BIGC","BIGC.AOS.reaeration.station.01","BIGC_S1_20170627","2017-06-27T17:54Z",1737,"2017-06-27T21:49:20Z",51.80,,25.16,,51.64,,51.63
"0a65b74f-93d3-4c96-b300-32ca25a8c526","e4825723-8197-4b1e-94ac-263c5d2887ab","D17","BIGC","BIGC.AOS.reaeration.station.01","BIGC_S1_20170627","2017-06-27T17:54Z",428,"2017-06-27T18:11:10Z",81.00,,14.90,,100.36,,101.13
"fbd52fb0-d5b7-40be-b20b-a27e42c91887","e4825723-8197-4b1e-94ac-263c5d2887ab","D17","BIGC","BIGC.AOS.reaeration.station.01","BIGC_S1_20170627","2017-06-27T17:54Z",925,"2017-06-27T19:34:00Z",87.90,,16.61,,104.67,,105.43
"c18dd071-a68b-43bd-bee0-b29503cb780a","e4825723-8197-4b1e-94ac-263c5d2887ab","D17","BIGC","BIGC.AOS.reaeration.station.01","BIGC_S1_20170627","2017-06-27T17:54Z",2186,"2017-06-27T23:04:10Z",54.50,,26.06,,53.42,,53.35
"db1f9921-4bde-4397-9513-b0c5742e4565","e4825723-8197-4b1e-94ac-263c5d2887ab","D17","BIGC","BIGC.AOS.reaeration.station.01","BIGC_S1_20170627","2017-06-27T17:54Z",1262,"2017-06-27T20:30:10Z",87.40,,17.70,,101.56,,102.24
"8131be06-e3c9-4bee-be9e-d727b76cf1d6","e4825723-8197-4b1e-94ac-263c5d2887ab","D17","BIGC","BIGC.AOS.reaeration.station.01","BIGC_S1_20170627","2017-06-27T17:54Z",2062,"2017-06-27T22:43:30Z",54.20,,26.12,,53.06,,52.99
"c1ecfcc5-e2be-4f50-873f-6e9aa73c52c5","e4825723-8197-4b1e-94ac-263c5d2887ab","D17","BIGC","BIGC.AOS.reaeration.station.01","BIGC_S1_20170627","2017-06-27T17:54Z",1200,"2017-06-27T20:19:50Z",90.50,,17.52,,105.58,,106.30
"01cff3c3-e12a-4c7b-b1d2-2c513d25f174","e4825723-8197-4b1e-94ac-263c5d2887ab","D17","BIGC","BIGC.AOS.reaeration.station.01","BIGC_S1_20170627","2017-06-27T17:54Z",1962,"2017-06-27T22:26:50Z",53.80,,26.14,,52.65,,52.58
"b64504ca-09b6-4805-98d1-8e1f532169a2","e4825723-8197-4b1e-94ac-263c5d2887ab","D17","BIGC","BIGC.AOS.reaeration.station.01","BIGC_S1_20170627","2017-06-27T17:54Z",1638,"2017-06-27T21:32:50Z",51.20,,24.18,,52.01,,52.07
"28115e28-8ba1-4858-a5f6-add0f983a36c","e4825723-8197-4b1e-94ac-263c5d2887ab","D17","BIGC","BIGC.AOS.reaeration.station.01","BIGC_S1_20170627","2017-06-27T17:54Z",1823,"2017-06-27T22:03:40Z",52.80,,25.68,,52.12,,52.08
"f5fa2c2f-a656-4cca-843a-fdbad771f13f","e4825723-8197-4b1e-94ac-263c5d2887ab","D17","BIGC","BIGC.AOS.reaeration.station.01","BIGC_S1_20170627","2017-06-27T17:54Z",924,"2017-06-27T19:33:50Z",87.40,,16.61,,104.08,,104.83
"906ec398-2871-4a81-ba5f-9cda3b698433","e4825723-8197-4b1e-94ac-263c5d2887ab","D17","BIGC","BIGC.AOS.reaeration.station.01","BIGC_S1_20170627","2017-06-27T17:54Z",2013,"2017-06-27T22:35:20Z",54.10,,26.14,,52.95,,52.87
"ee843897-d333-4fe5-985f-51db26391c19","e4825723-8197-4b1e-94ac-263c5d2887ab","D17","BIGC","BIGC.AOS.reaeration.station.01","BIGC_S1_20170627","2017-06-27T17:54Z",2549,"2017-06-28T00:04:40Z",55.60,,26.18,,54.37,,54.29
"691abd11-0871-4f7e-9481-4bbd1c8e2ce8","e4825723-8197-4b1e-94ac-263c5d2887ab","D17","BIGC","BIGC.AOS.reaeration.station.01","BIGC_S1_20170627","2017-06-27T17:54Z",282,"2017-06-27T17:46:50Z",80.40,,14.55,,100.45,,101.22
"4d5dacc7-256a-4b44-976d-9d0f14dcc7cd","e4825723-8197-4b1e-94ac-263c5d2887ab","D17","BIGC","BIGC.AOS.reaeration.station.01","BIGC_S1_20170627","2017-06-27T17:54Z",1775,"2017-06-27T21:55:40Z",52.10,,25.36,,51.74,,51.72
"f5a6b4e3-3f03-4c92-af2b-bfbdd8025229","e4825723-8197-4b1e-94ac-263c5d2887ab","D17","BIGC","BIGC.AOS.reaeration.station.01","BIGC_S1_20170627","2017-06-27T17:54Z",2051,"2017-06-27T22:41:40Z",54.10,,26.12,,52.97,,52.89
"21a79213-4050-4aa0-8b62-44671bf6b080","e4825723-8197-4b1e-94ac-263c5d2887ab","D17","BIGC","BIGC.AOS.reaeration.station.01","BIGC_S1_20170627","2017-06-27T17:54Z",1846,"2017-06-27T22:07:30Z",53.00,,25.81,,52.19,,52.14
"38890bbb-a7dc-42e4-a043-e2dfe80db84c","e4825723-8197-4b1e-94ac-263c5d2887ab","D17","BIGC","BIGC.AOS.reaeration.station.01","BIGC_S1_20170627","2017-06-27T17:54Z",1307,"2017-06-27T20:37:40Z",43.40,,17.99,,50.11,,50.44
"09d66958-f7ba-4bcc-84a5-b503e57f2dd0","e4825723-8197-4b1e-94ac-263c5d2887ab","D17","BIGC","BIGC.AOS.reaeration.station.01","BIGC_S1_20170627","2017-06-27T17:54Z",1450,"2017-06-27T21:01:30Z",48.90,,21.87,,52.01,,52.19
"f2872d6b-82ef-4bb3-b694-111e0bc478f5","e4825723-8197-4b1e-94ac-263c5d2887ab","D17","BIGC","BIGC.AOS.reaeration.station.01","BIGC_S1_20170627","2017-06-27T17:54Z",1396,"2017-06-27T20:52:30Z",47.90,,20.87,,52.00,,52.23
"8fc6d210-3172-4a50-8b0e-8de53ef9109d","e4825723-8197-4b1e-94ac-263c5d2887ab","D17","BIGC","BIGC.AOS.reaeration.station.01","BIGC_S1_20170627","2017-06-27T17:54Z",2026,"2017-06-27T22:37:30Z",54.20,,26.14,,53.04,,52.97
"c5799c99-bd3f-4fd0-bb50-894a5d76728a","e4825723-8197-4b1e-94ac-263c5d2887ab","D17","BIGC","BIGC.AOS.reaeration.station.01","BIGC_S1_20170627","2017-06-27T17:54Z",1033,"2017-06-27T19:52:00Z",89.10,,17.00,,105.17,,105.91
"c026e5ee-49f7-4485-b381-472b3613cc71","e4825723-8197-4b1e-94ac-263c5d2887ab","D17","BIGC","BIGC.AOS.reaeration.station.01","BIGC_S1_20170627","2017-06-27T17:54Z",609,"2017-06-27T18:41:20Z",82.20,,15.52,,100.37,,101.13
"719b60af-99ff-4b48-a09b-4526a60d3f9f","e4825723-8197-4b1e-94ac-263c5d2887ab","D17","BIGC","BIGC.AOS.reaeration.station.01","BIGC_S1_20170627","2017-06-27T17:54Z",2135,"2017-06-27T22:55:40Z",54.40,,26.08,,53.30,,53.23
"8dbc3ba4-3bc0-4101-a842-da1df189d34c","e4825723-8197-4b1e-94ac-263c5d2887ab","D17","BIGC","BIGC.AOS.reaeration.station.01","BIGC_S1_20170627","2017-06-27T17:54Z",189,"2017-06-27T17:31:20Z",80.00,,14.45,,100.19,,100.96
"8646232d-c671-4237-bf66-2707413e5e67","e4825723-8197-4b1e-94ac-263c5d2887ab","D17","BIGC","BIGC.AOS.reaeration.station.01","BIGC_S1_20170627","2017-06-27T17:54Z",1702,"2017-06-27T21:43:30Z",51.80,,24.90,,51.90,,51.91
"e2eddd1e-e58a-4ff6-b51a-1acc5e485763","e4825723-8197-4b1e-94ac-263c5d2887ab","D17","BIGC","BIGC.AOS.reaeration.station.01","BIGC_S1_20170627","2017-06-27T17:54Z",2168,"2017-06-27T23:01:10Z",54.50,,26.06,,53.42,,53.35
"c1f71291-da0c-47e6-b173-8a9d5d87912f","e4825723-8197-4b1e-94ac-263c5d2887ab","D17","BIGC","BIGC.AOS.reaeration.station.01","BIGC_S1_20170627","2017-06-27T17:54Z",1912,"2017-06-27T22:18:30Z",53.60,,26.06,,52.54,,52.47
"552b1aa8-0c91-422b-9a81-e7444848c9e6","e4825723-8197-4b1e-94ac-263c5d2887ab","D17","BIGC","BIGC.AOS.reaeration.station.01","BIGC_S1_20170627","2017-06-27T17:54Z",533,"2017-06-27T18:28:40Z",81.60,,15.27,,100.23,,100.99
"af68b80c-ba25-4633-8bc3-4e50908f0308","e4825723-8197-4b1e-94ac-263c5d2887ab","D17","BIGC","BIGC.AOS.reaeration.station.01","BIGC_S1_20170627","2017-06-27T17:54Z",2541,"2017-06-28T00:03:20Z",55.60,,26.18,,54.37,,54.29
"67ce0e75-facc-4144-af01-0bfab7749177","e4825723-8197-4b1e-94ac-263c5d2887ab","D17","BIGC","BIGC.AOS.reaeration.station.01","BIGC_S1_20170627","2017-06-27T17:54Z",1684,"2017-06-27T21:40:30Z",51.60,,24.71,,51.89,,51.91
"2ca43877-7376-49f9-9c54-b30740c7b97f","e4825723-8197-4b1e-94ac-263c5d2887ab","D17","BIGC","BIGC.AOS.reaeration.station.01","BIGC_S1_20170627","2017-06-27T17:54Z",777,"2017-06-27T19:09:20Z",86.90,,16.10,,104.70,,105.47
"246c70f2-814d-407f-81ee-56dac1c0e4a8","e4825723-8197-4b1e-94ac-263c5d2887ab","D17","BIGC","BIGC.AOS.reaeration.station.01","BIGC_S1_20170627","2017-06-27T17:54Z",2523,"2017-06-28T00:00:20Z",55.50,,26.18,,54.28,,54.20
"5e8732a1-73bb-4406-8d8e-a51b49600a5f","e4825723-8197-4b1e-94ac-263c5d2887ab","D17","BIGC","BIGC.AOS.reaeration.station.01","BIGC_S1_20170627","2017-06-27T17:54Z",1241,"2017-06-27T20:26:40Z",90.60,,17.64,,105.42,,106.13
"358b4af2-9e55-4259-8dcc-bc1bd03f7329","e4825723-8197-4b1e-94ac-263c5d2887ab","D17","BIGC","BIGC.AOS.reaeration.station.01","BIGC_S1_20170627","2017-06-27T17:54Z",2534,"2017-06-28T00:02:10Z",55.50,,26.18,,54.28,,54.20
"31fb2839-57ed-44f6-acfb-44b624875a1b","e4825723-8197-4b1e-94ac-263c5d2887ab","D17","BIGC","BIGC.AOS.reaeration.station.01","BIGC_S1_20170627","2017-06-27T17:54Z",787,"2017-06-27T19:11:00Z",87.20,,16.13,,104.99,,105.76
"36e264fd-941a-4791-8de2-2eee12d7562f","e4825723-8197-4b1e-94ac-263c5d2887ab","D17","BIGC","BIGC.AOS.reaeration.station.01","BIGC_S1_20170627","2017-06-27T17:54Z",732,"2017-06-27T19:01:50Z",86.50,,15.94,,104.60,,105.38
"ee9c9483-0a24-4176-bc12-43956477adfa","e4825723-8197-4b1e-94ac-263c5d2887ab","D17","BIGC","BIGC.AOS.reaeration.station.01","BIGC_S1_20170627","2017-06-27T17:54Z",1019,"2017-06-27T19:49:40Z",87.20,,16.92,,103.11,,103.84
"07640bd0-97ef-491a-a309-6929e44db3e2","e4825723-8197-4b1e-94ac-263c5d2887ab","D17","BIGC","BIGC.AOS.reaeration.station.01","BIGC_S1_20170627","2017-06-27T17:54Z",1832,"2017-06-27T22:05:10Z",52.90,,25.73,,52.17,,52.13
"1c19d4cc-4327-43ad-9d7f-49d760a38fe6","e4825723-8197-4b1e-94ac-263c5d2887ab","D17","BIGC","BIGC.AOS.reaeration.station.01","BIGC_S1_20170627","2017-06-27T17:54Z",2603,"2017-06-28T00:13:35Z",,,,,,,
"656fe3e3-5e8d-49ef-b1a0-c7c63b5aaa7b","e4825723-8197-4b1e-94ac-263c5d2887ab","D17","BIGC","BIGC.AOS.reaeration.station.01","BIGC_S1_20170627","2017-06-27T17:54Z",1824,"2017-06-27T22:03:50Z",52.90,,25.68,,52.22,,52.18
"90b64001-187e-4976-ab8a-22ed3cd383ae","e4825723-8197-4b1e-94ac-263c5d2887ab","D17","BIGC","BIGC.AOS.reaeration.station.01","BIGC_S1_20170627","2017-06-27T17:54Z",1857,"2017-06-27T22:09:20Z",53.20,,25.87,,52.33,,52.27
"02e70358-270d-466b-8dfe-2e783bc4f89f","e4825723-8197-4b1e-94ac-263c5d2887ab","D17","BIGC","BIGC.AOS.reaeration.station.01","BIGC_S1_20170627","2017-06-27T17:54Z",716,"2017-06-27T18:59:10Z",86.20,,15.89,,104.36,,105.14
"22b6a409-f0f9-4900-b449-5aee2b9a1fe5","e4825723-8197-4b1e-94ac-263c5d2887ab","D17","BIGC","BIGC.AOS.reaeration.station.01","BIGC_S1_20170627","2017-06-27T17:54Z",1902,"2017-06-27T22:16:50Z",53.60,,26.03,,52.57,,52.50
"fb8f1efa-1f0f-43e9-97e4-19b5fe5b360f","e4825723-8197-4b1e-94ac-263c5d2887ab","D17","BIGC","BIGC.AOS.reaeration.station.01","BIGC_S1_20170627","2017-06-27T17:54Z",2546,"2017-06-28T00:04:10Z",55.60,,26.18,,54.37,,54.29
"5359652a-078c-48f0-801e-c3985203276c","e4825723-8197-4b1e-94ac-263c5d2887ab","D17","BIGC","BIGC.AOS.reaeration.station.01","BIGC_S1_20170627","2017-06-27T17:54Z",23,"2017-06-27T17:03:40Z",79.50,,14.20,,100.16,,100.93
"09196e5d-b95c-43ef-8397-103c4cb024ce","e4825723-8197-4b1e-94ac-263c5d2887ab","D17","BIGC","BIGC.AOS.reaeration.station.01","BIGC_S1_20170627","2017-06-27T17:54Z",498,"2017-06-27T18:22:50Z",81.30,,15.13,,100.19,,100.95
"65941872-4c96-46b6-9390-bd69e5afb4a4","e4825723-8197-4b1e-94ac-263c5d2887ab","D17","BIGC","BIGC.AOS.reaeration.station.01","BIGC_S1_20170627","2017-06-27T17:54Z",1508,"2017-06-27T21:11:10Z",49.60,,22.62,,51.96,,52.10
"52357ed3-8998-46d8-9b20-073aa3346f17","e4825723-8197-4b1e-94ac-263c5d2887ab","D17","BIGC","BIGC.AOS.reaeration.station.01","BIGC_S1_20170627","2017-06-27T17:54Z",725,"2017-06-27T19:00:40Z",86.40,,15.92,,104.53,,105.31
"ce7915d5-107d-43e3-85fb-58fd3fccd0e2","e4825723-8197-4b1e-94ac-263c5d2887ab","D17","BIGC","BIGC.AOS.reaeration.station.01","BIGC_S1_20170627","2017-06-27T17:54Z",1320,"2017-06-27T20:39:50Z",44.50,,18.70,,50.59,,50.90
"4c78e9ce-0be0-48c5-bc25-c3c9fdce85de","e4825723-8197-4b1e-94ac-263c5d2887ab","D17","BIGC","BIGC.AOS.reaeration.station.01","BIGC_S1_20170627","2017-06-27T17:54Z",1359,"2017-06-27T20:46:20Z",46.20,,19.86,,51.23,,51.50
"2537a466-dd81-4738-8493-3cb6626b59a3","e4825723-8197-4b1e-94ac-263c5d2887ab","D17","BIGC","BIGC.AOS.reaeration.station.01","BIGC_S1_20170627","2017-06-27T17:54Z",1921,"2017-06-27T22:20:00Z",53.80,,26.08,,52.71,,52.64
"9f0b42c8-cfa7-46a7-a5c8-5b5afdc3bd7b","e4825723-8197-4b1e-94ac-263c5d2887ab","D17","BIGC","BIGC.AOS.reaeration.station.01","BIGC_S1_20170627","2017-06-27T17:54Z",488,"2017-06-27T18:21:10Z",81.40,,15.03,,100.55,,101.31
"a3fd96ea-a7a7-419b-8e1e-2849861709dc","e4825723-8197-4b1e-94ac-263c5d2887ab","D17","BIGC","BIGC.AOS.reaeration.station.01","BIGC_S1_20170627","2017-06-27T17:54Z",2515,"2017-06-27T23:59:00Z",55.40,,26.18,,54.18,,54.10
"80625d34-cdef-4caf-b237-dd4bff7ce365","e4825723-8197-4b1e-94ac-263c5d2887ab","D17","BIGC","BIGC.AOS.reaeration.station.01","BIGC_S1_20170627","2017-06-27T17:54Z",680,"2017-06-27T18:53:10Z",85.90,,15.76,,104.31,,105.09
"e1cc87e7-3494-4c08-b9db-2c21fd04b8f1","e4825723-8197-4b1e-94ac-263c5d2887ab","D17","BIGC","BIGC.AOS.reaeration.station.01","BIGC_S1_20170627","2017-06-27T17:54Z",2347,"2017-06-27T23:31:00Z",55.00,,26.06,,53.91,,53.84
"e38faab7-6809-4b7f-bdc1-a51daace4ec5","e4825723-8197-4b1e-94ac-263c5d2887ab","D17","BIGC","BIGC.AOS.reaeration.station.01","BIGC_S1_20170627","2017-06-27T17:54Z",435,"2017-06-27T18:12:20Z",81.00,,14.92,,100.31,,101.08
"14a3f441-d23c-44b9-9606-151d97e6725c","e4825723-8197-4b1e-94ac-263c5d2887ab","D17","BIGC","BIGC.AOS.reaeration.station.01","BIGC_S1_20170627","2017-06-27T17:54Z",2532,"2017-06-28T00:01:50Z",55.50,,26.18,,54.28,,54.20
"9ef6fcf9-80de-4bc2-9651-90a455f7d505","e4825723-8197-4b1e-94ac-263c5d2887ab","D17","BIGC","BIGC.AOS.reaeration.station.01","BIGC_S1_20170627","2017-06-27T17:54Z",1513,"2017-06-27T21:12:00Z",49.60,,22.68,,51.90,,52.04
"44cfbb9b-e6b4-4cf4-a4d8-6f1ef1f4da4f","e4825723-8197-4b1e-94ac-263c5d2887ab","D17","BIGC","BIGC.AOS.reaeration.station.01","BIGC_S1_20170627","2017-06-27T17:54Z",2047,"2017-06-27T22:41:00Z",54.20,,26.12,,53.06,,52.99
"ab0faa8b-0cf3-4512-88ec-4282ec46ec3d","e4825723-8197-4b1e-94ac-263c5d2887ab","D17","BIGC","BIGC.AOS.reaeration.station.01","BIGC_S1_20170627","2017-06-27T17:54Z",2107,"2017-06-27T22:51:00Z",54.30,,26.09,,53.19,,53.12
"76d8077f-332f-4249-8576-ca354cba9d7d","e4825723-8197-4b1e-94ac-263c5d2887ab","D17","BIGC","BIGC.AOS.reaeration.station.01","BIGC_S1_20170627","2017-06-27T17:54Z",2586,"2017-06-28T00:10:50Z",56.10,,26.17,,54.87,,54.79
"ea58cc0f-c3b1-40e2-b324-8c9dd3afb88c","e4825723-8197-4b1e-94ac-263c5d2887ab","D17","BIGC","BIGC.AOS.reaeration.station.01","BIGC_S1_20170627","2017-06-27T17:54Z",612,"2017-06-27T18:41:50Z",82.10,,15.56,,100.16,,100.91
"14f5c2c6-7b37-4b16-900f-327a5e118741","e4825723-8197-4b1e-94ac-263c5d2887ab","D17","BIGC","BIGC.AOS.reaeration.station.01","BIGC_S1_20170627","2017-06-27T17:54Z",114,"2017-06-27T17:18:50Z",79.80,,14.35,,100.18,,100.95
"f901c02f-b9c3-4105-8614-229842e2b00f","e4825723-8197-4b1e-94ac-263c5d2887ab","D17","BIGC","BIGC.AOS.reaeration.station.01","BIGC_S1_20170627","2017-06-27T17:54Z",2151,"2017-06-27T22:58:20Z",54.50,,26.06,,53.42,,53.35
"d895c4e1-effd-4e23-942c-9bfef49935ee","e4825723-8197-4b1e-94ac-263c5d2887ab","D17","BIGC","BIGC.AOS.reaeration.station.01","BIGC_S1_20170627","2017-06-27T17:54Z",2472,"2017-06-27T23:51:50Z",55.20,,26.17,,53.99,,53.91
"6ced7cd3-2b3f-4ec7-bb7e-3214458f8104","e4825723-8197-4b1e-94ac-263c5d2887ab","D17","BIGC","BIGC.AOS.reaeration.station.01","BIGC_S1_20170627","2017-06-27T17:54Z",190,"2017-06-27T17:31:30Z",79.90,,14.49,,99.97,,100.74
"2512beb6-2ae5-4897-a65b-b1339b70b518","e4825723-8197-4b1e-94ac-263c5d2887ab","D17","BIGC","BIGC.AOS.reaeration.station.01","BIGC_S1_20170627","2017-06-27T17:54Z",2101,"2017-06-27T22:50:00Z",54.30,,26.10,,53.18,,53.11
"b777f81b-7fa9-4c0a-b2d9-9f1109f5ccff","e4825723-8197-4b1e-94ac-263c5d2887ab","D17","BIGC","BIGC.AOS.reaeration.station.01","BIGC_S1_20170627","2017-06-27T17:54Z",517,"2017-06-27T18:26:00Z",81.50,,15.17,,100.34,,101.10
"a9e692d2-aa78-4703-998f-55972fd64cb5","e4825723-8197-4b1e-94ac-263c5d2887ab","D17","BIGC","BIGC.AOS.reaeration.station.01","BIGC_S1_20170627","2017-06-27T17:54Z",1626,"2017-06-27T21:30:50Z",51.00,,24.03,,51.96,,52.02
"7ca82fd0-b551-4f23-bb44-c97d8a119ff0","e4825723-8197-4b1e-94ac-263c5d2887ab","D17","BIGC","BIGC.AOS.reaeration.station.01","BIGC_S1_20170627","2017-06-27T17:54Z",1295,"2017-06-27T20:35:40Z",87.00,,17.74,,101.01,,101.68
"f6de707a-fba2-4351-bc77-423713c74be8","e4825723-8197-4b1e-94ac-263c5d2887ab","D17","BIGC","BIGC.AOS.reaeration.station.01","BIGC_S1_20170627","2017-06-27T17:54Z",1971,"2017-06-27T22:28:20Z",53.90,,26.14,,52.75,,52.68
"1348fc41-c8ab-406f-9e9d-a08178f6f9a2","e4825723-8197-4b1e-94ac-263c5d2887ab","D17","BIGC","BIGC.AOS.reaeration.station.01","BIGC_S1_20170627","2017-06-27T17:54Z",1306,"2017-06-27T20:37:30Z",43.20,,17.91,,49.97,,50.30
"6e50a965-5fee-4786-8792-058196b2adb2","e4825723-8197-4b1e-94ac-263c5d2887ab","D17","BIGC","BIGC.AOS.reaeration.station.01","BIGC_S1_20170627","2017-06-27T17:54Z",2120,"2017-06-27T22:53:10Z",54.40,,26.09,,53.29,,53.22
"6a73d0c5-ee89-40c6-ad10-cd7471568693","e4825723-8197-4b1e-94ac-263c5d2887ab","D17","BIGC","BIGC.AOS.reaeration.station.01","BIGC_S1_20170627","2017-06-27T17:54Z",1575,"2017-06-27T21:22:20Z",50.30,,23.28,,52.01,,52.11
"de162b68-2ec5-4e39-afe8-f3f31fac3387","e4825723-8197-4b1e-94ac-263c5d2887ab","D17","BIGC","BIGC.AOS.reaeration.station.01","BIGC_S1_20170627","2017-06-27T17:54Z",2333,"2017-06-27T23:28:40Z",54.90,,26.05,,53.82,,53.75
"9049636f-8b06-4611-91c6-97e3c2d42780","e4825723-8197-4b1e-94ac-263c5d2887ab","D17","BIGC","BIGC.AOS.reaeration.station.01","BIGC_S1_20170627","2017-06-27T17:54Z",553,"2017-06-27T18:32:00Z",82.00,,15.33,,100.58,,101.34
"2d23225a-28c3-49e6-80be-72620ecb406f","e4825723-8197-4b1e-94ac-263c5d2887ab","D17","BIGC","BIGC.AOS.reaeration.station.01","BIGC_S1_20170627","2017-06-27T17:54Z",2215,"2017-06-27T23:09:00Z",54.60,,26.05,,53.53,,53.46
"8ddbc267-845a-4ed6-beb6-1736f87257da","e4825723-8197-4b1e-94ac-263c5d2887ab","D17","BIGC","BIGC.AOS.reaeration.station.01","BIGC_S1_20170627","2017-06-27T17:54Z",1388,"2017-06-27T20:51:10Z",47.70,,20.69,,51.98,,52.22
"2bed7f52-5599-4684-994c-40dd01996fc4","e4825723-8197-4b1e-94ac-263c5d2887ab","D17","BIGC","BIGC.AOS.reaeration.station.01","BIGC_S1_20170627","2017-06-27T17:54Z",1010,"2017-06-27T19:48:10Z",85.70,,16.90,,101.39,,102.11
"13973440-4d2c-411a-ad2f-07e1f02f1bf5","e4825723-8197-4b1e-94ac-263c5d2887ab","D17","BIGC","BIGC.AOS.reaeration.station.01","BIGC_S1_20170627","2017-06-27T17:54Z",172,"2017-06-27T17:28:30Z",79.80,,14.47,,99.89,,100.66
"ea026bf4-5a6e-406c-b328-f1c423c10968","e4825723-8197-4b1e-94ac-263c5d2887ab","D17","BIGC","BIGC.AOS.reaeration.station.01","BIGC_S1_20170627","2017-06-27T17:54Z",2087,"2017-06-27T22:47:40Z",54.30,,26.10,,53.18,,53.11
"2a5c89ab-5499-4a05-85ac-33ca377507cf","e4825723-8197-4b1e-94ac-263c5d2887ab","D17","BIGC","BIGC.AOS.reaeration.station.01","BIGC_S1_20170627","2017-06-27T17:54Z",2455,"2017-06-27T23:49:00Z",55.20,,26.16,,54.00,,53.92
"774511bf-417e-40d4-a131-17c342074d19","e4825723-8197-4b1e-94ac-263c5d2887ab","D17","BIGC","BIGC.AOS.reaeration.station.01","BIGC_S1_20170627","2017-06-27T17:54Z",2074,"2017-06-27T22:45:30Z",54.20,,26.11,,53.07,,53.00
"8c27ac2e-93d4-4089-87ba-c214dbbb61a6","e4825723-8197-4b1e-94ac-263c5d2887ab","D17","BIGC","BIGC.AOS.reaeration.station.01","BIGC_S1_20170627","2017-06-27T17:54Z",2393,"2017-06-27T23:38:40Z",55.00,,26.11,,53.86,,53.78
"cdbf4e88-a584-498d-9d80-1f4d2d4af116","e4825723-8197-4b1e-94ac-263c5d2887ab","D17","BIGC","BIGC.AOS.reaeration.station.01","BIGC_S1_20170627","2017-06-27T17:54Z",578,"2017-06-27T18:36:10Z",81.90,,15.42,,100.24,,101.00
"e629d2b6-30cf-47e3-90b3-7b8c3c6987a7","e4825723-8197-4b1e-94ac-263c5d2887ab","D17","BIGC","BIGC.AOS.reaeration.station.01","BIGC_S1_20170627","2017-06-27T17:54Z",2271,"2017-06-27T23:18:20Z",54.80,,26.05,,53.72,,53.65
"a91c22b2-4f9e-4ac2-abe6-a17071db546d","e4825723-8197-4b1e-94ac-263c5d2887ab","D17","BIGC","BIGC.AOS.reaeration.station.01","BIGC_S1_20170627","2017-06-27T17:54Z",1920,"2017-06-27T22:19:50Z",53.60,,26.08,,52.52,,52.45
"f2dfded4-d35d-4325-8e13-58d75db4fa1d","e4825723-8197-4b1e-94ac-263c5d2887ab","D17","BIGC","BIGC.AOS.reaeration.station.01","BIGC_S1_20170627","2017-06-27T17:54Z",1709,"2017-06-27T21:44:40Z",51.80,,24.96,,51.84,,51.84
"8854d283-c8a2-45ff-8e6f-b9813d34214d","e4825723-8197-4b1e-94ac-263c5d2887ab","D17","BIGC","BIGC.AOS.reaeration.station.01","BIGC_S1_20170627","2017-06-27T17:54Z",2031,"2017-06-27T22:38:20Z",54.10,,26.14,,52.95,,52.87
"b7852baa-81af-4927-b64a-06df8cf1c0cc","e4825723-8197-4b1e-94ac-263c5d2887ab","D17","BIGC","BIGC.AOS.reaeration.station.01","BIGC_S1_20170627","2017-06-27T17:54Z",2377,"2017-06-27T23:36:00Z",55.00,,26.10,,53.87,,53.79
"bfcf962c-5731-40c6-aaf5-ab20c4502421","e4825723-8197-4b1e-94ac-263c5d2887ab","D17","BIGC","BIGC.AOS.reaeration.station.01","BIGC_S1_20170627","2017-06-27T17:54Z",2080,"2017-06-27T22:46:30Z",54.30,,26.10,,53.18,,53.11
"a4371708-7aa9-4b91-87dc-fb9999d4534c","e4825723-8197-4b1e-94ac-263c5d2887ab","D17","BIGC","BIGC.AOS.reaeration.station.01","BIGC_S1_20170627","2017-06-27T17:54Z",1819,"2017-06-27T22:03:00Z",52.70,,25.64,,52.06,,52.02
"e9d24485-4a19-4449-b05d-f8814198ee97","e4825723-8197-4b1e-94ac-263c5d2887ab","D17","BIGC","BIGC.AOS.reaeration.station.01","BIGC_S1_20170627","2017-06-27T17:54Z",1042,"2017-06-27T19:53:30Z",88.80,,17.02,,104.77,,105.51
"b7274aa6-7b9f-4aec-b2db-f2337b7c09b3","e4825723-8197-4b1e-94ac-263c5d2887ab","D17","BIGC","BIGC.AOS.reaeration.station.01","BIGC_S1_20170627","2017-06-27T17:54Z",547,"2017-06-27T18:31:00Z",81.80,,15.32,,100.35,,101.12
"b8d792be-4e96-4aa3-9ba3-bad9412c5897","e4825723-8197-4b1e-94ac-263c5d2887ab","D17","BIGC","BIGC.AOS.reaeration.station.01","BIGC_S1_20170627","2017-06-27T17:54Z",2321,"2017-06-27T23:26:40Z",54.90,,26.05,,53.82,,53.75
"6379b00f-3789-4994-bd62-9d08e45630bf","e4825723-8197-4b1e-94ac-263c5d2887ab","D17","BIGC","BIGC.AOS.reaeration.station.01","BIGC_S1_20170627","2017-06-27T17:54Z",2362,"2017-06-27T23:33:30Z",55.00,,26.09,,53.88,,53.80
"9727feaa-6734-47d2-ade5-f527c1829d52","e4825723-8197-4b1e-94ac-263c5d2887ab","D17","BIGC","BIGC.AOS.reaeration.station.01","BIGC_S1_20170627","2017-06-27T17:54Z",1840,"2017-06-27T22:06:30Z",52.80,,25.78,,52.02,,51.97
"66c592af-074f-441f-92d3-7a9ffcd748dd","e4825723-8197-4b1e-94ac-263c5d2887ab","D17","BIGC","BIGC.AOS.reaeration.station.01","BIGC_S1_20170627","2017-06-27T17:54Z",1652,"2017-06-27T21:35:10Z",51.40,,24.35,,52.05,,52.09
"bbcafe08-7371-4de2-afee-c7d41df383c9","e4825723-8197-4b1e-94ac-263c5d2887ab","D17","BIGC","BIGC.AOS.reaeration.station.01","BIGC_S1_20170627","2017-06-27T17:54Z",1212,"2017-06-27T20:21:50Z",90.80,,17.56,,105.84,,106.56
"59554adc-3dbb-435e-8ab2-a2ba12f9d61b","e4825723-8197-4b1e-94ac-263c5d2887ab","D17","BIGC","BIGC.AOS.reaeration.station.01","BIGC_S1_20170627","2017-06-27T17:54Z",985,"2017-06-27T19:44:00Z",85.30,,16.82,,101.09,,101.82
"409e5e1c-3ff2-4e7d-90ac-d90a30e1d4f7","e4825723-8197-4b1e-94ac-263c5d2887ab","D17","BIGC","BIGC.AOS.reaeration.station.01","BIGC_S1_20170627","2017-06-27T17:54Z",1230,"2017-06-27T20:24:50Z",91.30,,17.61,,106.30,,107.02
"c4460fbc-1314-4e04-a9c4-19e1b701ecce","e4825723-8197-4b1e-94ac-263c5d2887ab","D17","BIGC","BIGC.AOS.reaeration.station.01","BIGC_S1_20170627","2017-06-27T17:54Z",706,"2017-06-27T18:57:30Z",85.70,,15.88,,103.78,,104.55
"1ec11987-c97c-4c14-9434-3d7625eeab74","e4825723-8197-4b1e-94ac-263c5d2887ab","D17","BIGC","BIGC.AOS.reaeration.station.01","BIGC_S1_20170627","2017-06-27T17:54Z",1875,"2017-06-27T22:12:20Z",53.30,,25.94,,52.36,,52.30
"7a5da652-56b2-4f59-9d9f-cd41df0a59ee","e4825723-8197-4b1e-94ac-263c5d2887ab","D17","BIGC","BIGC.AOS.reaeration.station.01","BIGC_S1_20170627","2017-06-27T17:54Z",1668,"2017-06-27T21:37:50Z",51.50,,24.53,,51.97,,52.00
"25bf92a3-ae56-4500-a69f-416158aa8ca2","e4825723-8197-4b1e-94ac-263c5d2887ab","D17","BIGC","BIGC.AOS.reaeration.station.01","BIGC_S1_20170627","2017-06-27T17:54Z",423,"2017-06-27T18:10:20Z",80.80,,14.91,,100.09,,100.85
"7dbc9542-9556-4184-890a-28400b95d788","e4825723-8197-4b1e-94ac-263c5d2887ab","D17","BIGC","BIGC.AOS.reaeration.station.01","BIGC_S1_20170627","2017-06-27T17:54Z",764,"2017-06-27T19:07:10Z",86.70,,16.05,,104.58,,105.35
"63a3555f-f90b-400b-b768-f4372f2a4db8","e4825723-8197-4b1e-94ac-263c5d2887ab","D17","BIGC","BIGC.AOS.reaeration.station.01","BIGC_S1_20170627","2017-06-27T17:54Z",167,"2017-06-27T17:27:40Z",79.90,,14.41,,100.16,,100.93
"4cf457b7-7a4e-4023-a272-91472361a874","e4825723-8197-4b1e-94ac-263c5d2887ab","D17","BIGC","BIGC.AOS.reaeration.station.01","BIGC_S1_20170627","2017-06-27T17:54Z",1446,"2017-06-27T21:00:50Z",48.80,,21.81,,51.97,,52.15
"fa7d3c86-7d5e-4fdd-90a4-9928f0752d58","e4825723-8197-4b1e-94ac-263c5d2887ab","D17","BIGC","BIGC.AOS.reaeration.station.01","BIGC_S1_20170627","2017-06-27T17:54Z",2156,"2017-06-27T22:59:10Z",54.50,,26.06,,53.42,,53.35
"73c82ae7-d781-4fdb-a55c-35902af2b2cc","e4825723-8197-4b1e-94ac-263c5d2887ab","D17","BIGC","BIGC.AOS.reaeration.station.01","BIGC_S1_20170627","2017-06-27T17:54Z",1539,"2017-06-27T21:16:20Z",49.90,,22.97,,51.91,,52.03
"44e8da42-d789-4939-b5f4-0aa6fa207760","e4825723-8197-4b1e-94ac-263c5d2887ab","D17","BIGC","BIGC.AOS.reaeration.station.01","BIGC_S1_20170627","2017-06-27T17:54Z",1765,"2017-06-27T21:54:00Z",52.20,,25.30,,51.90,,51.88
"570cc210-d4d2-4e97-b6c3-73a1749a3e66","e4825723-8197-4b1e-94ac-263c5d2887ab","D17","BIGC","BIGC.AOS.reaeration.station.01","BIGC_S1_20170627","2017-06-27T17:54Z",835,"2017-06-27T19:19:00Z",87.00,,16.31,,104.31,,105.08
"f1c9975c-2d34-4be1-969f-66a73e7b2796","e4825723-8197-4b1e-94ac-263c5d2887ab","D17","BIGC","BIGC.AOS.reaeration.station.01","BIGC_S1_20170627","2017-06-27T17:54Z",967,"2017-06-27T19:41:00Z",85.20,,16.74,,101.16,,101.88
"43c71740-9b09-45d8-b80c-7f9f06577166","e4825723-8197-4b1e-94ac-263c5d2887ab","D17","BIGC","BIGC.AOS.reaeration.station.01","BIGC_S1_20170627","2017-06-27T17:54Z",1509,"2017-06-27T21:11:20Z",49.60,,22.63,,51.95,,52.09
"b35c13b6-5a9a-44f2-9bb4-8762da116de7","e4825723-8197-4b1e-94ac-263c5d2887ab","D17","BIGC","BIGC.AOS.reaeration.station.01","BIGC_S1_20170627","2017-06-27T17:54Z",1090,"2017-06-27T20:01:30Z",89.70,,17.19,,105.43,,106.16
"38d8db85-d34e-4b4e-96db-789673774940","e4825723-8197-4b1e-94ac-263c5d2887ab","D17","BIGC","BIGC.AOS.reaeration.station.01","BIGC_S1_20170627","2017-06-27T17:54Z",900,"2017-06-27T19:29:50Z",86.80,,16.52,,103.58,,104.33
"0c968e28-3d65-4093-8224-2bdc0ef59aeb","e4825723-8197-4b1e-94ac-263c5d2887ab","D17","BIGC","BIGC.AOS.reaeration.station.01","BIGC_S1_20170627","2017-06-27T17:54Z",1242,"2017-06-27T20:26:50Z",89.80,,17.63,,104.51,,105.22
"d1cd1afa-7ce7-45a4-af17-49595ff430c1","e4825723-8197-4b1e-94ac-263c5d2887ab","D17","BIGC","BIGC.AOS.reaeration.station.01","BIGC_S1_20170627","2017-06-27T17:54Z",465,"2017-06-27T18:17:20Z",81.20,,14.98,,100.42,,101.19
"9333536b-049e-43f7-a135-b804bddf9598","e4825723-8197-4b1e-94ac-263c5d2887ab","D17","BIGC","BIGC.AOS.reaeration.station.01","BIGC_S1_20170627","2017-06-27T17:54Z",1104,"2017-06-27T20:03:50Z",91.00,,17.25,,106.81,,107.55
"5f659989-bd3e-4bee-ac6c-3a74d225636c","e4825723-8197-4b1e-94ac-263c5d2887ab","D17","BIGC","BIGC.AOS.reaeration.station.01","BIGC_S1_20170627","2017-06-27T17:54Z",1583,"2017-06-27T21:23:40Z",50.40,,23.38,,52.01,,52.11
"a8774194-553c-42bf-95e1-9990fe4f59fe","e4825723-8197-4b1e-94ac-263c5d2887ab","D17","BIGC","BIGC.AOS.reaeration.station.01","BIGC_S1_20170627","2017-06-27T17:54Z",1859,"2017-06-27T22:09:40Z",53.20,,25.87,,52.33,,52.27
"56cbddee-9537-4c7b-8617-8b21f23f7d33","e4825723-8197-4b1e-94ac-263c5d2887ab","D17","BIGC","BIGC.AOS.reaeration.station.01","BIGC_S1_20170627","2017-06-27T17:54Z",2614,"2017-06-28T00:14:56Z",,,,,,,
"151adda3-1fc9-416c-a196-ea6b1dd7e2d8","e4825723-8197-4b1e-94ac-263c5d2887ab","D17","BIGC","BIGC.AOS.reaeration.station.01","BIGC_S1_20170627","2017-06-27T17:54Z",510,"2017-06-27T18:24:50Z",81.60,,15.11,,100.60,,101.37
"8021fd7f-8b34-4aae-b2b3-cf7283165cc4","e4825723-8197-4b1e-94ac-263c5d2887ab","D17","BIGC","BIGC.AOS.reaeration.station.01","BIGC_S1_20170627","2017-06-27T17:54Z",1031,"2017-06-27T19:51:40Z",89.20,,16.97,,105.36,,106.10
"16cc853e-3549-4bcc-8b5f-9ec953635dc0","e4825723-8197-4b1e-94ac-263c5d2887ab","D17","BIGC","BIGC.AOS.reaeration.station.01","BIGC_S1_20170627","2017-06-27T17:54Z",446,"2017-06-27T18:14:10Z",81.10,,14.95,,100.37,,101.13
"9394c0e2-4fc6-472c-bb5a-143803692e7b","e4825723-8197-4b1e-94ac-263c5d2887ab","D17","BIGC","BIGC.AOS.reaeration.station.01","BIGC_S1_20170627","2017-06-27T17:54Z",90,"2017-06-27T17:14:50Z",79.90,,14.24,,100.57,,101.34
"ee80d48d-7048-477c-bf4d-157c251b11d4","e4825723-8197-4b1e-94ac-263c5d2887ab","D17","BIGC","BIGC.AOS.reaeration.station.01","BIGC_S1_20170627","2017-06-27T17:54Z",485,"2017-06-27T18:20:40Z",81.40,,15.09,,100.40,,101.17
"fd2a0155-4ef1-4ddb-858c-621d7d8fae2a","e4825723-8197-4b1e-94ac-263c5d2887ab","D17","BIGC","BIGC.AOS.reaeration.station.01","BIGC_S1_20170627","2017-06-27T17:54Z",1783,"2017-06-27T21:57:00Z",52.30,,25.40,,51.90,,51.88
"7e2d3147-d313-43ab-bc37-64b55275361c","e4825723-8197-4b1e-94ac-263c5d2887ab","D17","BIGC","BIGC.AOS.reaeration.station.01","BIGC_S1_20170627","2017-06-27T17:54Z",398,"2017-06-27T18:06:10Z",80.60,,14.87,,99.94,,100.70
"5f461c00-b797-4403-bdfb-c85348b11b1c","e4825723-8197-4b1e-94ac-263c5d2887ab","D17","BIGC","BIGC.AOS.reaeration.station.01","BIGC_S1_20170627","2017-06-27T17:54Z",1790,"2017-06-27T21:58:10Z",52.50,,25.45,,52.05,,52.02
"f9cf3220-34fa-4067-b455-4779b2ca3548","e4825723-8197-4b1e-94ac-263c5d2887ab","D17","BIGC","BIGC.AOS.reaeration.station.01","BIGC_S1_20170627","2017-06-27T17:54Z",660,"2017-06-27T18:49:50Z",85.90,,15.66,,104.55,,105.34
"07b4cd91-a167-4ccb-a892-db33018443e1","e4825723-8197-4b1e-94ac-263c5d2887ab","D17","BIGC","BIGC.AOS.reaeration.station.01","BIGC_S1_20170627","2017-06-27T17:54Z",1740,"2017-06-27T21:49:50Z",52.00,,25.18,,51.82,,51.81
"b4f862f5-921c-4c98-a421-37c7d4d59995","e4825723-8197-4b1e-94ac-263c5d2887ab","D17","BIGC","BIGC.AOS.reaeration.station.01","BIGC_S1_20170627","2017-06-27T17:54Z",673,"2017-06-27T18:52:00Z",85.40,,15.74,,103.75,,104.53
"84e35f1a-7cc7-41d0-987d-b65a955d2ec0","e4825723-8197-4b1e-94ac-263c5d2887ab","D17","BIGC","BIGC.AOS.reaeration.station.01","BIGC_S1_20170627","2017-06-27T17:54Z",557,"2017-06-27T18:32:40Z",81.90,,15.33,,100.45,,101.22
"1fb85b05-f61b-4feb-ad4a-b52f3a7a94a0","e4825723-8197-4b1e-94ac-263c5d2887ab","D17","BIGC","BIGC.AOS.reaeration.station.01","BIGC_S1_20170627","2017-06-27T17:54Z",123,"2017-06-27T17:20:20Z",79.80,,14.33,,100.23,,101.00
"36a7f6e8-9380-486a-86ef-45087e7cdca4","e4825723-8197-4b1e-94ac-263c5d2887ab","D17","BIGC","BIGC.AOS.reaeration.station.01","BIGC_S1_20170627","2017-06-27T17:54Z",256,"2017-06-27T17:42:30Z",80.10,,14.59,,99.98,,100.75
"078b1d2a-750a-45d5-af4e-d331df23417f","e4825723-8197-4b1e-94ac-263c5d2887ab","D17","BIGC","BIGC.AOS.reaeration.station.01","BIGC_S1_20170627","2017-06-27T17:54Z",184,"2017-06-27T17:30:30Z",80.00,,14.41,,100.28,,101.05
"18cc8e8f-2bb3-40a0-9342-5e7dd58c8b47","e4825723-8197-4b1e-94ac-263c5d2887ab","D17","BIGC","BIGC.AOS.reaeration.station.01","BIGC_S1_20170627","2017-06-27T17:54Z",880,"2017-06-27T19:26:30Z",87.20,,16.47,,104.17,,104.93
"33817fbd-9ea2-47c9-adf3-9d9579e02b95","e4825723-8197-4b1e-94ac-263c5d2887ab","D17","BIGC","BIGC.AOS.reaeration.station.01","BIGC_S1_20170627","2017-06-27T17:54Z",1661,"2017-06-27T21:36:40Z",51.40,,24.46,,51.94,,51.97
"aab0dac1-2b8e-40ff-8316-283287f1e2b6","e4825723-8197-4b1e-94ac-263c5d2887ab","D17","BIGC","BIGC.AOS.reaeration.station.01","BIGC_S1_20170627","2017-06-27T17:54Z",386,"2017-06-27T18:04:10Z",80.60,,14.80,,100.10,,100.87
"d51d763c-3c71-46ef-8706-e46dd437c2f8","e4825723-8197-4b1e-94ac-263c5d2887ab","D17","BIGC","BIGC.AOS.reaeration.station.01","BIGC_S1_20170627","2017-06-27T17:54Z",1505,"2017-06-27T21:10:40Z",49.40,,22.59,,51.78,,51.93
"c804c889-931b-4a0f-97a9-7948f817fa6c","e4825723-8197-4b1e-94ac-263c5d2887ab","D17","BIGC","BIGC.AOS.reaeration.station.01","BIGC_S1_20170627","2017-06-27T17:54Z",28,"2017-06-27T17:04:30Z",79.40,,14.25,,99.92,,100.68
"4c6e554a-111d-4ec3-bd0c-004e453cf441","e4825723-8197-4b1e-94ac-263c5d2887ab","D17","BIGC","BIGC.AOS.reaeration.station.01","BIGC_S1_20170627","2017-06-27T17:54Z",1622,"2017-06-27T21:30:10Z",50.90,,23.97,,51.92,,51.98
"256be322-ae35-48ac-b01b-93a9e696d355","e4825723-8197-4b1e-94ac-263c5d2887ab","D17","BIGC","BIGC.AOS.reaeration.station.01","BIGC_S1_20170627","2017-06-27T17:54Z",1756,"2017-06-27T21:52:30Z",52.10,,25.26,,51.84,,51.83
"7ecda2ac-2bb3-4261-a1a4-dcaf4adfaec5","e4825723-8197-4b1e-94ac-263c5d2887ab","D17","BIGC","BIGC.AOS.reaeration.station.01","BIGC_S1_20170627","2017-06-27T17:54Z",1946,"2017-06-27T22:24:10Z",53.70,,26.12,,52.58,,52.50
"a6c3d24c-46e4-4cd0-bece-5fdaf69b9938","e4825723-8197-4b1e-94ac-263c5d2887ab","D17","BIGC","BIGC.AOS.reaeration.station.01","BIGC_S1_20170627","2017-06-27T17:54Z",1537,"2017-06-27T21:16:00Z",49.90,,22.95,,51.93,,52.06
"92766800-76eb-4721-96a4-4e70474ff64e","e4825723-8197-4b1e-94ac-263c5d2887ab","D17","BIGC","BIGC.AOS.reaeration.station.01","BIGC_S1_20170627","2017-06-27T17:54Z",20,"2017-06-27T17:03:10Z",79.60,,14.19,,100.31,,101.08
"346580f9-f8e1-44e1-9e8b-16b3dde335b2","e4825723-8197-4b1e-94ac-263c5d2887ab","D17","BIGC","BIGC.AOS.reaeration.station.01","BIGC_S1_20170627","2017-06-27T17:54Z",1905,"2017-06-27T22:17:20Z",53.50,,26.04,,52.46,,52.39
"76b2bf8b-63af-441b-b54e-e830e76d5da9","e4825723-8197-4b1e-94ac-263c5d2887ab","D17","BIGC","BIGC.AOS.reaeration.station.01","BIGC_S1_20170627","2017-06-27T17:54Z",1239,"2017-06-27T20:26:20Z",90.70,,17.63,,105.56,,106.27
"d3db1c44-44b9-49d0-b68e-a5025eb8c02e","e4825723-8197-4b1e-94ac-263c5d2887ab","D17","BIGC","BIGC.AOS.reaeration.station.01","BIGC_S1_20170627","2017-06-27T17:54Z",798,"2017-06-27T19:12:50Z",86.80,,16.19,,104.36,,105.13
"0a1840c1-5e01-4518-85a5-f8cc01f95537","e4825723-8197-4b1e-94ac-263c5d2887ab","D17","BIGC","BIGC.AOS.reaeration.station.01","BIGC_S1_20170627","2017-06-27T17:54Z",1128,"2017-06-27T20:07:50Z",90.20,,17.31,,105.73,,106.46
"db8ee83f-72fe-40c5-868a-729225a33444","e4825723-8197-4b1e-94ac-263c5d2887ab","D17","BIGC","BIGC.AOS.reaeration.station.01","BIGC_S1_20170627","2017-06-27T17:54Z",1314,"2017-06-27T20:38:50Z",43.60,,18.14,,50.17,,50.50
"ba0bebf3-89bd-428a-9dc8-5af76e31f4c9","e4825723-8197-4b1e-94ac-263c5d2887ab","D17","BIGC","BIGC.AOS.reaeration.station.01","BIGC_S1_20170627","2017-06-27T17:54Z",2397,"2017-06-27T23:39:20Z",55.10,,26.12,,53.95,,53.87
"bd431539-87a7-4d77-83e9-990969d26caa","e4825723-8197-4b1e-94ac-263c5d2887ab","D17","BIGC","BIGC.AOS.reaeration.station.01","BIGC_S1_20170627","2017-06-27T17:54Z",468,"2017-06-27T18:17:50Z",81.10,,15.03,,100.18,,100.94
"6d581cdf-28fa-42d2-9e96-e75ba1d4e22e","e4825723-8197-4b1e-94ac-263c5d2887ab","D17","BIGC","BIGC.AOS.reaeration.station.01","BIGC_S1_20170627","2017-06-27T17:54Z",2458,"2017-06-27T23:49:30Z",55.20,,26.16,,54.00,,53.92
"854b696c-6b10-47eb-9d17-869f6d801f04","e4825723-8197-4b1e-94ac-263c5d2887ab","D17","BIGC","BIGC.AOS.reaeration.station.01","BIGC_S1_20170627","2017-06-27T17:54Z",2259,"2017-06-27T23:16:20Z",54.80,,26.05,,53.72,,53.65
"b03f0201-eeda-4e18-b615-540436e0552a","e4825723-8197-4b1e-94ac-263c5d2887ab","D17","BIGC","BIGC.AOS.reaeration.station.01","BIGC_S1_20170627","2017-06-27T17:54Z",1743,"2017-06-27T21:50:20Z",52.10,,25.20,,51.90,,51.89
"b23a8111-e55f-41c5-bdab-28a6073186d7","e4825723-8197-4b1e-94ac-263c5d2887ab","D17","BIGC","BIGC.AOS.reaeration.station.01","BIGC_S1_20170627","2017-06-27T17:54Z",1984,"2017-06-27T22:30:30Z",53.90,,26.14,,52.75,,52.68
"bcc22955-eb73-41d1-9100-a0923186046d","e4825723-8197-4b1e-94ac-263c5d2887ab","D17","BIGC","BIGC.AOS.reaeration.station.01","BIGC_S1_20170627","2017-06-27T17:54Z",1947,"2017-06-27T22:24:20Z",53.70,,26.12,,52.58,,52.50
"803bd046-0c55-4baf-86a9-d99c19ab341b","e4825723-8197-4b1e-94ac-263c5d2887ab","D17","BIGC","BIGC.AOS.reaeration.station.01","BIGC_S1_20170627","2017-06-27T17:54Z",2129,"2017-06-27T22:54:40Z",54.30,,26.08,,53.20,,53.13
"12f610f5-f7d1-4cdb-a92a-1f572d94265d","e4825723-8197-4b1e-94ac-263c5d2887ab","D17","BIGC","BIGC.AOS.reaeration.station.01","BIGC_S1_20170627","2017-06-27T17:54Z",585,"2017-06-27T18:37:20Z",81.90,,15.46,,100.15,,100.91
"eb961fef-e1b8-4b96-9d6e-7685e6889fbe","e4825723-8197-4b1e-94ac-263c5d2887ab","D17","BIGC","BIGC.AOS.reaeration.station.01","BIGC_S1_20170627","2017-06-27T17:54Z",1889,"2017-06-27T22:14:40Z",53.40,,25.99,,52.41,,52.34
"651c005f-a6c2-41eb-b709-f342c377d036","e4825723-8197-4b1e-94ac-263c5d2887ab","D17","BIGC","BIGC.AOS.reaeration.station.01","BIGC_S1_20170627","2017-06-27T17:54Z",152,"2017-06-27T17:25:10Z",79.90,,14.36,,100.28,,101.05
"6faa98bd-45ee-48a4-a9b6-ee5c3263d5d1","e4825723-8197-4b1e-94ac-263c5d2887ab","D17","BIGC","BIGC.AOS.reaeration.station.01","BIGC_S1_20170627","2017-06-27T17:54Z",2265,"2017-06-27T23:17:20Z",54.70,,26.05,,53.62,,53.55
"e7ede9b4-f083-4566-a3a5-91f3a2287e5f","e4825723-8197-4b1e-94ac-263c5d2887ab","D17","BIGC","BIGC.AOS.reaeration.station.01","BIGC_S1_20170627","2017-06-27T17:54Z",38,"2017-06-27T17:06:10Z",79.70,,14.17,,100.49,,101.26
"a7e28fe8-75f2-4298-b191-c5a58b3cd33f","e4825723-8197-4b1e-94ac-263c5d2887ab","D17","BIGC","BIGC.AOS.reaeration.station.01","BIGC_S1_20170627","2017-06-27T17:54Z",1416,"2017-06-27T20:55:50Z",48.30,,21.29,,51.98,,52.19
"12d9191b-be5e-481b-969d-72cbe9ce16c5","e4825723-8197-4b1e-94ac-263c5d2887ab","D17","BIGC","BIGC.AOS.reaeration.station.01","BIGC_S1_20170627","2017-06-27T17:54Z",956,"2017-06-27T19:39:10Z",85.90,,16.71,,102.06,,102.79
"6812e878-16bc-4082-9f32-7ca1acea2181","e4825723-8197-4b1e-94ac-263c5d2887ab","D17","BIGC","BIGC.AOS.reaeration.station.01","BIGC_S1_20170627","2017-06-27T17:54Z",2272,"2017-06-27T23:18:30Z",54.70,,26.05,,53.62,,53.55
"6cee5992-a6cf-4dec-9bd3-1170d438e94d","e4825723-8197-4b1e-94ac-263c5d2887ab","D17","BIGC","BIGC.AOS.reaeration.station.01","BIGC_S1_20170627","2017-06-27T17:54Z",859,"2017-06-27T19:23:00Z",86.90,,16.40,,103.98,,104.74
"74847dd5-e44d-4dea-b6fa-f60544e6d90c","e4825723-8197-4b1e-94ac-263c5d2887ab","D17","BIGC","BIGC.AOS.reaeration.station.01","BIGC_S1_20170627","2017-06-27T17:54Z",1944,"2017-06-27T22:23:50Z",53.80,,26.12,,52.67,,52.60
"40b669b9-dd12-4c79-853a-8c3b351bb701","e4825723-8197-4b1e-94ac-263c5d2887ab","D17","BIGC","BIGC.AOS.reaeration.station.01","BIGC_S1_20170627","2017-06-27T17:54Z",2354,"2017-06-27T23:32:10Z",55.00,,26.08,,53.89,,53.82
"b4e66c51-de2c-4fb9-92c5-f2450c6d6b28","e4825723-8197-4b1e-94ac-263c5d2887ab","D17","BIGC","BIGC.AOS.reaeration.station.01","BIGC_S1_20170627","2017-06-27T17:54Z",1755,"2017-06-27T21:52:20Z",52.10,,25.25,,51.85,,51.84
"34e25fc2-b193-4435-8b27-090e35334cc2","e4825723-8197-4b1e-94ac-263c5d2887ab","D17","BIGC","BIGC.AOS.reaeration.station.01","BIGC_S1_20170627","2017-06-27T17:54Z",2388,"2017-06-27T23:37:50Z",55.00,,26.11,,53.86,,53.78
"ac084237-2604-4237-82d8-e5f18abe12fe","e4825723-8197-4b1e-94ac-263c5d2887ab","D17","BIGC","BIGC.AOS.reaeration.station.01","BIGC_S1_20170627","2017-06-27T17:54Z",974,"2017-06-27T19:42:10Z",85.10,,16.77,,100.97,,101.69
"d0e32f7c-7d06-48aa-a72e-dc1dcbe25ac0","e4825723-8197-4b1e-94ac-263c5d2887ab","D17","BIGC","BIGC.AOS.reaeration.station.01","BIGC_S1_20170627","2017-06-27T17:54Z",831,"2017-06-27T19:18:20Z",87.00,,16.30,,104.34,,105.10
"f5feb628-37c8-4ecb-8be8-fd422337ca89","e4825723-8197-4b1e-94ac-263c5d2887ab","D17","BIGC","BIGC.AOS.reaeration.station.01","BIGC_S1_20170627","2017-06-27T17:54Z",2300,"2017-06-27T23:23:10Z",54.80,,26.04,,53.73,,53.66
"f15da5a3-f0e2-41a5-bde0-d4ae6a6780da","e4825723-8197-4b1e-94ac-263c5d2887ab","D17","BIGC","BIGC.AOS.reaeration.station.01","BIGC_S1_20170627","2017-06-27T17:54Z",1828,"2017-06-27T22:04:30Z",52.80,,25.70,,52.10,,52.06
"7e48db8b-a250-46a1-9d73-d44ac85decef","e4825723-8197-4b1e-94ac-263c5d2887ab","D17","BIGC","BIGC.AOS.reaeration.station.01","BIGC_S1_20170627","2017-06-27T17:54Z",2000,"2017-06-27T22:33:10Z",53.90,,26.14,,52.75,,52.68
"4d7d3f00-6d96-4f9a-865d-3a5724db92b7","e4825723-8197-4b1e-94ac-263c5d2887ab","D17","BIGC","BIGC.AOS.reaeration.station.01","BIGC_S1_20170627","2017-06-27T17:54Z",1688,"2017-06-27T21:41:10Z",51.70,,24.76,,51.94,,51.95
"2b78fce5-7537-478a-9098-2153be9e8c12","e4825723-8197-4b1e-94ac-263c5d2887ab","D17","BIGC","BIGC.AOS.reaeration.station.01","BIGC_S1_20170627","2017-06-27T17:54Z",1665,"2017-06-27T21:37:20Z",51.40,,24.49,,51.91,,51.94
"20c0dc1d-412b-470c-803d-6b5f8f87795f","e4825723-8197-4b1e-94ac-263c5d2887ab","D17","BIGC","BIGC.AOS.reaeration.station.01","BIGC_S1_20170627","2017-06-27T17:54Z",1682,"2017-06-27T21:40:10Z",51.60,,24.69,,51.91,,51.93
"86a3074f-8747-442d-8e3d-69c9e9826559","e4825723-8197-4b1e-94ac-263c5d2887ab","D17","BIGC","BIGC.AOS.reaeration.station.01","BIGC_S1_20170627","2017-06-27T17:54Z",413,"2017-06-27T18:08:40Z",80.80,,14.85,,100.23,,101.00
"95c6edfd-d92f-4bc6-a8d4-669ba7b0c9b5","e4825723-8197-4b1e-94ac-263c5d2887ab","D17","BIGC","BIGC.AOS.reaeration.station.01","BIGC_S1_20170627","2017-06-27T17:54Z",2608,"2017-06-28T00:14:10Z",54.30,,25.30,,53.99,,53.97
"75867ab1-7d6f-4676-aac4-7c8bdff276d0","e4825723-8197-4b1e-94ac-263c5d2887ab","D17","BIGC","BIGC.AOS.reaeration.station.01","BIGC_S1_20170627","2017-06-27T17:54Z",1358,"2017-06-27T20:46:10Z",46.10,,19.80,,51.18,,51.46
"56d1baf7-e261-47bd-8ca1-deaeea7bfab5","e4825723-8197-4b1e-94ac-263c5d2887ab","D17","BIGC","BIGC.AOS.reaeration.station.01","BIGC_S1_20170627","2017-06-27T17:54Z",1977,"2017-06-27T22:29:20Z",53.90,,26.14,,52.75,,52.68
"d1d07f2b-0488-4bc6-8ff7-58ae1244b8f7","e4825723-8197-4b1e-94ac-263c5d2887ab","D17","BIGC","BIGC.AOS.reaeration.station.01","BIGC_S1_20170627","2017-06-27T17:54Z",2411,"2017-06-27T23:41:40Z",55.10,,26.14,,53.93,,53.85
"8ef37d29-7263-4e8d-b7b7-20bd0cff5955","e4825723-8197-4b1e-94ac-263c5d2887ab","D17","BIGC","BIGC.AOS.reaeration.station.01","BIGC_S1_20170627","2017-06-27T17:54Z",2371,"2017-06-27T23:35:00Z",55.00,,26.10,,53.87,,53.79
"d519c2f5-6631-4949-84df-c0fb35ebaf29","e4825723-8197-4b1e-94ac-263c5d2887ab","D17","BIGC","BIGC.AOS.reaeration.station.01","BIGC_S1_20170627","2017-06-27T17:54Z",1987,"2017-06-27T22:31:00Z",54.10,,26.14,,52.95,,52.87
"9453d4c6-c3bc-4e72-a329-12b58bf2534a","e4825723-8197-4b1e-94ac-263c5d2887ab","D17","BIGC","BIGC.AOS.reaeration.station.01","BIGC_S1_20170627","2017-06-27T17:54Z",1052,"2017-06-27T19:55:10Z",89.70,,17.06,,105.74,,106.48
"8025b8f4-1b98-455c-990c-e93d27964ec4","e4825723-8197-4b1e-94ac-263c5d2887ab","D17","BIGC","BIGC.AOS.reaeration.station.01","BIGC_S1_20170627","2017-06-27T17:54Z",2332,"2017-06-27T23:28:30Z",55.00,,26.05,,53.92,,53.85
"f3ee02fe-7f78-4a95-981f-0713cd38aee6","e4825723-8197-4b1e-94ac-263c5d2887ab","D17","BIGC","BIGC.AOS.reaeration.station.01","BIGC_S1_20170627","2017-06-27T17:54Z",840,"2017-06-27T19:19:50Z",87.20,,16.32,,104.53,,105.30
"1892e60e-f312-4202-a4fd-3a25040b4254","e4825723-8197-4b1e-94ac-263c5d2887ab","D17","BIGC","BIGC.AOS.reaeration.station.01","BIGC_S1_20170627","2017-06-27T17:54Z",1116,"2017-06-27T20:05:50Z",90.30,,17.27,,105.94,,106.68
"71e9c628-d162-4b84-858e-b49521e207de","e4825723-8197-4b1e-94ac-263c5d2887ab","D17","BIGC","BIGC.AOS.reaeration.station.01","BIGC_S1_20170627","2017-06-27T17:54Z",742,"2017-06-27T19:03:30Z",86.90,,15.96,,105.04,,105.82
"e3235fc1-5b0d-428e-a39a-24c5120def3d","e4825723-8197-4b1e-94ac-263c5d2887ab","D17","BIGC","BIGC.AOS.reaeration.station.01","BIGC_S1_20170627","2017-06-27T17:54Z",603,"2017-06-27T18:40:20Z",82.20,,15.50,,100.42,,101.18
"c60f4122-f982-4faf-b19c-db1b0aead0d2","e4825723-8197-4b1e-94ac-263c5d2887ab","D17","BIGC","BIGC.AOS.reaeration.station.01","BIGC_S1_20170627","2017-06-27T17:54Z",111,"2017-06-27T17:18:20Z",79.60,,14.37,,99.88,,100.65
"719dfaf9-f130-4e2b-bd35-80a1ce19d367","e4825723-8197-4b1e-94ac-263c5d2887ab","D17","BIGC","BIGC.AOS.reaeration.station.01","BIGC_S1_20170627","2017-06-27T17:54Z",794,"2017-06-27T19:12:10Z",86.80,,16.16,,104.43,,105.20
"6955f77f-1dcd-4f7f-91a2-4a327fb3d67a","e4825723-8197-4b1e-94ac-263c5d2887ab","D17","BIGC","BIGC.AOS.reaeration.station.01","BIGC_S1_20170627","2017-06-27T17:54Z",2175,"2017-06-27T23:02:20Z",54.50,,26.06,,53.42,,53.35
"49c889ec-fa35-4a59-b31e-15f36929267e","e4825723-8197-4b1e-94ac-263c5d2887ab","D17","BIGC","BIGC.AOS.reaeration.station.01","BIGC_S1_20170627","2017-06-27T17:54Z",544,"2017-06-27T18:30:30Z",81.90,,15.26,,100.62,,101.38
"ca7ce2ba-56db-4017-81e3-7a447f686e5e","e4825723-8197-4b1e-94ac-263c5d2887ab","D17","BIGC","BIGC.AOS.reaeration.station.01","BIGC_S1_20170627","2017-06-27T17:54Z",1753,"2017-06-27T21:52:00Z",52.10,,25.24,,51.86,,51.85
"af46e3b6-5dd6-4347-bdc1-71f15139121b","e4825723-8197-4b1e-94ac-263c5d2887ab","D17","BIGC","BIGC.AOS.reaeration.station.01","BIGC_S1_20170627","2017-06-27T17:54Z",655,"2017-06-27T18:49:00Z",85.20,,15.68,,103.65,,104.43
"bcd9b775-9dc8-4164-a1ad-557f0414e583","e4825723-8197-4b1e-94ac-263c5d2887ab","D17","BIGC","BIGC.AOS.reaeration.station.01","BIGC_S1_20170627","2017-06-27T17:54Z",2187,"2017-06-27T23:04:20Z",54.60,,26.06,,53.52,,53.45
"1b114fa1-18c6-4de9-bf62-c9986e594ead","e4825723-8197-4b1e-94ac-263c5d2887ab","D17","BIGC","BIGC.AOS.reaeration.station.01","BIGC_S1_20170627","2017-06-27T17:54Z",205,"2017-06-27T17:34:00Z",80.00,,14.44,,100.21,,100.98
"c7854c60-711f-4db3-8e43-865ea8e530c0","e4825723-8197-4b1e-94ac-263c5d2887ab","D17","BIGC","BIGC.AOS.reaeration.station.01","BIGC_S1_20170627","2017-06-27T17:54Z",774,"2017-06-27T19:08:50Z",86.40,,16.11,,104.07,,104.84
"67549204-e1ba-4550-bef5-0200eb89b9bf","e4825723-8197-4b1e-94ac-263c5d2887ab","D17","BIGC","BIGC.AOS.reaeration.station.01","BIGC_S1_20170627","2017-06-27T17:54Z",494,"2017-06-27T18:22:10Z",81.50,,15.07,,100.58,,101.34
"85ed70c8-aa5c-4402-be84-158a8ed3b210","e4825723-8197-4b1e-94ac-263c5d2887ab","D17","BIGC","BIGC.AOS.reaeration.station.01","BIGC_S1_20170627","2017-06-27T17:54Z",1893,"2017-06-27T22:15:20Z",53.30,,26.00,,52.30,,52.24
"3da0471a-adae-45b5-b80c-1aa05398973e","e4825723-8197-4b1e-94ac-263c5d2887ab","D17","BIGC","BIGC.AOS.reaeration.station.01","BIGC_S1_20170627","2017-06-27T17:54Z",983,"2017-06-27T19:43:40Z",85.50,,16.80,,101.38,,102.10
"76c6b88d-15ae-4daf-96bb-3702e891045c","e4825723-8197-4b1e-94ac-263c5d2887ab","D17","BIGC","BIGC.AOS.reaeration.station.01","BIGC_S1_20170627","2017-06-27T17:54Z",2402,"2017-06-27T23:40:10Z",55.10,,26.14,,53.93,,53.85
"d7ef3398-0794-4c39-98ed-4c2291aad126","e4825723-8197-4b1e-94ac-263c5d2887ab","D17","BIGC","BIGC.AOS.reaeration.station.01","BIGC_S1_20170627","2017-06-27T17:54Z",2022,"2017-06-27T22:36:50Z",54.20,,26.14,,53.04,,52.97
"861f273a-47eb-46bd-921c-594256b20d85","e4825723-8197-4b1e-94ac-263c5d2887ab","D17","BIGC","BIGC.AOS.reaeration.station.01","BIGC_S1_20170627","2017-06-27T17:54Z",998,"2017-06-27T19:46:10Z",86.60,,16.85,,102.57,,103.30
"b4ec6ac2-2769-42c6-9c7c-882c058071ad","e4825723-8197-4b1e-94ac-263c5d2887ab","D17","BIGC","BIGC.AOS.reaeration.station.01","BIGC_S1_20170627","2017-06-27T17:54Z",652,"2017-06-27T18:48:30Z",84.80,,15.65,,103.24,,104.01
"953be568-0393-4fe3-a7af-bf129c656c11","e4825723-8197-4b1e-94ac-263c5d2887ab","D17","BIGC","BIGC.AOS.reaeration.station.01","BIGC_S1_20170627","2017-06-27T17:54Z",1411,"2017-06-27T20:55:00Z",48.20,,21.19,,51.98,,52.20
"c529d069-98aa-4485-9b6a-7d0a2957a2ec","e4825723-8197-4b1e-94ac-263c5d2887ab","D17","BIGC","BIGC.AOS.reaeration.station.01","BIGC_S1_20170627","2017-06-27T17:54Z",952,"2017-06-27T19:38:30Z",86.50,,16.68,,102.84,,103.58
"6885e9a1-288d-4406-8c85-3f70dace0a4a","e4825723-8197-4b1e-94ac-263c5d2887ab","D17","BIGC","BIGC.AOS.reaeration.station.01","BIGC_S1_20170627","2017-06-27T17:54Z",2268,"2017-06-27T23:17:50Z",54.70,,26.05,,53.62,,53.55
"e913d13f-d919-4543-ad1d-b03ba222e733","e4825723-8197-4b1e-94ac-263c5d2887ab","D17","BIGC","BIGC.AOS.reaeration.station.01","BIGC_S1_20170627","2017-06-27T17:54Z",2364,"2017-06-27T23:33:50Z",55.00,,26.09,,53.88,,53.80
"1c3f8fdd-950a-42bd-b2cd-bcd582756389","e4825723-8197-4b1e-94ac-263c5d2887ab","D17","BIGC","BIGC.AOS.reaeration.station.01","BIGC_S1_20170627","2017-06-27T17:54Z",1071,"2017-06-27T19:58:20Z",90.00,,17.13,,105.92,,106.66
"b2892feb-65f6-49ff-b3a1-c021c8451878","e4825723-8197-4b1e-94ac-263c5d2887ab","D17","BIGC","BIGC.AOS.reaeration.station.01","BIGC_S1_20170627","2017-06-27T17:54Z",1681,"2017-06-27T21:40:00Z",51.60,,24.67,,51.93,,51.95
"21dc3d02-2026-4c76-a86c-aa948746700a","e4825723-8197-4b1e-94ac-263c5d2887ab","D17","BIGC","BIGC.AOS.reaeration.station.01","BIGC_S1_20170627","2017-06-27T17:54Z",613,"2017-06-27T18:42:00Z",82.10,,15.54,,100.21,,100.96
"5f1e5898-0ff3-4015-8f15-f90727ab8f70","e4825723-8197-4b1e-94ac-263c5d2887ab","D17","BIGC","BIGC.AOS.reaeration.station.01","BIGC_S1_20170627","2017-06-27T17:54Z",342,"2017-06-27T17:56:50Z",80.60,,14.67,,100.41,,101.18
"e8720670-eb3b-4bd8-9cf4-348dc9f3310a","e4825723-8197-4b1e-94ac-263c5d2887ab","D17","BIGC","BIGC.AOS.reaeration.station.01","BIGC_S1_20170627","2017-06-27T17:54Z",1341,"2017-06-27T20:43:20Z",46.00,,19.56,,51.33,,51.62
"81462ebf-b37e-4629-bfc5-b9e75e5d7cf9","e4825723-8197-4b1e-94ac-263c5d2887ab","D17","BIGC","BIGC.AOS.reaeration.station.01","BIGC_S1_20170627","2017-06-27T17:54Z",2419,"2017-06-27T23:43:00Z",55.10,,26.14,,53.93,,53.85
"37058130-2717-4173-9f99-a1839e97786a","e4825723-8197-4b1e-94ac-263c5d2887ab","D17","BIGC","BIGC.AOS.reaeration.station.01","BIGC_S1_20170627","2017-06-27T17:54Z",2298,"2017-06-27T23:22:50Z",54.80,,26.05,,53.72,,53.65
"86a93d17-4cbe-46d5-931a-0c0d3640cb61","e4825723-8197-4b1e-94ac-263c5d2887ab","D17","BIGC","BIGC.AOS.reaeration.station.01","BIGC_S1_20170627","2017-06-27T17:54Z",359,"2017-06-27T17:59:40Z",80.60,,14.77,,100.17,,100.94
"66230c81-df03-4984-b3d6-919a9171cae5","e4825723-8197-4b1e-94ac-263c5d2887ab","D17","BIGC","BIGC.AOS.reaeration.station.01","BIGC_S1_20170627","2017-06-27T17:54Z",1181,"2017-06-27T20:16:40Z",90.90,,17.49,,106.12,,106.85
"823f7469-8979-410e-b8a9-e39e269d3b67","e4825723-8197-4b1e-94ac-263c5d2887ab","D17","BIGC","BIGC.AOS.reaeration.station.01","BIGC_S1_20170627","2017-06-27T17:54Z",1361,"2017-06-27T20:46:40Z",46.50,,19.96,,51.45,,51.72
"74c78b79-75e3-4c6b-8178-68882b3f9655","e4825723-8197-4b1e-94ac-263c5d2887ab","D17","BIGC","BIGC.AOS.reaeration.station.01","BIGC_S1_20170627","2017-06-27T17:54Z",995,"2017-06-27T19:45:40Z",86.60,,16.84,,102.59,,103.32
"b8e3125b-608c-44b7-a464-5653d8601d36","e4825723-8197-4b1e-94ac-263c5d2887ab","D17","BIGC","BIGC.AOS.reaeration.station.01","BIGC_S1_20170627","2017-06-27T17:54Z",2313,"2017-06-27T23:25:20Z",54.80,,26.05,,53.72,,53.65
"9de01a4e-13cc-4198-ba19-183b23d53a18","e4825723-8197-4b1e-94ac-263c5d2887ab","D17","BIGC","BIGC.AOS.reaeration.station.01","BIGC_S1_20170627","2017-06-27T17:54Z",1852,"2017-06-27T22:08:30Z",53.10,,25.84,,52.26,,52.21
"2666d436-53c9-4b7c-a58c-b0f396f697f7","e4825723-8197-4b1e-94ac-263c5d2887ab","D17","BIGC","BIGC.AOS.reaeration.station.01","BIGC_S1_20170627","2017-06-27T17:54Z",994,"2017-06-27T19:45:30Z",86.90,,16.83,,102.97,,103.70
"8769f0a7-773d-4e76-9087-c7d19a3eacbc","e4825723-8197-4b1e-94ac-263c5d2887ab","D17","BIGC","BIGC.AOS.reaeration.station.01","BIGC_S1_20170627","2017-06-27T17:54Z",2043,"2017-06-27T22:40:20Z",54.20,,26.14,,53.04,,52.97
"5d0be87f-f0c5-4c33-b699-9fb174d4e469","e4825723-8197-4b1e-94ac-263c5d2887ab","D17","BIGC","BIGC.AOS.reaeration.station.01","BIGC_S1_20170627","2017-06-27T17:54Z",481,"2017-06-27T18:20:00Z",81.40,,15.05,,100.50,,101.27
"37c52e67-b1aa-4cf7-aab7-26a2f60d1dd0","e4825723-8197-4b1e-94ac-263c5d2887ab","D17","BIGC","BIGC.AOS.reaeration.station.01","BIGC_S1_20170627","2017-06-27T17:54Z",893,"2017-06-27T19:28:40Z",86.40,,16.53,,103.08,,103.82
"76e165ca-6955-4fd2-a09d-5cac7f1178c5","e4825723-8197-4b1e-94ac-263c5d2887ab","D17","BIGC","BIGC.AOS.reaeration.station.01","BIGC_S1_20170627","2017-06-27T17:54Z",130,"2017-06-27T17:21:30Z",79.80,,14.36,,100.15,,100.92
"3c44402e-d280-4629-9448-66f7832ca1a7","e4825723-8197-4b1e-94ac-263c5d2887ab","D17","BIGC","BIGC.AOS.reaeration.station.01","BIGC_S1_20170627","2017-06-27T17:54Z",2337,"2017-06-27T23:29:20Z",54.90,,26.06,,53.81,,53.74
"69b859b0-ef74-4868-b2a7-9391416582ea","e4825723-8197-4b1e-94ac-263c5d2887ab","D17","BIGC","BIGC.AOS.reaeration.station.01","BIGC_S1_20170627","2017-06-27T17:54Z",348,"2017-06-27T17:57:50Z",80.60,,14.67,,100.41,,101.18
"72fa77d4-5131-4ffb-b5ef-ef7aff19c794","e4825723-8197-4b1e-94ac-263c5d2887ab","D17","BIGC","BIGC.AOS.reaeration.station.01","BIGC_S1_20170627","2017-06-27T17:54Z",2453,"2017-06-27T23:48:40Z",55.20,,26.16,,54.00,,53.92
"21d50702-25b1-406f-9fec-7fcd0b7d57ec","e4825723-8197-4b1e-94ac-263c5d2887ab","D17","BIGC","BIGC.AOS.reaeration.station.01","BIGC_S1_20170627","2017-06-27T17:54Z",596,"2017-06-27T18:39:10Z",82.20,,15.47,,100.49,,101.25
"22235df4-5ca6-4cc2-beb3-32983f873820","e4825723-8197-4b1e-94ac-263c5d2887ab","D17","BIGC","BIGC.AOS.reaeration.station.01","BIGC_S1_20170627","2017-06-27T17:54Z",1206,"2017-06-27T20:20:50Z",91.50,,17.57,,106.63,,107.36
"325e6c85-3438-46a3-94cc-9f5cb7e4b78e","e4825723-8197-4b1e-94ac-263c5d2887ab","D17","BIGC","BIGC.AOS.reaeration.station.01","BIGC_S1_20170627","2017-06-27T17:54Z",868,"2017-06-27T19:24:30Z",87.40,,16.41,,104.55,,105.32
"0cfafc77-236c-47c6-9804-0c06edd2d399","e4825723-8197-4b1e-94ac-263c5d2887ab","D17","BIGC","BIGC.AOS.reaeration.station.01","BIGC_S1_20170627","2017-06-27T17:54Z",1911,"2017-06-27T22:18:20Z",53.60,,26.06,,52.54,,52.47
"ecfa9a7a-c2ec-4b66-8f71-f068d35d68de","e4825723-8197-4b1e-94ac-263c5d2887ab","D17","BIGC","BIGC.AOS.reaeration.station.01","BIGC_S1_20170627","2017-06-27T17:54Z",1340,"2017-06-27T20:43:10Z",45.90,,19.53,,51.25,,51.54
"00dbb251-7ea9-44f8-9eb6-6890a8b5c67a","e4825723-8197-4b1e-94ac-263c5d2887ab","D17","BIGC","BIGC.AOS.reaeration.station.01","BIGC_S1_20170627","2017-06-27T17:54Z",1490,"2017-06-27T21:08:10Z",49.30,,22.42,,51.86,,52.01
"f7ed919f-f4a2-48c9-88c8-2a725264ad43","e4825723-8197-4b1e-94ac-263c5d2887ab","D17","BIGC","BIGC.AOS.reaeration.station.01","BIGC_S1_20170627","2017-06-27T17:54Z",984,"2017-06-27T19:43:50Z",85.70,,16.80,,101.61,,102.34
"0c038e13-5332-48fc-9b80-3b7e1f2b78ab","e4825723-8197-4b1e-94ac-263c5d2887ab","D17","BIGC","BIGC.AOS.reaeration.station.01","BIGC_S1_20170627","2017-06-27T17:54Z",2486,"2017-06-27T23:54:10Z",55.30,,26.17,,54.09,,54.01
"71b25ee2-f4ca-4cb2-b490-baf260f45fc9","e4825723-8197-4b1e-94ac-263c5d2887ab","D17","BIGC","BIGC.AOS.reaeration.station.01","BIGC_S1_20170627","2017-06-27T17:54Z",2100,"2017-06-27T22:49:50Z",54.40,,26.10,,53.28,,53.21
"15d5a9f2-3047-44d6-bd39-25336202aca5","e4825723-8197-4b1e-94ac-263c5d2887ab","D17","BIGC","BIGC.AOS.reaeration.station.01","BIGC_S1_20170627","2017-06-27T17:54Z",97,"2017-06-27T17:16:00Z",79.70,,14.31,,100.15,,100.92
"9430fe19-f6d3-46ed-bf6b-a7d83da80ccc","e4825723-8197-4b1e-94ac-263c5d2887ab","D17","BIGC","BIGC.AOS.reaeration.station.01","BIGC_S1_20170627","2017-06-27T17:54Z",1525,"2017-06-27T21:14:00Z",49.70,,22.81,,51.87,,52.00
"c26472a3-2060-4e82-bf4f-d0f4a4ee80a5","e4825723-8197-4b1e-94ac-263c5d2887ab","D17","BIGC","BIGC.AOS.reaeration.station.01","BIGC_S1_20170627","2017-06-27T17:54Z",239,"2017-06-27T17:39:40Z",80.30,,14.47,,100.52,,101.29
"79f9277b-2659-4bc1-a0b1-50d51b241dc4","e4825723-8197-4b1e-94ac-263c5d2887ab","D17","BIGC","BIGC.AOS.reaeration.station.01","BIGC_S1_20170627","2017-06-27T17:54Z",930,"2017-06-27T19:34:50Z",86.60,,16.62,,103.10,,103.85
"e44dbc44-7134-489d-9bd8-55cfbc9c65cf","e4825723-8197-4b1e-94ac-263c5d2887ab","D17","BIGC","BIGC.AOS.reaeration.station.01","BIGC_S1_20170627","2017-06-27T17:54Z",1853,"2017-06-27T22:08:40Z",53.10,,25.85,,52.25,,52.20
"edd329b2-ddc8-4081-82ac-683e753ac88d","e4825723-8197-4b1e-94ac-263c5d2887ab","D17","BIGC","BIGC.AOS.reaeration.station.01","BIGC_S1_20170627","2017-06-27T17:54Z",2483,"2017-06-27T23:53:40Z",55.30,,26.17,,54.09,,54.01
"e5d2608c-afdd-4125-a029-0ed6f128ecb7","e4825723-8197-4b1e-94ac-263c5d2887ab","D17","BIGC","BIGC.AOS.reaeration.station.01","BIGC_S1_20170627","2017-06-27T17:54Z",369,"2017-06-27T18:01:20Z",80.70,,14.72,,100.42,,101.19
"f3383cfb-68df-459c-949c-2594decf7a54","e4825723-8197-4b1e-94ac-263c5d2887ab","D17","BIGC","BIGC.AOS.reaeration.station.01","BIGC_S1_20170627","2017-06-27T17:54Z",1758,"2017-06-27T21:52:50Z",52.10,,25.26,,51.84,,51.83
"3ea493f4-f3e6-4441-864e-665edcf7a904","e4825723-8197-4b1e-94ac-263c5d2887ab","D17","BIGC","BIGC.AOS.reaeration.station.01","BIGC_S1_20170627","2017-06-27T17:54Z",675,"2017-06-27T18:52:20Z",85.50,,15.75,,103.85,,104.63
"bef0c13c-df1a-42f6-9a83-dc7b1cdaba45","e4825723-8197-4b1e-94ac-263c5d2887ab","D17","BIGC","BIGC.AOS.reaeration.station.01","BIGC_S1_20170627","2017-06-27T17:54Z",1184,"2017-06-27T20:17:10Z",90.90,,17.50,,106.10,,106.82
"76b1e479-491c-4907-a522-d291ff7fa68d","e4825723-8197-4b1e-94ac-263c5d2887ab","D17","BIGC","BIGC.AOS.reaeration.station.01","BIGC_S1_20170627","2017-06-27T17:54Z",1716,"2017-06-27T21:45:50Z",51.90,,25.03,,51.87,,51.87
"eeeca137-8cf7-4fec-bccf-264b37a09adf","e4825723-8197-4b1e-94ac-263c5d2887ab","D17","BIGC","BIGC.AOS.reaeration.station.01","BIGC_S1_20170627","2017-06-27T17:54Z",1910,"2017-06-27T22:18:10Z",53.50,,26.06,,52.44,,52.37
"c8893483-b2bd-407b-9d2b-4e883fd215ec","e4825723-8197-4b1e-94ac-263c5d2887ab","D17","BIGC","BIGC.AOS.reaeration.station.01","BIGC_S1_20170627","2017-06-27T17:54Z",1932,"2017-06-27T22:21:50Z",53.70,,26.10,,52.59,,52.52
"81d10154-e52f-48e0-afa1-a093cb36c7d4","e4825723-8197-4b1e-94ac-263c5d2887ab","D17","BIGC","BIGC.AOS.reaeration.station.01","BIGC_S1_20170627","2017-06-27T17:54Z",1770,"2017-06-27T21:54:50Z",52.30,,25.32,,51.98,,51.96
"cf27e18c-b5d1-4d47-89c8-eb4a39280656","e4825723-8197-4b1e-94ac-263c5d2887ab","D17","BIGC","BIGC.AOS.reaeration.station.01","BIGC_S1_20170627","2017-06-27T17:54Z",729,"2017-06-27T19:01:20Z",86.30,,15.94,,104.36,,105.14
"25bf0a35-379b-411d-beaa-ba66749caa7f","e4825723-8197-4b1e-94ac-263c5d2887ab","D17","BIGC","BIGC.AOS.reaeration.station.01","BIGC_S1_20170627","2017-06-27T17:54Z",56,"2017-06-27T17:09:10Z",79.70,,14.23,,100.34,,101.11
"a4ca0350-a4cf-4965-a273-4143517b87d9","e4825723-8197-4b1e-94ac-263c5d2887ab","D17","BIGC","BIGC.AOS.reaeration.station.01","BIGC_S1_20170627","2017-06-27T17:54Z",378,"2017-06-27T18:02:50Z",80.60,,14.80,,100.10,,100.87
"05ddd195-8456-4f5f-9495-8652c776e7ea","e4825723-8197-4b1e-94ac-263c5d2887ab","D17","BIGC","BIGC.AOS.reaeration.station.01","BIGC_S1_20170627","2017-06-27T17:54Z",361,"2017-06-27T18:00:00Z",80.30,,14.81,,99.71,,100.47
"27d60f3d-92f8-44cf-8e79-4b893f2a5c72","e4825723-8197-4b1e-94ac-263c5d2887ab","D17","BIGC","BIGC.AOS.reaeration.station.01","BIGC_S1_20170627","2017-06-27T17:54Z",662,"2017-06-27T18:50:10Z",85.40,,15.70,,103.85,,104.63
"fc1a6dde-4aaa-46f6-8acc-75f96f6c8487","e4825723-8197-4b1e-94ac-263c5d2887ab","D17","BIGC","BIGC.AOS.reaeration.station.01","BIGC_S1_20170627","2017-06-27T17:54Z",531,"2017-06-27T18:28:20Z",81.50,,15.24,,100.17,,100.94
"9fab0cba-aa95-4f92-8b60-efd7a27dc2db","e4825723-8197-4b1e-94ac-263c5d2887ab","D17","BIGC","BIGC.AOS.reaeration.station.01","BIGC_S1_20170627","2017-06-27T17:54Z",1063,"2017-06-27T19:57:00Z",88.90,,17.08,,104.74,,105.48
"f97e2f71-aa49-4538-a23f-8392051a0699","e4825723-8197-4b1e-94ac-263c5d2887ab","D17","BIGC","BIGC.AOS.reaeration.station.01","BIGC_S1_20170627","2017-06-27T17:54Z",784,"2017-06-27T19:10:30Z",86.90,,16.13,,104.63,,105.40
"b4e3c6ae-ff94-48a2-aae7-08abbf28b2bf","e4825723-8197-4b1e-94ac-263c5d2887ab","D17","BIGC","BIGC.AOS.reaeration.station.01","BIGC_S1_20170627","2017-06-27T17:54Z",1124,"2017-06-27T20:07:10Z",90.20,,17.30,,105.75,,106.48
"f9d88730-c8cb-40c5-8f4d-4c8b9f191e30","e4825723-8197-4b1e-94ac-263c5d2887ab","D17","BIGC","BIGC.AOS.reaeration.station.01","BIGC_S1_20170627","2017-06-27T17:54Z",204,"2017-06-27T17:33:50Z",80.00,,14.47,,100.14,,100.91
"d5ae5939-a06f-4bba-8630-19adaa9a7e24","e4825723-8197-4b1e-94ac-263c5d2887ab","D17","BIGC","BIGC.AOS.reaeration.station.01","BIGC_S1_20170627","2017-06-27T17:54Z",901,"2017-06-27T19:30:00Z",87.40,,16.53,,104.27,,105.02
"b3fcf2a7-1ca9-4111-bdab-1e920e34bdc4","e4825723-8197-4b1e-94ac-263c5d2887ab","D17","BIGC","BIGC.AOS.reaeration.station.01","BIGC_S1_20170627","2017-06-27T17:54Z",2345,"2017-06-27T23:30:40Z",55.00,,26.06,,53.91,,53.84
"d4eb524a-7e4a-47c5-b719-2d3a7627dc76","e4825723-8197-4b1e-94ac-263c5d2887ab","D17","BIGC","BIGC.AOS.reaeration.station.01","BIGC_S1_20170627","2017-06-27T17:54Z",4,"2017-06-27T17:00:30Z",79.40,,14.21,,100.01,,100.78
"af6657e1-329b-45ea-957a-104aa6737309","e4825723-8197-4b1e-94ac-263c5d2887ab","D17","BIGC","BIGC.AOS.reaeration.station.01","BIGC_S1_20170627","2017-06-27T17:54Z",1201,"2017-06-27T20:20:00Z",90.70,,17.52,,105.82,,106.54
"391004cb-f0c5-4e0c-8d70-aa653d5435ae","e4825723-8197-4b1e-94ac-263c5d2887ab","D17","BIGC","BIGC.AOS.reaeration.station.01","BIGC_S1_20170627","2017-06-27T17:54Z",1601,"2017-06-27T21:26:40Z",50.60,,23.65,,51.94,,52.02
"3e97e74b-f6e7-4910-a0d4-7fb3b1c9ec46","e4825723-8197-4b1e-94ac-263c5d2887ab","D17","BIGC","BIGC.AOS.reaeration.station.01","BIGC_S1_20170627","2017-06-27T17:54Z",2339,"2017-06-27T23:29:40Z",55.00,,26.06,,53.91,,53.84
"c108c69f-9f13-4ccb-9d2d-513000b88282","e4825723-8197-4b1e-94ac-263c5d2887ab","D17","BIGC","BIGC.AOS.reaeration.station.01","BIGC_S1_20170627","2017-06-27T17:54Z",1003,"2017-06-27T19:47:00Z",86.10,,16.88,,101.90,,102.63
"e2cb974f-46c9-4f4a-baca-f5770bfba331","e4825723-8197-4b1e-94ac-263c5d2887ab","D17","BIGC","BIGC.AOS.reaeration.station.01","BIGC_S1_20170627","2017-06-27T17:54Z",1474,"2017-06-27T21:05:30Z",49.20,,22.21,,51.97,,52.13
"a82037aa-4802-4924-a882-b59d1e1c214d","e4825723-8197-4b1e-94ac-263c5d2887ab","D17","BIGC","BIGC.AOS.reaeration.station.01","BIGC_S1_20170627","2017-06-27T17:54Z",735,"2017-06-27T19:02:20Z",86.40,,15.96,,104.43,,105.21
"50a42927-f68b-48ba-8547-b8bda59c09ff","e4825723-8197-4b1e-94ac-263c5d2887ab","D17","BIGC","BIGC.AOS.reaeration.station.01","BIGC_S1_20170627","2017-06-27T17:54Z",687,"2017-06-27T18:54:20Z",86.10,,15.78,,104.50,,105.29
"0f07553e-2ba2-458a-a0fb-c544b67e029b","e4825723-8197-4b1e-94ac-263c5d2887ab","D17","BIGC","BIGC.AOS.reaeration.station.01","BIGC_S1_20170627","2017-06-27T17:54Z",1666,"2017-06-27T21:37:30Z",51.50,,24.51,,51.99,,52.02
"fe495566-5cd5-4583-a3fb-a3abe1a087bd","e4825723-8197-4b1e-94ac-263c5d2887ab","D17","BIGC","BIGC.AOS.reaeration.station.01","BIGC_S1_20170627","2017-06-27T17:54Z",2352,"2017-06-27T23:31:50Z",55.00,,26.08,,53.89,,53.82
"1787aa7e-f1d8-4e00-bf85-370793401988","e4825723-8197-4b1e-94ac-263c5d2887ab","D17","BIGC","BIGC.AOS.reaeration.station.01","BIGC_S1_20170627","2017-06-27T17:54Z",1275,"2017-06-27T20:32:20Z",87.30,,17.70,,101.44,,102.13
"661cff21-4eec-441c-9d35-e1cfa9efa728","e4825723-8197-4b1e-94ac-263c5d2887ab","D17","BIGC","BIGC.AOS.reaeration.station.01","BIGC_S1_20170627","2017-06-27T17:54Z",761,"2017-06-27T19:06:40Z",87.10,,16.07,,105.01,,105.79
"ce117acc-4b61-42c4-a316-46dc43ed9a6c","e4825723-8197-4b1e-94ac-263c5d2887ab","D17","BIGC","BIGC.AOS.reaeration.station.01","BIGC_S1_20170627","2017-06-27T17:54Z",812,"2017-06-27T19:15:10Z",86.90,,16.24,,104.36,,105.13
"31cf9612-c5ca-40ae-b6af-da23fedbaf90","e4825723-8197-4b1e-94ac-263c5d2887ab","D17","BIGC","BIGC.AOS.reaeration.station.01","BIGC_S1_20170627","2017-06-27T17:54Z",1608,"2017-06-27T21:27:50Z",50.70,,23.76,,51.93,,52.01
"2018bda5-e9d5-4ce4-8d75-ca95a73f249c","e4825723-8197-4b1e-94ac-263c5d2887ab","D17","BIGC","BIGC.AOS.reaeration.station.01","BIGC_S1_20170627","2017-06-27T17:54Z",1074,"2017-06-27T19:58:50Z",89.40,,17.13,,105.22,,105.95
"bf10c032-5afb-4b54-a7ce-7c7d16f07c51","e4825723-8197-4b1e-94ac-263c5d2887ab","D17","BIGC","BIGC.AOS.reaeration.station.01","BIGC_S1_20170627","2017-06-27T17:54Z",1398,"2017-06-27T20:52:50Z",47.90,,20.92,,51.95,,52.18
"bcaccac3-98cc-4e87-ba09-dd5ac5a3dfb3","e4825723-8197-4b1e-94ac-263c5d2887ab","D17","BIGC","BIGC.AOS.reaeration.station.01","BIGC_S1_20170627","2017-06-27T17:54Z",2251,"2017-06-27T23:15:00Z",54.70,,26.05,,53.62,,53.55
"2653afb3-9360-4484-b047-495dc1e114bd","e4825723-8197-4b1e-94ac-263c5d2887ab","D17","BIGC","BIGC.AOS.reaeration.station.01","BIGC_S1_20170627","2017-06-27T17:54Z",2318,"2017-06-27T23:26:10Z",54.90,,26.05,,53.82,,53.75
"8b07c1d1-f550-437f-93ab-f3c0c4bd8e6a","e4825723-8197-4b1e-94ac-263c5d2887ab","D17","BIGC","BIGC.AOS.reaeration.station.01","BIGC_S1_20170627","2017-06-27T17:54Z",911,"2017-06-27T19:31:40Z",87.80,,16.58,,104.63,,105.38
"e508dc3b-050b-4a97-b26b-0ba149dcec25","e4825723-8197-4b1e-94ac-263c5d2887ab","D17","BIGC","BIGC.AOS.reaeration.station.01","BIGC_S1_20170627","2017-06-27T17:54Z",2326,"2017-06-27T23:27:30Z",54.90,,26.05,,53.82,,53.75
"47ffa121-2b76-46ca-917b-8712f6862bdb","e4825723-8197-4b1e-94ac-263c5d2887ab","D17","BIGC","BIGC.AOS.reaeration.station.01","BIGC_S1_20170627","2017-06-27T17:54Z",2032,"2017-06-27T22:38:30Z",54.10,,26.14,,52.95,,52.87
"4c2f0c7a-5cd6-45d7-9f8c-a82b2406ce3e","e4825723-8197-4b1e-94ac-263c5d2887ab","D17","BIGC","BIGC.AOS.reaeration.station.01","BIGC_S1_20170627","2017-06-27T17:54Z",1338,"2017-06-27T20:42:50Z",45.80,,19.42,,51.26,,51.55
"b9aeec26-c334-482b-b3f0-2ac0aac877b5","e4825723-8197-4b1e-94ac-263c5d2887ab","D17","BIGC","BIGC.AOS.reaeration.station.01","BIGC_S1_20170627","2017-06-27T17:54Z",440,"2017-06-27T18:13:10Z",80.90,,14.95,,100.12,,100.88
"ac467c50-ad15-4a3a-bb67-fa400ebe6cb4","e4825723-8197-4b1e-94ac-263c5d2887ab","D17","BIGC","BIGC.AOS.reaeration.station.01","BIGC_S1_20170627","2017-06-27T17:54Z",1908,"2017-06-27T22:17:50Z",53.50,,26.05,,52.45,,52.38
"97ef2f40-a21d-49e9-81d9-d7f46c98adad","e4825723-8197-4b1e-94ac-263c5d2887ab","D17","BIGC","BIGC.AOS.reaeration.station.01","BIGC_S1_20170627","2017-06-27T17:54Z",2577,"2017-06-28T00:09:20Z",55.80,,26.18,,54.57,,54.49
"6fd67e63-2ed9-45c4-b220-e1a2cf524c5d","e4825723-8197-4b1e-94ac-263c5d2887ab","D17","BIGC","BIGC.AOS.reaeration.station.01","BIGC_S1_20170627","2017-06-27T17:54Z",234,"2017-06-27T17:38:50Z",80.10,,14.53,,100.12,,100.89
"36d40f06-c357-4300-8dc5-7787f7168591","e4825723-8197-4b1e-94ac-263c5d2887ab","D17","BIGC","BIGC.AOS.reaeration.station.01","BIGC_S1_20170627","2017-06-27T17:54Z",2188,"2017-06-27T23:04:30Z",54.50,,26.06,,53.42,,53.35
"ae5479f0-28ec-4b41-8451-087f866d3d89","e4825723-8197-4b1e-94ac-263c5d2887ab","D17","BIGC","BIGC.AOS.reaeration.station.01","BIGC_S1_20170627","2017-06-27T17:54Z",118,"2017-06-27T17:19:30Z",79.60,,14.39,,99.83,,100.60
"44ca485c-dec7-48b5-a4ae-dbf16c0f0a16","e4825723-8197-4b1e-94ac-263c5d2887ab","D17","BIGC","BIGC.AOS.reaeration.station.01","BIGC_S1_20170627","2017-06-27T17:54Z",171,"2017-06-27T17:28:20Z",80.10,,14.33,,100.60,,101.38
"ea5edd36-281e-41b9-86f2-d3bdb7157ce8","e4825723-8197-4b1e-94ac-263c5d2887ab","D17","BIGC","BIGC.AOS.reaeration.station.01","BIGC_S1_20170627","2017-06-27T17:54Z",721,"2017-06-27T19:00:00Z",86.60,,15.89,,104.84,,105.62
"a42ee860-a51f-471b-8da6-96d408ed574f","e4825723-8197-4b1e-94ac-263c5d2887ab","D17","BIGC","BIGC.AOS.reaeration.station.01","BIGC_S1_20170627","2017-06-27T17:54Z",1729,"2017-06-27T21:48:00Z",51.80,,25.13,,51.67,,51.66
"cd337c08-3bc8-4a70-b8ef-6ff292113067","e4825723-8197-4b1e-94ac-263c5d2887ab","D17","BIGC","BIGC.AOS.reaeration.station.01","BIGC_S1_20170627","2017-06-27T17:54Z",2030,"2017-06-27T22:38:10Z",54.00,,26.14,,52.85,,52.77
"f6f3a532-b7c8-4f4a-adee-f248e31745f2","e4825723-8197-4b1e-94ac-263c5d2887ab","D17","BIGC","BIGC.AOS.reaeration.station.01","BIGC_S1_20170627","2017-06-27T17:54Z",476,"2017-06-27T18:19:10Z",81.30,,15.07,,100.33,,101.09
"23c4d2d4-b1f6-4559-b76a-93c78260bef9","e4825723-8197-4b1e-94ac-263c5d2887ab","D17","BIGC","BIGC.AOS.reaeration.station.01","BIGC_S1_20170627","2017-06-27T17:54Z",2065,"2017-06-27T22:44:00Z",54.30,,26.11,,53.17,,53.10
"9a53bf4b-263e-42d6-9aed-4530845dbfb1","e4825723-8197-4b1e-94ac-263c5d2887ab","D17","BIGC","BIGC.AOS.reaeration.station.01","BIGC_S1_20170627","2017-06-27T17:54Z",1781,"2017-06-27T21:56:40Z",52.30,,25.39,,51.91,,51.89
"4df5d866-0cf7-438d-8c2c-25ef75c56357","e4825723-8197-4b1e-94ac-263c5d2887ab","D17","BIGC","BIGC.AOS.reaeration.station.01","BIGC_S1_20170627","2017-06-27T17:54Z",2509,"2017-06-27T23:58:00Z",55.50,,26.18,,54.28,,54.20
"fa744c90-22d9-4298-813c-e68b5d79670f","e4825723-8197-4b1e-94ac-263c5d2887ab","D17","BIGC","BIGC.AOS.reaeration.station.01","BIGC_S1_20170627","2017-06-27T17:54Z",2505,"2017-06-27T23:57:20Z",55.40,,26.18,,54.18,,54.10
"e1f6eae8-999c-4baa-a6e6-3f555e564828","e4825723-8197-4b1e-94ac-263c5d2887ab","D17","BIGC","BIGC.AOS.reaeration.station.01","BIGC_S1_20170627","2017-06-27T17:54Z",86,"2017-06-27T17:14:10Z",79.60,,14.33,,99.97,,100.74
"34d25089-706c-469f-94ee-311cb49a8617","e4825723-8197-4b1e-94ac-263c5d2887ab","D17","BIGC","BIGC.AOS.reaeration.station.01","BIGC_S1_20170627","2017-06-27T17:54Z",2307,"2017-06-27T23:24:20Z",54.90,,26.05,,53.82,,53.75
"99c70825-2103-48d7-a314-e1340301ee17","e4825723-8197-4b1e-94ac-263c5d2887ab","D17","BIGC","BIGC.AOS.reaeration.station.01","BIGC_S1_20170627","2017-06-27T17:54Z",1279,"2017-06-27T20:33:00Z",87.20,,17.72,,101.28,,101.96
"7ac1f384-1027-4477-b9a5-d6d495047224","e4825723-8197-4b1e-94ac-263c5d2887ab","D17","BIGC","BIGC.AOS.reaeration.station.01","BIGC_S1_20170627","2017-06-27T17:54Z",933,"2017-06-27T19:35:20Z",86.20,,16.64,,102.58,,103.32
"81592599-01e3-484c-8efd-d0e9f6110f3f","e4825723-8197-4b1e-94ac-263c5d2887ab","D17","BIGC","BIGC.AOS.reaeration.station.01","BIGC_S1_20170627","2017-06-27T17:54Z",2376,"2017-06-27T23:35:50Z",55.00,,26.10,,53.87,,53.79
"6c624cfa-15cb-4a27-b5ad-d913dd50c5a4","e4825723-8197-4b1e-94ac-263c5d2887ab","D17","BIGC","BIGC.AOS.reaeration.station.01","BIGC_S1_20170627","2017-06-27T17:54Z",2212,"2017-06-27T23:08:30Z",54.60,,26.05,,53.53,,53.46
"7bad485d-4f52-4b81-9916-60c7e801f42b","e4825723-8197-4b1e-94ac-263c5d2887ab","D17","BIGC","BIGC.AOS.reaeration.station.01","BIGC_S1_20170627","2017-06-27T17:54Z",2355,"2017-06-27T23:32:20Z",55.00,,26.08,,53.89,,53.82
"c93ac93a-bd56-4ab4-bb85-09dca6e92fe5","e4825723-8197-4b1e-94ac-263c5d2887ab","D17","BIGC","BIGC.AOS.reaeration.station.01","BIGC_S1_20170627","2017-06-27T17:54Z",335,"2017-06-27T17:55:40Z",80.50,,14.67,,100.29,,101.06
"4cb19795-a432-468b-aa74-9b73bcfc7669","e4825723-8197-4b1e-94ac-263c5d2887ab","D17","BIGC","BIGC.AOS.reaeration.station.01","BIGC_S1_20170627","2017-06-27T17:54Z",625,"2017-06-27T18:44:00Z",82.30,,15.59,,100.33,,101.09
"932a6e7b-1e4f-4543-be36-dbc98e29a3a0","e4825723-8197-4b1e-94ac-263c5d2887ab","D17","BIGC","BIGC.AOS.reaeration.station.01","BIGC_S1_20170627","2017-06-27T17:54Z",2519,"2017-06-27T23:59:40Z",55.40,,26.18,,54.18,,54.10
"07ec9d3a-f77b-46c7-8d4c-0690b9140680","e4825723-8197-4b1e-94ac-263c5d2887ab","D17","BIGC","BIGC.AOS.reaeration.station.01","BIGC_S1_20170627","2017-06-27T17:54Z",2513,"2017-06-27T23:58:40Z",55.40,,26.18,,54.18,,54.10
"b4bc6648-d087-45c9-8aa0-51632d2cc284","e4825723-8197-4b1e-94ac-263c5d2887ab","D17","BIGC","BIGC.AOS.reaeration.station.01","BIGC_S1_20170627","2017-06-27T17:54Z",5,"2017-06-27T17:00:40Z",79.40,,14.27,,99.87,,100.63
"62a43fb0-9e30-4990-bdbd-78b1f9dede7d","e4825723-8197-4b1e-94ac-263c5d2887ab","D17","BIGC","BIGC.AOS.reaeration.station.01","BIGC_S1_20170627","2017-06-27T17:54Z",896,"2017-06-27T19:29:10Z",87.70,,16.50,,104.70,,105.46
"78de5a46-b780-4d75-963b-b61193033eff","e4825723-8197-4b1e-94ac-263c5d2887ab","D17","BIGC","BIGC.AOS.reaeration.station.01","BIGC_S1_20170627","2017-06-27T17:54Z",458,"2017-06-27T18:16:10Z",80.80,,15.05,,99.76,,100.52
"f533c183-f9f1-40c0-85ec-3a75fca995b1","e4825723-8197-4b1e-94ac-263c5d2887ab","D17","BIGC","BIGC.AOS.reaeration.station.01","BIGC_S1_20170627","2017-06-27T17:54Z",1061,"2017-06-27T19:56:40Z",88.90,,17.07,,104.77,,105.50
"fd06a63b-3d95-4b31-8ec8-cb1bd34c3fc5","e4825723-8197-4b1e-94ac-263c5d2887ab","D17","BIGC","BIGC.AOS.reaeration.station.01","BIGC_S1_20170627","2017-06-27T17:54Z",1786,"2017-06-27T21:57:30Z",52.30,,25.42,,51.88,,51.86
"4743b32a-00d9-400e-ae33-3911560410ab","e4825723-8197-4b1e-94ac-263c5d2887ab","D17","BIGC","BIGC.AOS.reaeration.station.01","BIGC_S1_20170627","2017-06-27T17:54Z",2006,"2017-06-27T22:34:10Z",53.90,,26.14,,52.75,,52.68
"3818b4cc-4df2-4043-bd74-1bd89b02c0cc","e4825723-8197-4b1e-94ac-263c5d2887ab","D17","BIGC","BIGC.AOS.reaeration.station.01","BIGC_S1_20170627","2017-06-27T17:54Z",1867,"2017-06-27T22:11:00Z",53.20,,25.91,,52.29,,52.23
"bb40b267-d14c-4c31-bcd0-e3c14177a349","e4825723-8197-4b1e-94ac-263c5d2887ab","D17","BIGC","BIGC.AOS.reaeration.station.01","BIGC_S1_20170627","2017-06-27T17:54Z",2335,"2017-06-27T23:29:00Z",54.90,,26.05,,53.82,,53.75
"8823ac48-88b7-4f1e-bff0-1476876d0a58","e4825723-8197-4b1e-94ac-263c5d2887ab","D17","BIGC","BIGC.AOS.reaeration.station.01","BIGC_S1_20170627","2017-06-27T17:54Z",87,"2017-06-27T17:14:20Z",79.60,,14.36,,99.90,,100.67
"dd00dcbf-4e6e-4998-a1f6-32fadb17b56c","e4825723-8197-4b1e-94ac-263c5d2887ab","D17","BIGC","BIGC.AOS.reaeration.station.01","BIGC_S1_20170627","2017-06-27T17:54Z",2042,"2017-06-27T22:40:10Z",54.20,,26.14,,53.04,,52.97
"26115971-090b-4653-8780-61fddb7a857e","e4825723-8197-4b1e-94ac-263c5d2887ab","D17","BIGC","BIGC.AOS.reaeration.station.01","BIGC_S1_20170627","2017-06-27T17:54Z",2557,"2017-06-28T00:06:00Z",55.70,,26.17,,54.48,,54.40
"07af9c62-8c3a-411f-a5dd-d7c892a39103","e4825723-8197-4b1e-94ac-263c5d2887ab","D17","BIGC","BIGC.AOS.reaeration.station.01","BIGC_S1_20170627","2017-06-27T17:54Z",2439,"2017-06-27T23:46:20Z",55.10,,26.16,,53.91,,53.83
"c7950406-dc75-4077-bc2a-e36f2915e082","e4825723-8197-4b1e-94ac-263c5d2887ab","D17","BIGC","BIGC.AOS.reaeration.station.01","BIGC_S1_20170627","2017-06-27T17:54Z",523,"2017-06-27T18:27:00Z",81.50,,15.22,,100.22,,100.98
"8363ef0b-7463-4db3-bcf8-0a4fc1ff4559","e4825723-8197-4b1e-94ac-263c5d2887ab","D17","BIGC","BIGC.AOS.reaeration.station.01","BIGC_S1_20170627","2017-06-27T17:54Z",1953,"2017-06-27T22:25:20Z",53.80,,26.14,,52.65,,52.58
"74a354fe-0561-4697-9f9a-d078911b585c","e4825723-8197-4b1e-94ac-263c5d2887ab","D17","BIGC","BIGC.AOS.reaeration.station.01","BIGC_S1_20170627","2017-06-27T17:54Z",1023,"2017-06-27T19:50:20Z",87.50,,16.95,,103.40,,104.13
"3bdebfd5-d816-4bf1-bb68-c64e8090cda9","e4825723-8197-4b1e-94ac-263c5d2887ab","D17","BIGC","BIGC.AOS.reaeration.station.01","BIGC_S1_20170627","2017-06-27T17:54Z",2427,"2017-06-27T23:44:20Z",55.20,,26.15,,54.01,,53.94
"b789b37a-2727-4922-bc04-dbb39ddcba10","e4825723-8197-4b1e-94ac-263c5d2887ab","D17","BIGC","BIGC.AOS.reaeration.station.01","BIGC_S1_20170627","2017-06-27T17:54Z",1719,"2017-06-27T21:46:20Z",52.00,,25.06,,51.94,,51.94
"a92ec7eb-9b11-4094-b95d-ee7892fd52dd","e4825723-8197-4b1e-94ac-263c5d2887ab","D17","BIGC","BIGC.AOS.reaeration.station.01","BIGC_S1_20170627","2017-06-27T17:54Z",1703,"2017-06-27T21:43:40Z",51.80,,24.91,,51.89,,51.89
"7a1a5d86-a3b3-4cac-96bc-0345621ea421","e4825723-8197-4b1e-94ac-263c5d2887ab","D17","BIGC","BIGC.AOS.reaeration.station.01","BIGC_S1_20170627","2017-06-27T17:54Z",763,"2017-06-27T19:07:00Z",86.40,,16.06,,104.19,,104.96
"8a077455-c689-44f5-9758-bbe03b8b4a56","e4825723-8197-4b1e-94ac-263c5d2887ab","D17","BIGC","BIGC.AOS.reaeration.station.01","BIGC_S1_20170627","2017-06-27T17:54Z",1695,"2017-06-27T21:42:20Z",51.80,,24.83,,51.97,,51.98
"43813c31-cc92-45f0-817e-669f0cad290c","e4825723-8197-4b1e-94ac-263c5d2887ab","D17","BIGC","BIGC.AOS.reaeration.station.01","BIGC_S1_20170627","2017-06-27T17:54Z",1174,"2017-06-27T20:15:30Z",90.70,,17.45,,105.98,,106.71
"e13976fe-4e50-4a3c-9725-8639d6d704c7","e4825723-8197-4b1e-94ac-263c5d2887ab","D17","BIGC","BIGC.AOS.reaeration.station.01","BIGC_S1_20170627","2017-06-27T17:54Z",887,"2017-06-27T19:27:40Z",87.10,,16.47,,104.05,,104.81
"4bc01ada-0df1-464e-a4ee-a5504435e0a6","e4825723-8197-4b1e-94ac-263c5d2887ab","D17","BIGC","BIGC.AOS.reaeration.station.01","BIGC_S1_20170627","2017-06-27T17:54Z",1248,"2017-06-27T20:27:50Z",89.30,,17.64,,103.91,,104.61
"979eadc9-b11b-42c0-ac8f-e3fa09327a71","e4825723-8197-4b1e-94ac-263c5d2887ab","D17","BIGC","BIGC.AOS.reaeration.station.01","BIGC_S1_20170627","2017-06-27T17:54Z",2037,"2017-06-27T22:39:20Z",54.10,,26.14,,52.95,,52.87
"bbf9d4d5-cf9a-4046-9b7c-977907bd94d7","e4825723-8197-4b1e-94ac-263c5d2887ab","D17","BIGC","BIGC.AOS.reaeration.station.01","BIGC_S1_20170627","2017-06-27T17:54Z",2421,"2017-06-27T23:43:20Z",55.20,,26.14,,54.02,,53.95
"17918206-2ca1-42b8-b32f-cd35b5a7d9d0","e4825723-8197-4b1e-94ac-263c5d2887ab","D17","BIGC","BIGC.AOS.reaeration.station.01","BIGC_S1_20170627","2017-06-27T17:54Z",2559,"2017-06-28T00:06:20Z",55.70,,26.17,,54.48,,54.40
"3e0016e0-2b6b-4cff-bd4a-be19ae7cfaea","e4825723-8197-4b1e-94ac-263c5d2887ab","D17","BIGC","BIGC.AOS.reaeration.station.01","BIGC_S1_20170627","2017-06-27T17:54Z",960,"2017-06-27T19:39:50Z",85.40,,16.73,,101.42,,102.15
"d0768535-a2f4-47c9-9174-e6dd1d708c94","e4825723-8197-4b1e-94ac-263c5d2887ab","D17","BIGC","BIGC.AOS.reaeration.station.01","BIGC_S1_20170627","2017-06-27T17:54Z",462,"2017-06-27T18:16:50Z",81.20,,14.99,,100.39,,101.16
"176c6000-b8dc-4d05-9f5a-96f8a7603092","e4825723-8197-4b1e-94ac-263c5d2887ab","D17","BIGC","BIGC.AOS.reaeration.station.01","BIGC_S1_20170627","2017-06-27T17:54Z",472,"2017-06-27T18:18:30Z",81.20,,15.03,,100.30,,101.07
"bd694a36-48f2-4719-8e72-95bc810eb187","e4825723-8197-4b1e-94ac-263c5d2887ab","D17","BIGC","BIGC.AOS.reaeration.station.01","BIGC_S1_20170627","2017-06-27T17:54Z",961,"2017-06-27T19:40:00Z",85.30,,16.73,,101.30,,102.03
"fd354187-2551-4d7b-b907-706013469bac","e4825723-8197-4b1e-94ac-263c5d2887ab","D17","BIGC","BIGC.AOS.reaeration.station.01","BIGC_S1_20170627","2017-06-27T17:54Z",630,"2017-06-27T18:44:50Z",82.60,,15.56,,100.77,,101.53
"6c8fa1fb-756c-46d1-bc22-fb0d64c0f1de","e4825723-8197-4b1e-94ac-263c5d2887ab","D17","BIGC","BIGC.AOS.reaeration.station.01","BIGC_S1_20170627","2017-06-27T17:54Z",1736,"2017-06-27T21:49:10Z",52.00,,25.15,,51.85,,51.84
"5d9033ed-a318-4cbb-a1d2-5b139ee9a3a7","e4825723-8197-4b1e-94ac-263c5d2887ab","D17","BIGC","BIGC.AOS.reaeration.station.01","BIGC_S1_20170627","2017-06-27T17:54Z",447,"2017-06-27T18:14:20Z",80.80,,14.98,,99.92,,100.69
"2acac5f4-f2c8-4095-a769-5a9f30f88d2b","e4825723-8197-4b1e-94ac-263c5d2887ab","D17","BIGC","BIGC.AOS.reaeration.station.01","BIGC_S1_20170627","2017-06-27T17:54Z",1140,"2017-06-27T20:09:50Z",90.90,,17.36,,106.43,,107.16
"d47aa29e-3b40-45a4-a40c-88fdd9dc514a","e4825723-8197-4b1e-94ac-263c5d2887ab","D17","BIGC","BIGC.AOS.reaeration.station.01","BIGC_S1_20170627","2017-06-27T17:54Z",1214,"2017-06-27T20:22:10Z",90.70,,17.57,,105.70,,106.42
"819b17ef-72b3-464c-b976-432c8ee71979","e4825723-8197-4b1e-94ac-263c5d2887ab","D17","BIGC","BIGC.AOS.reaeration.station.01","BIGC_S1_20170627","2017-06-27T17:54Z",1420,"2017-06-27T20:56:30Z",48.30,,21.36,,51.91,,52.11
"d8771f58-eb3f-4642-b341-2e4e60e53c6c","e4825723-8197-4b1e-94ac-263c5d2887ab","D17","BIGC","BIGC.AOS.reaeration.station.01","BIGC_S1_20170627","2017-06-27T17:54Z",1536,"2017-06-27T21:15:50Z",49.90,,22.93,,51.95,,52.08
"036da01f-1e15-4921-9b69-96f867172e8e","e4825723-8197-4b1e-94ac-263c5d2887ab","D17","BIGC","BIGC.AOS.reaeration.station.01","BIGC_S1_20170627","2017-06-27T17:54Z",1671,"2017-06-27T21:38:20Z",51.50,,24.57,,51.93,,51.95
"68f43260-718d-48f1-85ff-ab008a862aed","e4825723-8197-4b1e-94ac-263c5d2887ab","D17","BIGC","BIGC.AOS.reaeration.station.01","BIGC_S1_20170627","2017-06-27T17:54Z",246,"2017-06-27T17:40:50Z",80.20,,14.53,,100.25,,101.02
"5521060a-ba3a-45b6-aaa4-172fa13330c6","e4825723-8197-4b1e-94ac-263c5d2887ab","D17","BIGC","BIGC.AOS.reaeration.station.01","BIGC_S1_20170627","2017-06-27T17:54Z",1281,"2017-06-27T20:33:20Z",87.40,,17.73,,101.49,,102.17
"a984479d-a450-41a6-a297-52698c03393f","e4825723-8197-4b1e-94ac-263c5d2887ab","D17","BIGC","BIGC.AOS.reaeration.station.01","BIGC_S1_20170627","2017-06-27T17:54Z",2544,"2017-06-28T00:03:50Z",55.60,,26.18,,54.37,,54.29
"a5dc84d3-a452-43bf-a5b8-5b213a601ced","e4825723-8197-4b1e-94ac-263c5d2887ab","D17","BIGC","BIGC.AOS.reaeration.station.01","BIGC_S1_20170627","2017-06-27T17:54Z",70,"2017-06-27T17:11:30Z",79.60,,14.26,,100.14,,100.91
"9c59f088-718a-4d1a-a88c-0eff9bd48d28","e4825723-8197-4b1e-94ac-263c5d2887ab","D17","BIGC","BIGC.AOS.reaeration.station.01","BIGC_S1_20170627","2017-06-27T17:54Z",289,"2017-06-27T17:48:00Z",80.10,,14.65,,99.84,,100.60
"9c918562-dbda-4fb7-aa46-77c81b4085f0","e4825723-8197-4b1e-94ac-263c5d2887ab","D17","BIGC","BIGC.AOS.reaeration.station.01","BIGC_S1_20170627","2017-06-27T17:54Z",624,"2017-06-27T18:43:50Z",82.20,,15.58,,100.23,,100.99
"4b9b6504-4587-4ab3-8d6f-1e105fb0e73e","e4825723-8197-4b1e-94ac-263c5d2887ab","D17","BIGC","BIGC.AOS.reaeration.station.01","BIGC_S1_20170627","2017-06-27T17:54Z",1141,"2017-06-27T20:10:00Z",90.50,,17.36,,105.96,,106.69
"d2e793e9-9de6-4a4f-98bc-9c7311eea39c","e4825723-8197-4b1e-94ac-263c5d2887ab","D17","BIGC","BIGC.AOS.reaeration.station.01","BIGC_S1_20170627","2017-06-27T17:54Z",1549,"2017-06-27T21:18:00Z",50.00,,23.05,,51.93,,52.05
"56840186-ff6e-4801-8f82-ae9d9f62e448","e4825723-8197-4b1e-94ac-263c5d2887ab","D17","BIGC","BIGC.AOS.reaeration.station.01","BIGC_S1_20170627","2017-06-27T17:54Z",1669,"2017-06-27T21:38:00Z",51.50,,24.54,,51.96,,51.99
"f60ddfac-1330-4b77-bb45-b3ce72fd9e62","e4825723-8197-4b1e-94ac-263c5d2887ab","D17","BIGC","BIGC.AOS.reaeration.station.01","BIGC_S1_20170627","2017-06-27T17:54Z",295,"2017-06-27T17:49:00Z",80.30,,14.61,,100.18,,100.95
"ad31fcb9-0e74-4e19-96f4-358f342eace1","e4825723-8197-4b1e-94ac-263c5d2887ab","D17","BIGC","BIGC.AOS.reaeration.station.01","BIGC_S1_20170627","2017-06-27T17:54Z",1811,"2017-06-27T22:01:40Z",52.70,,25.60,,52.10,,52.06
"857e0259-85bc-4525-9d83-fcdeb2590f65","e4825723-8197-4b1e-94ac-263c5d2887ab","D17","BIGC","BIGC.AOS.reaeration.station.01","BIGC_S1_20170627","2017-06-27T17:54Z",2496,"2017-06-27T23:55:50Z",55.40,,26.17,,54.19,,54.11
"d1f7194d-3bf7-4f90-a9aa-5262285552be","e4825723-8197-4b1e-94ac-263c5d2887ab","D17","BIGC","BIGC.AOS.reaeration.station.01","BIGC_S1_20170627","2017-06-27T17:54Z",352,"2017-06-27T17:58:30Z",80.50,,14.75,,100.10,,100.86
"97e16c60-0090-4079-b8b7-19a5e2a13662","e4825723-8197-4b1e-94ac-263c5d2887ab","D17","BIGC","BIGC.AOS.reaeration.station.01","BIGC_S1_20170627","2017-06-27T17:54Z",907,"2017-06-27T19:31:00Z",88.00,,16.52,,105.01,,105.77
"d9445c66-cb43-4fe2-b23d-14428744c1f5","e4825723-8197-4b1e-94ac-263c5d2887ab","D17","BIGC","BIGC.AOS.reaeration.station.01","BIGC_S1_20170627","2017-06-27T17:54Z",1899,"2017-06-27T22:16:20Z",53.40,,26.03,,52.37,,52.30
"bda29234-bbb1-46d5-a7fa-70b359f6eec1","e4825723-8197-4b1e-94ac-263c5d2887ab","D17","BIGC","BIGC.AOS.reaeration.station.01","BIGC_S1_20170627","2017-06-27T17:54Z",2348,"2017-06-27T23:31:10Z",54.90,,26.06,,53.81,,53.74
"4859255a-833b-4153-866a-8e602d3e1099","e4825723-8197-4b1e-94ac-263c5d2887ab","D17","BIGC","BIGC.AOS.reaeration.station.01","BIGC_S1_20170627","2017-06-27T17:54Z",1969,"2017-06-27T22:28:00Z",53.90,,26.14,,52.75,,52.68
"725a632b-accd-4173-af0f-ddbc5382c876","e4825723-8197-4b1e-94ac-263c5d2887ab","D17","BIGC","BIGC.AOS.reaeration.station.01","BIGC_S1_20170627","2017-06-27T17:54Z",2258,"2017-06-27T23:16:10Z",54.80,,26.05,,53.72,,53.65
"f4b06b7b-f1d6-46aa-96fa-19b7d1fc7b3a","e4825723-8197-4b1e-94ac-263c5d2887ab","D17","BIGC","BIGC.AOS.reaeration.station.01","BIGC_S1_20170627","2017-06-27T17:54Z",53,"2017-06-27T17:08:40Z",79.40,,14.33,,99.72,,100.49
"3746fae2-400f-4b05-a8c9-d58428321a07","e4825723-8197-4b1e-94ac-263c5d2887ab","D17","BIGC","BIGC.AOS.reaeration.station.01","BIGC_S1_20170627","2017-06-27T17:54Z",719,"2017-06-27T18:59:40Z",86.40,,15.92,,104.53,,105.31
"51922c74-dd9b-4722-ad91-e926ca4d4a60","e4825723-8197-4b1e-94ac-263c5d2887ab","D17","BIGC","BIGC.AOS.reaeration.station.01","BIGC_S1_20170627","2017-06-27T17:54Z",1032,"2017-06-27T19:51:50Z",88.60,,16.97,,104.65,,105.39
"dc2f5407-a982-421c-9aad-cadb29bea5de","e4825723-8197-4b1e-94ac-263c5d2887ab","D17","BIGC","BIGC.AOS.reaeration.station.01","BIGC_S1_20170627","2017-06-27T17:54Z",556,"2017-06-27T18:32:30Z",81.90,,15.32,,100.48,,101.24
"a76ada3d-411b-448a-9cd6-88e0ccb80fb4","e4825723-8197-4b1e-94ac-263c5d2887ab","D17","BIGC","BIGC.AOS.reaeration.station.01","BIGC_S1_20170627","2017-06-27T17:54Z",1249,"2017-06-27T20:28:00Z",89.00,,17.66,,103.51,,104.21
"9e3d3081-3a34-4f89-b64a-32aeaae2d98a","e4825723-8197-4b1e-94ac-263c5d2887ab","D17","BIGC","BIGC.AOS.reaeration.station.01","BIGC_S1_20170627","2017-06-27T17:54Z",1522,"2017-06-27T21:13:30Z",49.70,,22.78,,51.90,,52.03
"f385e70b-e844-4255-98b0-dabb14929792","e4825723-8197-4b1e-94ac-263c5d2887ab","D17","BIGC","BIGC.AOS.reaeration.station.01","BIGC_S1_20170627","2017-06-27T17:54Z",1960,"2017-06-27T22:26:30Z",53.90,,26.14,,52.75,,52.68
"084d13e8-f2de-4c87-a3d1-2a81bb4acdd4","e4825723-8197-4b1e-94ac-263c5d2887ab","D17","BIGC","BIGC.AOS.reaeration.station.01","BIGC_S1_20170627","2017-06-27T17:54Z",2173,"2017-06-27T23:02:00Z",54.50,,26.06,,53.42,,53.35
"a95888d8-60c7-4636-9a08-3f4f54030057","e4825723-8197-4b1e-94ac-263c5d2887ab","D17","BIGC","BIGC.AOS.reaeration.station.01","BIGC_S1_20170627","2017-06-27T17:54Z",154,"2017-06-27T17:25:30Z",79.90,,14.35,,100.30,,101.07
"9aeb06f1-dbe1-40c1-bf29-6cb7ba67f134","e4825723-8197-4b1e-94ac-263c5d2887ab","D17","BIGC","BIGC.AOS.reaeration.station.01","BIGC_S1_20170627","2017-06-27T17:54Z",1848,"2017-06-27T22:07:50Z",53.00,,25.82,,52.18,,52.13
"1997227c-e9de-4f60-a957-ed86d3b5b345","e4825723-8197-4b1e-94ac-263c5d2887ab","D17","BIGC","BIGC.AOS.reaeration.station.01","BIGC_S1_20170627","2017-06-27T17:54Z",610,"2017-06-27T18:41:30Z",82.10,,15.52,,100.25,,101.01
"db5f3757-d7a7-44b6-81f3-96c34128c5e3","e4825723-8197-4b1e-94ac-263c5d2887ab","D17","BIGC","BIGC.AOS.reaeration.station.01","BIGC_S1_20170627","2017-06-27T17:54Z",453,"2017-06-27T18:15:20Z",81.10,,14.98,,100.29,,101.06
"a547560b-2683-48ec-b6aa-6cacc0d864b0","e4825723-8197-4b1e-94ac-263c5d2887ab","D17","BIGC","BIGC.AOS.reaeration.station.01","BIGC_S1_20170627","2017-06-27T17:54Z",2263,"2017-06-27T23:17:00Z",54.80,,26.05,,53.72,,53.65
"b6648385-8dfd-4696-8d81-4385f212ae0f","e4825723-8197-4b1e-94ac-263c5d2887ab","D17","BIGC","BIGC.AOS.reaeration.station.01","BIGC_S1_20170627","2017-06-27T17:54Z",1440,"2017-06-27T20:59:50Z",48.80,,21.71,,52.07,,52.26
"c07cbd21-03ca-425e-8287-b27261cc8f92","e4825723-8197-4b1e-94ac-263c5d2887ab","D17","BIGC","BIGC.AOS.reaeration.station.01","BIGC_S1_20170627","2017-06-27T17:54Z",1381,"2017-06-27T20:50:00Z",47.50,,20.52,,51.94,,52.19
"5453f0f7-21fc-470e-962b-90c603297a63","e4825723-8197-4b1e-94ac-263c5d2887ab","D17","BIGC","BIGC.AOS.reaeration.station.01","BIGC_S1_20170627","2017-06-27T17:54Z",1491,"2017-06-27T21:08:20Z",49.30,,22.42,,51.86,,52.01
"d80f5152-6fe8-4931-af6e-3ad115fe73c0","e4825723-8197-4b1e-94ac-263c5d2887ab","D17","BIGC","BIGC.AOS.reaeration.station.01","BIGC_S1_20170627","2017-06-27T17:54Z",943,"2017-06-27T19:37:00Z",86.30,,16.67,,102.63,,103.37
"6f8d56ed-485b-4349-acb5-fe7a375a1577","e4825723-8197-4b1e-94ac-263c5d2887ab","D17","BIGC","BIGC.AOS.reaeration.station.01","BIGC_S1_20170627","2017-06-27T17:54Z",1489,"2017-06-27T21:08:00Z",49.30,,22.41,,51.87,,52.02
"9b6b4aa0-b8dc-4b61-908b-a7b95bbdc1df","e4825723-8197-4b1e-94ac-263c5d2887ab","D17","BIGC","BIGC.AOS.reaeration.station.01","BIGC_S1_20170627","2017-06-27T17:54Z",2127,"2017-06-27T22:54:20Z",54.40,,26.08,,53.30,,53.23
"b01af05f-07c6-4cc1-91a8-aeb59b299983","e4825723-8197-4b1e-94ac-263c5d2887ab","D17","BIGC","BIGC.AOS.reaeration.station.01","BIGC_S1_20170627","2017-06-27T17:54Z",1803,"2017-06-27T22:00:20Z",52.60,,25.54,,52.06,,52.03
"91498cf5-d726-4948-9a02-76bf9618163a","e4825723-8197-4b1e-94ac-263c5d2887ab","D17","BIGC","BIGC.AOS.reaeration.station.01","BIGC_S1_20170627","2017-06-27T17:54Z",1752,"2017-06-27T21:51:50Z",52.20,,25.24,,51.96,,51.95
"44164c1c-b969-4fee-9ecd-1e9bfd31a3c7","e4825723-8197-4b1e-94ac-263c5d2887ab","D17","BIGC","BIGC.AOS.reaeration.station.01","BIGC_S1_20170627","2017-06-27T17:54Z",327,"2017-06-27T17:54:20Z",80.40,,14.66,,100.19,,100.95
"da4f8de4-2ee6-4cf3-9c29-d27406b83a55","e4825723-8197-4b1e-94ac-263c5d2887ab","D17","BIGC","BIGC.AOS.reaeration.station.01","BIGC_S1_20170627","2017-06-27T17:54Z",1975,"2017-06-27T22:29:00Z",53.90,,26.14,,52.75,,52.68
"ba699971-156c-4795-9eda-8197effda440","e4825723-8197-4b1e-94ac-263c5d2887ab","D17","BIGC","BIGC.AOS.reaeration.station.01","BIGC_S1_20170627","2017-06-27T17:54Z",1678,"2017-06-27T21:39:30Z",51.60,,24.65,,51.95,,51.97
"97033b15-db37-46d9-a219-ed12cd88153c","e4825723-8197-4b1e-94ac-263c5d2887ab","D17","BIGC","BIGC.AOS.reaeration.station.01","BIGC_S1_20170627","2017-06-27T17:54Z",2412,"2017-06-27T23:41:50Z",55.10,,26.14,,53.93,,53.85
"9f8cc7fa-fccd-452d-91cd-3b64f694256d","e4825723-8197-4b1e-94ac-263c5d2887ab","D17","BIGC","BIGC.AOS.reaeration.station.01","BIGC_S1_20170627","2017-06-27T17:54Z",1625,"2017-06-27T21:30:40Z",50.90,,24.01,,51.88,,51.94
"4c18b3d6-f9cf-4af3-b078-5d81a1222f76","e4825723-8197-4b1e-94ac-263c5d2887ab","D17","BIGC","BIGC.AOS.reaeration.station.01","BIGC_S1_20170627","2017-06-27T17:54Z",1197,"2017-06-27T20:19:20Z",90.90,,17.52,,106.05,,106.77
"23faf264-b385-4da3-bafc-e6503e7cb4fb","e4825723-8197-4b1e-94ac-263c5d2887ab","D17","BIGC","BIGC.AOS.reaeration.station.01","BIGC_S1_20170627","2017-06-27T17:54Z",2185,"2017-06-27T23:04:00Z",54.60,,26.06,,53.52,,53.45
"2fbed0dc-125c-40af-9d2d-c0d89ef2f44f","e4825723-8197-4b1e-94ac-263c5d2887ab","D17","BIGC","BIGC.AOS.reaeration.station.01","BIGC_S1_20170627","2017-06-27T17:54Z",1051,"2017-06-27T19:55:00Z",90.10,,17.06,,106.21,,106.95
"5030dd58-6ad0-48cd-88ed-c0ccb47c00aa","e4825723-8197-4b1e-94ac-263c5d2887ab","D17","BIGC","BIGC.AOS.reaeration.station.01","BIGC_S1_20170627","2017-06-27T17:54Z",2366,"2017-06-27T23:34:10Z",54.90,,26.09,,53.78,,53.71
"55457aba-c142-41c0-9dff-268b2d73707c","e4825723-8197-4b1e-94ac-263c5d2887ab","D17","BIGC","BIGC.AOS.reaeration.station.01","BIGC_S1_20170627","2017-06-27T17:54Z",1871,"2017-06-27T22:11:40Z",53.20,,25.93,,52.27,,52.21
"217b4d4a-4f52-4dcf-9e6d-420002979ccb","e4825723-8197-4b1e-94ac-263c5d2887ab","D17","BIGC","BIGC.AOS.reaeration.station.01","BIGC_S1_20170627","2017-06-27T17:54Z",2444,"2017-06-27T23:47:10Z",55.20,,26.16,,54.00,,53.92
"092d4408-bb72-4b40-8f37-f8901e75b2c1","e4825723-8197-4b1e-94ac-263c5d2887ab","D17","BIGC","BIGC.AOS.reaeration.station.01","BIGC_S1_20170627","2017-06-27T17:54Z",1847,"2017-06-27T22:07:40Z",53.00,,25.81,,52.19,,52.14
"88ac57f9-124f-4bb3-9d3f-9368ba2a5af3","e4825723-8197-4b1e-94ac-263c5d2887ab","D17","BIGC","BIGC.AOS.reaeration.station.01","BIGC_S1_20170627","2017-06-27T17:54Z",1137,"2017-06-27T20:09:20Z",89.90,,17.34,,105.31,,106.03
"f5ca8e32-f5c4-4031-a07e-827fb202b3a6","e4825723-8197-4b1e-94ac-263c5d2887ab","D17","BIGC","BIGC.AOS.reaeration.station.01","BIGC_S1_20170627","2017-06-27T17:54Z",499,"2017-06-27T18:23:00Z",81.40,,15.13,,100.31,,101.07
"c91d2d22-8128-4bba-b5a5-473c80b19330","e4825723-8197-4b1e-94ac-263c5d2887ab","D17","BIGC","BIGC.AOS.reaeration.station.01","BIGC_S1_20170627","2017-06-27T17:54Z",1499,"2017-06-27T21:09:40Z",49.40,,22.51,,51.87,,52.01
"99f0a3e6-8dcc-457c-9563-ad1057ec3afd","e4825723-8197-4b1e-94ac-263c5d2887ab","D17","BIGC","BIGC.AOS.reaeration.station.01","BIGC_S1_20170627","2017-06-27T17:54Z",442,"2017-06-27T18:13:30Z",80.80,,14.96,,99.97,,100.73
"08f40747-34d1-4219-bb5b-404ecd239c65","e4825723-8197-4b1e-94ac-263c5d2887ab","D17","BIGC","BIGC.AOS.reaeration.station.01","BIGC_S1_20170627","2017-06-27T17:54Z",663,"2017-06-27T18:50:20Z",85.90,,15.69,,104.48,,105.26
"41bc74e7-bc84-489f-98cd-b01a0afd37f9","e4825723-8197-4b1e-94ac-263c5d2887ab","D17","BIGC","BIGC.AOS.reaeration.station.01","BIGC_S1_20170627","2017-06-27T17:54Z",631,"2017-06-27T18:45:00Z",82.60,,15.58,,100.72,,101.48
"3bd6d417-bb67-4e1c-809a-dc4db47dfa56","e4825723-8197-4b1e-94ac-263c5d2887ab","D17","BIGC","BIGC.AOS.reaeration.station.01","BIGC_S1_20170627","2017-06-27T17:54Z",1603,"2017-06-27T21:27:00Z",50.60,,23.69,,51.90,,51.98
"642b7213-5ddf-4215-badb-9bdb3f07a3e7","e4825723-8197-4b1e-94ac-263c5d2887ab","D17","BIGC","BIGC.AOS.reaeration.station.01","BIGC_S1_20170627","2017-06-27T17:54Z",512,"2017-06-27T18:25:10Z",81.40,,15.14,,100.29,,101.05
"a40ff2e1-0fba-4945-80c8-f454cf008d01","e4825723-8197-4b1e-94ac-263c5d2887ab","D17","BIGC","BIGC.AOS.reaeration.station.01","BIGC_S1_20170627","2017-06-27T17:54Z",2068,"2017-06-27T22:44:30Z",54.20,,26.11,,53.07,,53.00
"17443eca-528c-4f43-a7ca-a365b3208422","e4825723-8197-4b1e-94ac-263c5d2887ab","D17","BIGC","BIGC.AOS.reaeration.station.01","BIGC_S1_20170627","2017-06-27T17:54Z",2007,"2017-06-27T22:34:20Z",54.10,,26.14,,52.95,,52.87
"a792a914-d124-45fc-8780-931100da2c96","e4825723-8197-4b1e-94ac-263c5d2887ab","D17","BIGC","BIGC.AOS.reaeration.station.01","BIGC_S1_20170627","2017-06-27T17:54Z",1102,"2017-06-27T20:03:30Z",90.30,,17.24,,106.01,,106.75
"9a7f8c90-5661-47f0-b495-1ab4a7541b05","e4825723-8197-4b1e-94ac-263c5d2887ab","D17","BIGC","BIGC.AOS.reaeration.station.01","BIGC_S1_20170627","2017-06-27T17:54Z",1690,"2017-06-27T21:41:30Z",51.70,,24.77,,51.93,,51.94
"fa39fcc7-7295-4e9a-a373-913efd6046f5","e4825723-8197-4b1e-94ac-263c5d2887ab","D17","BIGC","BIGC.AOS.reaeration.station.01","BIGC_S1_20170627","2017-06-27T17:54Z",1160,"2017-06-27T20:13:10Z",90.50,,17.42,,105.82,,106.55
"684b10af-f15e-4339-9db1-3b2e2a4258ba","e4825723-8197-4b1e-94ac-263c5d2887ab","D17","BIGC","BIGC.AOS.reaeration.station.01","BIGC_S1_20170627","2017-06-27T17:54Z",2375,"2017-06-27T23:35:40Z",55.00,,26.10,,53.87,,53.79
"9d2c012c-5a87-4a3c-a54c-c9efdf70e6b6","e4825723-8197-4b1e-94ac-263c5d2887ab","D17","BIGC","BIGC.AOS.reaeration.station.01","BIGC_S1_20170627","2017-06-27T17:54Z",750,"2017-06-27T19:04:50Z",86.40,,16.02,,104.29,,105.06
"c5990099-600e-4d3c-9bda-31dddd1f455d","e4825723-8197-4b1e-94ac-263c5d2887ab","D17","BIGC","BIGC.AOS.reaeration.station.01","BIGC_S1_20170627","2017-06-27T17:54Z",344,"2017-06-27T17:57:10Z",80.70,,14.65,,100.58,,101.36
"3832da7a-74dc-4ab6-96ae-d58a3d34cd01","e4825723-8197-4b1e-94ac-263c5d2887ab","D17","BIGC","BIGC.AOS.reaeration.station.01","BIGC_S1_20170627","2017-06-27T17:54Z",1060,"2017-06-27T19:56:30Z",89.50,,17.08,,105.45,,106.19
"f9672991-e541-45ea-9016-08df82d1af8e","e4825723-8197-4b1e-94ac-263c5d2887ab","D17","BIGC","BIGC.AOS.reaeration.station.01","BIGC_S1_20170627","2017-06-27T17:54Z",1073,"2017-06-27T19:58:40Z",89.70,,17.13,,105.57,,106.31
"7816d559-197b-4841-bfe8-19ecb9c8bc28","e4825723-8197-4b1e-94ac-263c5d2887ab","D17","BIGC","BIGC.AOS.reaeration.station.01","BIGC_S1_20170627","2017-06-27T17:54Z",1897,"2017-06-27T22:16:00Z",53.40,,26.03,,52.37,,52.30
"d5f84a59-7316-4539-a4de-b42528f45a66","e4825723-8197-4b1e-94ac-263c5d2887ab","D17","BIGC","BIGC.AOS.reaeration.station.01","BIGC_S1_20170627","2017-06-27T17:54Z",1134,"2017-06-27T20:08:50Z",90.50,,17.34,,106.01,,106.74
"2d4eeb92-70b8-45a2-a49d-52a16766ee09","e4825723-8197-4b1e-94ac-263c5d2887ab","D17","BIGC","BIGC.AOS.reaeration.station.01","BIGC_S1_20170627","2017-06-27T17:54Z",2183,"2017-06-27T23:03:40Z",54.60,,26.06,,53.52,,53.45
"8b9ae51a-44fe-48aa-b6a1-d9abb04ac57b","e4825723-8197-4b1e-94ac-263c5d2887ab","D17","BIGC","BIGC.AOS.reaeration.station.01","BIGC_S1_20170627","2017-06-27T17:54Z",3,"2017-06-27T17:00:20Z",79.40,,14.21,,100.01,,100.78
"463e735f-d40b-447f-8c6e-8c6953b9455d","e4825723-8197-4b1e-94ac-263c5d2887ab","D17","BIGC","BIGC.AOS.reaeration.station.01","BIGC_S1_20170627","2017-06-27T17:54Z",1721,"2017-06-27T21:46:40Z",52.00,,25.07,,51.93,,51.93
"5321d572-130e-4876-9b4e-42c8a1b7b409","e4825723-8197-4b1e-94ac-263c5d2887ab","D17","BIGC","BIGC.AOS.reaeration.station.01","BIGC_S1_20170627","2017-06-27T17:54Z",1759,"2017-06-27T21:53:00Z",52.20,,25.27,,51.93,,51.91
"953cc54f-098a-4710-a7aa-950c856db1ba","e4825723-8197-4b1e-94ac-263c5d2887ab","D17","BIGC","BIGC.AOS.reaeration.station.01","BIGC_S1_20170627","2017-06-27T17:54Z",1727,"2017-06-27T21:47:40Z",51.90,,25.10,,51.80,,51.79
"62d4e850-45fc-4b43-be7b-6dc571b013d3","e4825723-8197-4b1e-94ac-263c5d2887ab","D17","BIGC","BIGC.AOS.reaeration.station.01","BIGC_S1_20170627","2017-06-27T17:54Z",2222,"2017-06-27T23:10:10Z",54.60,,26.05,,53.53,,53.46
"0da6ee03-4802-496f-9dc6-85508fcda878","e4825723-8197-4b1e-94ac-263c5d2887ab","D17","BIGC","BIGC.AOS.reaeration.station.01","BIGC_S1_20170627","2017-06-27T17:54Z",1227,"2017-06-27T20:24:20Z",91.30,,17.61,,106.30,,107.02
"995c8a73-6b7e-4c6a-afd4-debd79593471","e4825723-8197-4b1e-94ac-263c5d2887ab","D17","BIGC","BIGC.AOS.reaeration.station.01","BIGC_S1_20170627","2017-06-27T17:54Z",2365,"2017-06-27T23:34:00Z",55.00,,26.09,,53.88,,53.80
"b0501aa5-a226-44b2-b989-294b4bf30c50","e4825723-8197-4b1e-94ac-263c5d2887ab","D17","BIGC","BIGC.AOS.reaeration.station.01","BIGC_S1_20170627","2017-06-27T17:54Z",2176,"2017-06-27T23:02:30Z",54.50,,26.06,,53.42,,53.35
"b7a64425-8ad9-4e26-9596-24c4e49d38ac","e4825723-8197-4b1e-94ac-263c5d2887ab","D17","BIGC","BIGC.AOS.reaeration.station.01","BIGC_S1_20170627","2017-06-27T17:54Z",2436,"2017-06-27T23:45:50Z",55.10,,26.16,,53.91,,53.83
"1e37be73-ac86-4c12-85d1-06b14f6bfcaf","e4825723-8197-4b1e-94ac-263c5d2887ab","D17","BIGC","BIGC.AOS.reaeration.station.01","BIGC_S1_20170627","2017-06-27T17:54Z",29,"2017-06-27T17:04:40Z",79.70,,14.21,,100.39,,101.16
"c7424fb0-7585-4682-b73a-8c766f9822f1","e4825723-8197-4b1e-94ac-263c5d2887ab","D17","BIGC","BIGC.AOS.reaeration.station.01","BIGC_S1_20170627","2017-06-27T17:54Z",1433,"2017-06-27T20:58:40Z",48.70,,21.59,,52.09,,52.29
"26ef8aae-610f-4523-9aa1-6b0cff86baa3","e4825723-8197-4b1e-94ac-263c5d2887ab","D17","BIGC","BIGC.AOS.reaeration.station.01","BIGC_S1_20170627","2017-06-27T17:54Z",2547,"2017-06-28T00:04:20Z",55.70,,26.18,,54.47,,54.39
"72e3863e-86bf-4d62-9418-0cd3a8092dd5","e4825723-8197-4b1e-94ac-263c5d2887ab","D17","BIGC","BIGC.AOS.reaeration.station.01","BIGC_S1_20170627","2017-06-27T17:54Z",1938,"2017-06-27T22:22:50Z",53.70,,26.11,,52.59,,52.51
"05096f99-fb53-44d4-a46d-2b96a9eb509e","e4825723-8197-4b1e-94ac-263c5d2887ab","D17","BIGC","BIGC.AOS.reaeration.station.01","BIGC_S1_20170627","2017-06-27T17:54Z",1619,"2017-06-27T21:29:40Z",50.80,,23.93,,51.86,,51.93
"859ff6eb-7317-4d76-befd-ed1a6fa82d3e","e4825723-8197-4b1e-94ac-263c5d2887ab","D17","BIGC","BIGC.AOS.reaeration.station.01","BIGC_S1_20170627","2017-06-27T17:54Z",2193,"2017-06-27T23:05:20Z",54.60,,26.05,,53.53,,53.46
"ffc21bd1-1dc8-41ec-84f7-af6ea8778546","e4825723-8197-4b1e-94ac-263c5d2887ab","D17","BIGC","BIGC.AOS.reaeration.station.01","BIGC_S1_20170627","2017-06-27T17:54Z",1325,"2017-06-27T20:40:40Z",44.80,,18.95,,50.65,,50.95
"3a6ed5e3-1e3b-4884-8b20-fb5d38c66c05","e4825723-8197-4b1e-94ac-263c5d2887ab","D17","BIGC","BIGC.AOS.reaeration.station.01","BIGC_S1_20170627","2017-06-27T17:54Z",1304,"2017-06-27T20:37:10Z",43.20,,17.82,,50.07,,50.40
"9b23881a-2c84-441e-8906-b30bc4ba1e68","e4825723-8197-4b1e-94ac-263c5d2887ab","D17","BIGC","BIGC.AOS.reaeration.station.01","BIGC_S1_20170627","2017-06-27T17:54Z",1172,"2017-06-27T20:15:10Z",90.20,,17.45,,105.40,,106.12
"4c7164d6-bd27-44c8-89db-e50855dfab4c","e4825723-8197-4b1e-94ac-263c5d2887ab","D17","BIGC","BIGC.AOS.reaeration.station.01","BIGC_S1_20170627","2017-06-27T17:54Z",1754,"2017-06-27T21:52:10Z",52.20,,25.25,,51.95,,51.94
"a9cf8911-a5ed-42a6-bf72-1f77b30917f2","e4825723-8197-4b1e-94ac-263c5d2887ab","D17","BIGC","BIGC.AOS.reaeration.station.01","BIGC_S1_20170627","2017-06-27T17:54Z",1400,"2017-06-27T20:53:10Z",47.90,,20.95,,51.92,,52.14
"5a0a5719-757c-4315-a156-ac30618561fc","e4825723-8197-4b1e-94ac-263c5d2887ab","D17","BIGC","BIGC.AOS.reaeration.station.01","BIGC_S1_20170627","2017-06-27T17:54Z",659,"2017-06-27T18:49:40Z",85.40,,15.68,,103.89,,104.67
"5e58d8c2-e3bd-4517-9d79-da742193bb3b","e4825723-8197-4b1e-94ac-263c5d2887ab","D17","BIGC","BIGC.AOS.reaeration.station.01","BIGC_S1_20170627","2017-06-27T17:54Z",1378,"2017-06-27T20:49:30Z",47.40,,20.45,,51.91,,52.16
"cfbd49ac-6044-4dde-adb4-4a9cfc74cd3f","e4825723-8197-4b1e-94ac-263c5d2887ab","D17","BIGC","BIGC.AOS.reaeration.station.01","BIGC_S1_20170627","2017-06-27T17:54Z",2105,"2017-06-27T22:50:40Z",54.30,,26.10,,53.18,,53.11
"5e4ef8d2-2d6c-456a-9ae6-2e038d86875a","e4825723-8197-4b1e-94ac-263c5d2887ab","D17","BIGC","BIGC.AOS.reaeration.station.01","BIGC_S1_20170627","2017-06-27T17:54Z",1651,"2017-06-27T21:35:00Z",51.30,,24.34,,51.95,,52.00
"6e7455a6-d0c9-46c8-b87e-1f13d044b90f","e4825723-8197-4b1e-94ac-263c5d2887ab","D17","BIGC","BIGC.AOS.reaeration.station.01","BIGC_S1_20170627","2017-06-27T17:54Z",338,"2017-06-27T17:56:10Z",80.50,,14.68,,100.26,,101.03
"9653a9bb-099e-451e-b53a-c1de5eaed1c4","e4825723-8197-4b1e-94ac-263c5d2887ab","D17","BIGC","BIGC.AOS.reaeration.station.01","BIGC_S1_20170627","2017-06-27T17:54Z",1379,"2017-06-27T20:49:40Z",47.40,,20.47,,51.89,,52.14
"35a2b0e6-d7a9-40fb-b480-92c3e2c59036","e4825723-8197-4b1e-94ac-263c5d2887ab","D17","BIGC","BIGC.AOS.reaeration.station.01","BIGC_S1_20170627","2017-06-27T17:54Z",1290,"2017-06-27T20:34:50Z",87.20,,17.74,,101.24,,101.92
"7d46fc1f-99b8-4487-95d0-3349e8ebc0aa","e4825723-8197-4b1e-94ac-263c5d2887ab","D17","BIGC","BIGC.AOS.reaeration.station.01","BIGC_S1_20170627","2017-06-27T17:54Z",2426,"2017-06-27T23:44:10Z",55.10,,26.14,,53.93,,53.85
"f9897011-59ec-49c5-ad99-b3ddc996f3f1","e4825723-8197-4b1e-94ac-263c5d2887ab","D17","BIGC","BIGC.AOS.reaeration.station.01","BIGC_S1_20170627","2017-06-27T17:54Z",1504,"2017-06-27T21:10:30Z",49.50,,22.57,,51.91,,52.05
"01b4be9b-9d55-4b5e-929a-3a60ecb45c5b","e4825723-8197-4b1e-94ac-263c5d2887ab","D17","BIGC","BIGC.AOS.reaeration.station.01","BIGC_S1_20170627","2017-06-27T17:54Z",177,"2017-06-27T17:29:20Z",79.90,,14.45,,100.06,,100.83
"452f41bc-3a1d-42ec-8d01-8dc7ecb47e94","e4825723-8197-4b1e-94ac-263c5d2887ab","D17","BIGC","BIGC.AOS.reaeration.station.01","BIGC_S1_20170627","2017-06-27T17:54Z",1733,"2017-06-27T21:48:40Z",51.90,,25.15,,51.75,,51.74
"9192ee12-b09d-4fda-96ba-292c8f6ed3cb","e4825723-8197-4b1e-94ac-263c5d2887ab","D17","BIGC","BIGC.AOS.reaeration.station.01","BIGC_S1_20170627","2017-06-27T17:54Z",1628,"2017-06-27T21:31:10Z",51.00,,24.05,,51.94,,52.00
"19d97967-e37c-4350-b8c2-83fc4c980c88","e4825723-8197-4b1e-94ac-263c5d2887ab","D17","BIGC","BIGC.AOS.reaeration.station.01","BIGC_S1_20170627","2017-06-27T17:54Z",2473,"2017-06-27T23:52:00Z",55.30,,26.17,,54.09,,54.01
"5d40afa3-16c8-4701-8243-22f0b31d8d2e","e4825723-8197-4b1e-94ac-263c5d2887ab","D17","BIGC","BIGC.AOS.reaeration.station.01","BIGC_S1_20170627","2017-06-27T17:54Z",301,"2017-06-27T17:50:00Z",80.20,,14.67,,99.91,,100.68
"d2c27e89-1e58-4eba-9238-bee7e38b81c8","e4825723-8197-4b1e-94ac-263c5d2887ab","D17","BIGC","BIGC.AOS.reaeration.station.01","BIGC_S1_20170627","2017-06-27T17:54Z",598,"2017-06-27T18:39:30Z",82.20,,15.46,,100.52,,101.28
"61d75ce7-c481-45df-8c43-823865cffc2e","e4825723-8197-4b1e-94ac-263c5d2887ab","D17","BIGC","BIGC.AOS.reaeration.station.01","BIGC_S1_20170627","2017-06-27T17:54Z",1670,"2017-06-27T21:38:10Z",51.50,,24.55,,51.95,,51.97
"def565db-1725-43ba-a5c6-0c5907b62762","e4825723-8197-4b1e-94ac-263c5d2887ab","D17","BIGC","BIGC.AOS.reaeration.station.01","BIGC_S1_20170627","2017-06-27T17:54Z",1112,"2017-06-27T20:05:10Z",90.30,,17.27,,105.94,,106.68
"f6e2ad62-5247-46c0-970a-b9ffd23a5f67","e4825723-8197-4b1e-94ac-263c5d2887ab","D17","BIGC","BIGC.AOS.reaeration.station.01","BIGC_S1_20170627","2017-06-27T17:54Z",2428,"2017-06-27T23:44:30Z",55.10,,26.14,,53.93,,53.85
"66e15b0f-1693-4e4c-b66a-8b3b63934112","e4825723-8197-4b1e-94ac-263c5d2887ab","D17","BIGC","BIGC.AOS.reaeration.station.01","BIGC_S1_20170627","2017-06-27T17:54Z",2610,"2017-06-28T00:14:30Z",54.10,,25.27,,53.82,,53.80
"bc734651-6872-4dca-955b-677e09daf9fe","e4825723-8197-4b1e-94ac-263c5d2887ab","D17","BIGC","BIGC.AOS.reaeration.station.01","BIGC_S1_20170627","2017-06-27T17:54Z",909,"2017-06-27T19:31:20Z",87.90,,16.54,,104.84,,105.60
"ef5ccc1d-3d1d-4e6d-938c-2aeb8f1a8ac0","e4825723-8197-4b1e-94ac-263c5d2887ab","D17","BIGC","BIGC.AOS.reaeration.station.01","BIGC_S1_20170627","2017-06-27T17:54Z",2018,"2017-06-27T22:36:10Z",54.10,,26.14,,52.95,,52.87
"885abd2b-ce35-467d-ba13-42f866a17427","e4825723-8197-4b1e-94ac-263c5d2887ab","D17","BIGC","BIGC.AOS.reaeration.station.01","BIGC_S1_20170627","2017-06-27T17:54Z",2353,"2017-06-27T23:32:00Z",54.90,,26.08,,53.79,,53.72
"b3f1bf8f-829b-42e0-867f-aa895f9d5b67","e4825723-8197-4b1e-94ac-263c5d2887ab","D17","BIGC","BIGC.AOS.reaeration.station.01","BIGC_S1_20170627","2017-06-27T17:54Z",1127,"2017-06-27T20:07:40Z",90.30,,17.32,,105.82,,106.55
"8c61dfbe-d5e1-4158-b2e0-90f260b560f3","e4825723-8197-4b1e-94ac-263c5d2887ab","D17","BIGC","BIGC.AOS.reaeration.station.01","BIGC_S1_20170627","2017-06-27T17:54Z",18,"2017-06-27T17:02:50Z",79.60,,14.17,,100.36,,101.13
"1bfb556e-5446-4da9-b967-24b90b01310f","e4825723-8197-4b1e-94ac-263c5d2887ab","D17","BIGC","BIGC.AOS.reaeration.station.01","BIGC_S1_20170627","2017-06-27T17:54Z",1708,"2017-06-27T21:44:30Z",51.90,,24.95,,51.95,,51.95
"0c221846-b7d7-4a14-a760-c4c4694c04c7","e4825723-8197-4b1e-94ac-263c5d2887ab","D17","BIGC","BIGC.AOS.reaeration.station.01","BIGC_S1_20170627","2017-06-27T17:54Z",2153,"2017-06-27T22:58:40Z",54.40,,26.08,,53.30,,53.23
"d220a110-43e7-41b5-8fd3-2d5995632160","e4825723-8197-4b1e-94ac-263c5d2887ab","D17","BIGC","BIGC.AOS.reaeration.station.01","BIGC_S1_20170627","2017-06-27T17:54Z",1705,"2017-06-27T21:44:00Z",51.80,,24.93,,51.87,,51.87
"e5222064-6ebc-4fc2-b084-5ae3db4a49b8","e4825723-8197-4b1e-94ac-263c5d2887ab","D17","BIGC","BIGC.AOS.reaeration.station.01","BIGC_S1_20170627","2017-06-27T17:54Z",2475,"2017-06-27T23:52:20Z",55.20,,26.17,,53.99,,53.91
"d95791f1-5552-4862-bf7b-c62198d0c977","e4825723-8197-4b1e-94ac-263c5d2887ab","D17","BIGC","BIGC.AOS.reaeration.station.01","BIGC_S1_20170627","2017-06-27T17:54Z",1280,"2017-06-27T20:33:10Z",87.30,,17.72,,101.40,,102.08
"692ed07e-0f5b-44f9-98c2-251a27b4da29","e4825723-8197-4b1e-94ac-263c5d2887ab","D17","BIGC","BIGC.AOS.reaeration.station.01","BIGC_S1_20170627","2017-06-27T17:54Z",1028,"2017-06-27T19:51:10Z",88.70,,16.97,,104.77,,105.51
"017ebfe8-5eef-4ac6-b796-a17251fd05fa","e4825723-8197-4b1e-94ac-263c5d2887ab","D17","BIGC","BIGC.AOS.reaeration.station.01","BIGC_S1_20170627","2017-06-27T17:54Z",2126,"2017-06-27T22:54:10Z",54.30,,26.09,,53.19,,53.12
"41be5331-9ade-415d-a46f-dadd31252f1e","e4825723-8197-4b1e-94ac-263c5d2887ab","D17","BIGC","BIGC.AOS.reaeration.station.01","BIGC_S1_20170627","2017-06-27T17:54Z",2017,"2017-06-27T22:36:00Z",54.00,,26.14,,52.85,,52.77
"06749133-348a-4b43-a984-e8b71d104142","e4825723-8197-4b1e-94ac-263c5d2887ab","D17","BIGC","BIGC.AOS.reaeration.station.01","BIGC_S1_20170627","2017-06-27T17:54Z",1146,"2017-06-27T20:10:50Z",89.90,,17.36,,105.26,,105.99
"654259f7-3278-4f7c-bdd7-26639e4e22b4","e4825723-8197-4b1e-94ac-263c5d2887ab","D17","BIGC","BIGC.AOS.reaeration.station.01","BIGC_S1_20170627","2017-06-27T17:54Z",1784,"2017-06-27T21:57:10Z",52.40,,25.40,,52.00,,51.98
"06140cf3-4fed-46d0-a526-2b40af44cac1","e4825723-8197-4b1e-94ac-263c5d2887ab","D17","BIGC","BIGC.AOS.reaeration.station.01","BIGC_S1_20170627","2017-06-27T17:54Z",1918,"2017-06-27T22:19:30Z",53.70,,26.08,,52.61,,52.54
"3ed6af91-e48e-4070-b00b-5c86e92b003e","e4825723-8197-4b1e-94ac-263c5d2887ab","D17","BIGC","BIGC.AOS.reaeration.station.01","BIGC_S1_20170627","2017-06-27T17:54Z",1404,"2017-06-27T20:53:50Z",48.10,,21.05,,52.03,,52.25
"1f5d9491-591a-4109-a0fb-26d233fe5f1c","e4825723-8197-4b1e-94ac-263c5d2887ab","D17","BIGC","BIGC.AOS.reaeration.station.01","BIGC_S1_20170627","2017-06-27T17:54Z",240,"2017-06-27T17:39:50Z",80.20,,14.50,,100.32,,101.09
"2846e700-ebe0-4321-a13e-50decd806287","e4825723-8197-4b1e-94ac-263c5d2887ab","D17","BIGC","BIGC.AOS.reaeration.station.01","BIGC_S1_20170627","2017-06-27T17:54Z",330,"2017-06-27T17:54:50Z",80.30,,14.71,,99.94,,100.71
"0273d0de-f998-4752-b76a-028871fc43f7","e4825723-8197-4b1e-94ac-263c5d2887ab","D17","BIGC","BIGC.AOS.reaeration.station.01","BIGC_S1_20170627","2017-06-27T17:54Z",1742,"2017-06-27T21:50:10Z",52.00,,25.19,,51.81,,51.80
"6b881ebf-e170-4b60-98e7-b24f1c7bad94","e4825723-8197-4b1e-94ac-263c5d2887ab","D17","BIGC","BIGC.AOS.reaeration.station.01","BIGC_S1_20170627","2017-06-27T17:54Z",395,"2017-06-27T18:05:40Z",80.50,,14.86,,99.84,,100.60
"0501e4c5-4870-4472-9024-5c3b2ec52b2d","e4825723-8197-4b1e-94ac-263c5d2887ab","D17","BIGC","BIGC.AOS.reaeration.station.01","BIGC_S1_20170627","2017-06-27T17:54Z",2596,"2017-06-28T00:12:30Z",54.80,,25.57,,54.21,,54.17
"03979934-eaa1-401b-8608-ff0b45d036a5","e4825723-8197-4b1e-94ac-263c5d2887ab","D17","BIGC","BIGC.AOS.reaeration.station.01","BIGC_S1_20170627","2017-06-27T17:54Z",1366,"2017-06-27T20:47:30Z",46.80,,20.13,,51.60,,51.86
"4d62423b-6a2a-47b4-b4a7-675b113b31c6","e4825723-8197-4b1e-94ac-263c5d2887ab","D17","BIGC","BIGC.AOS.reaeration.station.01","BIGC_S1_20170627","2017-06-27T17:54Z",229,"2017-06-27T17:38:00Z",80.10,,14.50,,100.19,,100.96
"330af6bc-a8eb-4e17-b0b2-76632e6e7c49","e4825723-8197-4b1e-94ac-263c5d2887ab","D17","BIGC","BIGC.AOS.reaeration.station.01","BIGC_S1_20170627","2017-06-27T17:54Z",1691,"2017-06-27T21:41:40Z",51.70,,24.78,,51.92,,51.93
"d8a6736d-82b9-427f-af44-c1b92edd23b8","e4825723-8197-4b1e-94ac-263c5d2887ab","D17","BIGC","BIGC.AOS.reaeration.station.01","BIGC_S1_20170627","2017-06-27T17:54Z",2580,"2017-06-28T00:09:50Z",56.00,,26.20,,54.75,,54.66
"ffcf565d-6b26-4e16-8ced-5bfbdf638850","e4825723-8197-4b1e-94ac-263c5d2887ab","D17","BIGC","BIGC.AOS.reaeration.station.01","BIGC_S1_20170627","2017-06-27T17:54Z",1516,"2017-06-27T21:12:30Z",49.60,,22.71,,51.87,,52.00
"9e30a32c-fae7-4222-8748-50a2d10c4277","e4825723-8197-4b1e-94ac-263c5d2887ab","D17","BIGC","BIGC.AOS.reaeration.station.01","BIGC_S1_20170627","2017-06-27T17:54Z",775,"2017-06-27T19:09:00Z",86.60,,16.11,,104.31,,105.08
"c203e72d-a5cf-4abd-8c63-0c3dd054d3d5","e4825723-8197-4b1e-94ac-263c5d2887ab","D17","BIGC","BIGC.AOS.reaeration.station.01","BIGC_S1_20170627","2017-06-27T17:54Z",1092,"2017-06-27T20:01:50Z",90.90,,17.20,,106.81,,107.56
"322a66a2-634c-46fe-b43e-bb79dc4ab531","e4825723-8197-4b1e-94ac-263c5d2887ab","D17","BIGC","BIGC.AOS.reaeration.station.01","BIGC_S1_20170627","2017-06-27T17:54Z",734,"2017-06-27T19:02:10Z",86.30,,15.96,,104.31,,105.09
"8111fe0b-51d1-4b32-ba59-e2530a4280f7","e4825723-8197-4b1e-94ac-263c5d2887ab","D17","BIGC","BIGC.AOS.reaeration.station.01","BIGC_S1_20170627","2017-06-27T17:54Z",632,"2017-06-27T18:45:10Z",82.70,,15.63,,100.73,,101.48
"8d9857a5-0d3e-4f05-9a14-21b4a6f468bf","e4825723-8197-4b1e-94ac-263c5d2887ab","D17","BIGC","BIGC.AOS.reaeration.station.01","BIGC_S1_20170627","2017-06-27T17:54Z",339,"2017-06-27T17:56:20Z",80.60,,14.65,,100.46,,101.23
"d7a713bc-1537-4499-aef2-958f983db26b","e4825723-8197-4b1e-94ac-263c5d2887ab","D17","BIGC","BIGC.AOS.reaeration.station.01","BIGC_S1_20170627","2017-06-27T17:54Z",253,"2017-06-27T17:42:00Z",80.20,,14.53,,100.25,,101.02
"c20ad020-2caa-49eb-9d3c-9d536c9564b7","e4825723-8197-4b1e-94ac-263c5d2887ab","D17","BIGC","BIGC.AOS.reaeration.station.01","BIGC_S1_20170627","2017-06-27T17:54Z",883,"2017-06-27T19:27:00Z",87.20,,16.47,,104.17,,104.93
"86992a1c-f4c9-4fae-8974-4c9b1ff11773","e4825723-8197-4b1e-94ac-263c5d2887ab","D17","BIGC","BIGC.AOS.reaeration.station.01","BIGC_S1_20170627","2017-06-27T17:54Z",30,"2017-06-27T17:04:50Z",79.40,,14.27,,99.87,,100.63
"820b7f84-ee6e-4359-b7d0-d65e6e82acfa","e4825723-8197-4b1e-94ac-263c5d2887ab","D17","BIGC","BIGC.AOS.reaeration.station.01","BIGC_S1_20170627","2017-06-27T17:54Z",2604,"2017-06-28T00:13:40Z",54.60,,25.38,,54.21,,54.18
"22765332-3694-48ca-aee4-f75cce544d9e","e4825723-8197-4b1e-94ac-263c5d2887ab","D17","BIGC","BIGC.AOS.reaeration.station.01","BIGC_S1_20170627","2017-06-27T17:54Z",2223,"2017-06-27T23:10:20Z",54.70,,26.05,,53.62,,53.55
"911e5f05-72a2-4c17-94d1-0bede7d00620","e4825723-8197-4b1e-94ac-263c5d2887ab","D17","BIGC","BIGC.AOS.reaeration.station.01","BIGC_S1_20170627","2017-06-27T17:54Z",1860,"2017-06-27T22:09:50Z",53.20,,25.88,,52.32,,52.26
"8852a61a-9ca5-4e64-89de-5dfbe2485a76","e4825723-8197-4b1e-94ac-263c5d2887ab","D17","BIGC","BIGC.AOS.reaeration.station.01","BIGC_S1_20170627","2017-06-27T17:54Z",474,"2017-06-27T18:18:50Z",81.20,,15.04,,100.28,,101.04
"0abed454-067d-4ad7-8a7d-1de8ff188eb0","e4825723-8197-4b1e-94ac-263c5d2887ab","D17","BIGC","BIGC.AOS.reaeration.station.01","BIGC_S1_20170627","2017-06-27T17:54Z",1780,"2017-06-27T21:56:30Z",52.30,,25.38,,51.92,,51.90
"9af724f0-9f6b-4f1a-a614-87e2cbea74ed","e4825723-8197-4b1e-94ac-263c5d2887ab","D17","BIGC","BIGC.AOS.reaeration.station.01","BIGC_S1_20170627","2017-06-27T17:54Z",797,"2017-06-27T19:12:40Z",87.20,,16.18,,104.87,,105.64
"2bc43bc1-b9e8-4551-bd38-c7e72c5ad785","e4825723-8197-4b1e-94ac-263c5d2887ab","D17","BIGC","BIGC.AOS.reaeration.station.01","BIGC_S1_20170627","2017-06-27T17:54Z",989,"2017-06-27T19:44:40Z",86.70,,16.83,,102.73,,103.46
"55bb3f12-aa00-40c6-bc0e-e7f9586ac1d3","e4825723-8197-4b1e-94ac-263c5d2887ab","D17","BIGC","BIGC.AOS.reaeration.station.01","BIGC_S1_20170627","2017-06-27T17:54Z",611,"2017-06-27T18:41:40Z",82.30,,15.52,,100.50,,101.26
"fad25664-f547-4848-ba81-9b8c17bb64a0","e4825723-8197-4b1e-94ac-263c5d2887ab","D17","BIGC","BIGC.AOS.reaeration.station.01","BIGC_S1_20170627","2017-06-27T17:54Z",1427,"2017-06-27T20:57:40Z",48.60,,21.48,,52.10,,52.30
"085282c0-0177-493d-9e92-f51534ef6b6a","e4825723-8197-4b1e-94ac-263c5d2887ab","D17","BIGC","BIGC.AOS.reaeration.station.01","BIGC_S1_20170627","2017-06-27T17:54Z",966,"2017-06-27T19:40:50Z",85.10,,16.74,,101.04,,101.76
"5cc809cd-7a3e-4094-8117-1000deed6ddc","e4825723-8197-4b1e-94ac-263c5d2887ab","D17","BIGC","BIGC.AOS.reaeration.station.01","BIGC_S1_20170627","2017-06-27T17:54Z",541,"2017-06-27T18:30:00Z",81.90,,15.27,,100.59,,101.36
"fcb2d5a1-21b6-4a87-8b9c-a78d3145d1cd","e4825723-8197-4b1e-94ac-263c5d2887ab","D17","BIGC","BIGC.AOS.reaeration.station.01","BIGC_S1_20170627","2017-06-27T17:54Z",527,"2017-06-27T18:27:40Z",81.60,,15.23,,100.32,,101.08
"05a61bf2-d049-482e-ac13-a6f22dcddda7","e4825723-8197-4b1e-94ac-263c5d2887ab","D17","BIGC","BIGC.AOS.reaeration.station.01","BIGC_S1_20170627","2017-06-27T17:54Z",1001,"2017-06-27T19:46:40Z",85.90,,16.88,,101.67,,102.39
"6e1da980-2188-4041-a310-86b38b534ae0","e4825723-8197-4b1e-94ac-263c5d2887ab","D17","BIGC","BIGC.AOS.reaeration.station.01","BIGC_S1_20170627","2017-06-27T17:54Z",2180,"2017-06-27T23:03:10Z",54.60,,26.06,,53.52,,53.45
"2477ed0a-78d0-4eb7-bcdf-fe6f9924e6b0","e4825723-8197-4b1e-94ac-263c5d2887ab","D17","BIGC","BIGC.AOS.reaeration.station.01","BIGC_S1_20170627","2017-06-27T17:54Z",2058,"2017-06-27T22:42:50Z",54.20,,26.11,,53.07,,53.00
"e9ff7504-bdc8-4cbd-9480-a195f151903d","e4825723-8197-4b1e-94ac-263c5d2887ab","D17","BIGC","BIGC.AOS.reaeration.station.01","BIGC_S1_20170627","2017-06-27T17:54Z",899,"2017-06-27T19:29:40Z",87.10,,16.52,,103.93,,104.69
"07169f78-2df6-4965-8fa1-247774b324f6","e4825723-8197-4b1e-94ac-263c5d2887ab","D17","BIGC","BIGC.AOS.reaeration.station.01","BIGC_S1_20170627","2017-06-27T17:54Z",191,"2017-06-27T17:31:40Z",79.90,,14.51,,99.92,,100.69
"68cd79b8-a215-4082-bd93-0f3758ad0bc0","e4825723-8197-4b1e-94ac-263c5d2887ab","D17","BIGC","BIGC.AOS.reaeration.station.01","BIGC_S1_20170627","2017-06-27T17:54Z",158,"2017-06-27T17:26:10Z",79.90,,14.39,,100.21,,100.98
"a7a11ec7-168d-478e-827f-0a73a8965afd","e4825723-8197-4b1e-94ac-263c5d2887ab","D17","BIGC","BIGC.AOS.reaeration.station.01","BIGC_S1_20170627","2017-06-27T17:54Z",493,"2017-06-27T18:22:00Z",81.40,,15.09,,100.40,,101.17
"5eafec6e-40d9-4c00-9fb7-5e91747fd5c2","e4825723-8197-4b1e-94ac-263c5d2887ab","D17","BIGC","BIGC.AOS.reaeration.station.01","BIGC_S1_20170627","2017-06-27T17:54Z",2219,"2017-06-27T23:09:40Z",54.70,,26.05,,53.62,,53.55
"971477ce-4794-4cc4-982b-ebe2210d1a40","e4825723-8197-4b1e-94ac-263c5d2887ab","D17","BIGC","BIGC.AOS.reaeration.station.01","BIGC_S1_20170627","2017-06-27T17:54Z",84,"2017-06-27T17:13:50Z",79.70,,14.30,,100.17,,100.94
"7d4a5e8f-c90d-4558-acb6-5b6bc6a0a409","e4825723-8197-4b1e-94ac-263c5d2887ab","D17","BIGC","BIGC.AOS.reaeration.station.01","BIGC_S1_20170627","2017-06-27T17:54Z",821,"2017-06-27T19:16:40Z",87.20,,16.25,,104.70,,105.47
"234495bc-5562-4985-b0bd-61e16dcd4b40","e4825723-8197-4b1e-94ac-263c5d2887ab","D17","BIGC","BIGC.AOS.reaeration.station.01","BIGC_S1_20170627","2017-06-27T17:54Z",1713,"2017-06-27T21:45:20Z",51.90,,25.00,,51.90,,51.90
"41ba5de8-f845-4921-be11-a2397a24be4a","e4825723-8197-4b1e-94ac-263c5d2887ab","D17","BIGC","BIGC.AOS.reaeration.station.01","BIGC_S1_20170627","2017-06-27T17:54Z",51,"2017-06-27T17:08:20Z",79.40,,14.29,,99.82,,100.59
"2228c31d-8f12-49b2-86f5-a6bca9625962","e4825723-8197-4b1e-94ac-263c5d2887ab","D17","BIGC","BIGC.AOS.reaeration.station.01","BIGC_S1_20170627","2017-06-27T17:54Z",850,"2017-06-27T19:21:30Z",87.10,,16.36,,104.31,,105.08
"3e02f753-f814-44a1-a23c-15aeaab25d88","e4825723-8197-4b1e-94ac-263c5d2887ab","D17","BIGC","BIGC.AOS.reaeration.station.01","BIGC_S1_20170627","2017-06-27T17:54Z",235,"2017-06-27T17:39:00Z",80.10,,14.54,,100.10,,100.87
"a7533840-3c14-4299-9afa-4090d43eb690","e4825723-8197-4b1e-94ac-263c5d2887ab","D17","BIGC","BIGC.AOS.reaeration.station.01","BIGC_S1_20170627","2017-06-27T17:54Z",2166,"2017-06-27T23:00:50Z",54.50,,26.06,,53.42,,53.35
"b59cf102-dcb8-4e28-b689-50e7faf41595","e4825723-8197-4b1e-94ac-263c5d2887ab","D17","BIGC","BIGC.AOS.reaeration.station.01","BIGC_S1_20170627","2017-06-27T17:54Z",208,"2017-06-27T17:34:30Z",80.10,,14.43,,100.36,,101.13
"b00b390d-3a4c-45c6-a79a-1ae5bde351a7","e4825723-8197-4b1e-94ac-263c5d2887ab","D17","BIGC","BIGC.AOS.reaeration.station.01","BIGC_S1_20170627","2017-06-27T17:54Z",1624,"2017-06-27T21:30:30Z",50.90,,23.99,,51.90,,51.96
"48cfb548-496d-41f6-bbda-6f68bdc209c1","e4825723-8197-4b1e-94ac-263c5d2887ab","D17","BIGC","BIGC.AOS.reaeration.station.01","BIGC_S1_20170627","2017-06-27T17:54Z",1207,"2017-06-27T20:21:00Z",91.80,,17.57,,106.98,,107.71
"751504bf-02a1-4d20-a215-f93f01be8046","e4825723-8197-4b1e-94ac-263c5d2887ab","D17","BIGC","BIGC.AOS.reaeration.station.01","BIGC_S1_20170627","2017-06-27T17:54Z",95,"2017-06-27T17:15:40Z",79.80,,14.27,,100.37,,101.14
"b72e3ee7-4391-4023-8bb9-b6e7de0e99b4","e4825723-8197-4b1e-94ac-263c5d2887ab","D17","BIGC","BIGC.AOS.reaeration.station.01","BIGC_S1_20170627","2017-06-27T17:54Z",2132,"2017-06-27T22:55:10Z",54.40,,26.08,,53.30,,53.23
"32488a91-c5c1-463b-8317-3533446de3c9","e4825723-8197-4b1e-94ac-263c5d2887ab","D17","BIGC","BIGC.AOS.reaeration.station.01","BIGC_S1_20170627","2017-06-27T17:54Z",950,"2017-06-27T19:38:10Z",86.20,,16.70,,102.44,,103.18
"e47b0e9b-d086-4530-b95e-6925096ece16","e4825723-8197-4b1e-94ac-263c5d2887ab","D17","BIGC","BIGC.AOS.reaeration.station.01","BIGC_S1_20170627","2017-06-27T17:54Z",1435,"2017-06-27T20:59:00Z",48.70,,21.63,,52.05,,52.24
"cead9eea-66b4-46ec-a520-875ab5d681a7","e4825723-8197-4b1e-94ac-263c5d2887ab","D17","BIGC","BIGC.AOS.reaeration.station.01","BIGC_S1_20170627","2017-06-27T17:54Z",1931,"2017-06-27T22:21:40Z",53.70,,26.10,,52.59,,52.52
"8845d5de-2eca-4636-a14d-125ee9a86e76","e4825723-8197-4b1e-94ac-263c5d2887ab","D17","BIGC","BIGC.AOS.reaeration.station.01","BIGC_S1_20170627","2017-06-27T17:54Z",1389,"2017-06-27T20:51:20Z",47.70,,20.71,,51.96,,52.19
"1c6a979f-7000-4da5-89b7-0501278880b2","e4825723-8197-4b1e-94ac-263c5d2887ab","D17","BIGC","BIGC.AOS.reaeration.station.01","BIGC_S1_20170627","2017-06-27T17:54Z",1529,"2017-06-27T21:14:40Z",49.80,,22.86,,51.92,,52.05
"3059416b-8076-4aa4-ae89-78043fa36f43","e4825723-8197-4b1e-94ac-263c5d2887ab","D17","BIGC","BIGC.AOS.reaeration.station.01","BIGC_S1_20170627","2017-06-27T17:54Z",2508,"2017-06-27T23:57:50Z",55.40,,26.18,,54.18,,54.10
"ddf678fe-0aba-4326-adac-ee2529f46e6a","e4825723-8197-4b1e-94ac-263c5d2887ab","D17","BIGC","BIGC.AOS.reaeration.station.01","BIGC_S1_20170627","2017-06-27T17:54Z",2089,"2017-06-27T22:48:00Z",54.30,,26.10,,53.18,,53.11
"4cc34831-c9b7-451f-aa8c-ab9ecc2aff47","e4825723-8197-4b1e-94ac-263c5d2887ab","D17","BIGC","BIGC.AOS.reaeration.station.01","BIGC_S1_20170627","2017-06-27T17:54Z",1861,"2017-06-27T22:10:00Z",53.10,,25.88,,52.22,,52.16
"115a3e8e-bd2c-4796-a3be-e5d899c75afb","e4825723-8197-4b1e-94ac-263c5d2887ab","D17","BIGC","BIGC.AOS.reaeration.station.01","BIGC_S1_20170627","2017-06-27T17:54Z",683,"2017-06-27T18:53:40Z",86.00,,15.77,,104.41,,105.19
"49d4fabd-a555-4869-9224-04087faef029","e4825723-8197-4b1e-94ac-263c5d2887ab","D17","BIGC","BIGC.AOS.reaeration.station.01","BIGC_S1_20170627","2017-06-27T17:54Z",715,"2017-06-27T18:59:00Z",86.60,,15.87,,104.89,,105.67
"2e776d8a-1d1d-4db1-b2c2-0d698a6828af","e4825723-8197-4b1e-94ac-263c5d2887ab","D17","BIGC","BIGC.AOS.reaeration.station.01","BIGC_S1_20170627","2017-06-27T17:54Z",563,"2017-06-27T18:33:40Z",81.90,,15.36,,100.38,,101.14
"67202a71-d631-4029-8672-7b3ca680ba6e","e4825723-8197-4b1e-94ac-263c5d2887ab","D17","BIGC","BIGC.AOS.reaeration.station.01","BIGC_S1_20170627","2017-06-27T17:54Z",1836,"2017-06-27T22:05:50Z",53.00,,25.75,,52.25,,52.20
"23a4cc70-6897-4876-abc5-2c83665ceb31","e4825723-8197-4b1e-94ac-263c5d2887ab","D17","BIGC","BIGC.AOS.reaeration.station.01","BIGC_S1_20170627","2017-06-27T17:54Z",1978,"2017-06-27T22:29:30Z",53.70,,26.15,,52.55,,52.47
"834ecb17-6570-4f37-96ce-41774a6b00c0","e4825723-8197-4b1e-94ac-263c5d2887ab","D17","BIGC","BIGC.AOS.reaeration.station.01","BIGC_S1_20170627","2017-06-27T17:54Z",197,"2017-06-27T17:32:40Z",79.90,,14.48,,99.99,,100.76
"3a917361-6a00-4748-a71b-becdb3d5c443","e4825723-8197-4b1e-94ac-263c5d2887ab","D17","BIGC","BIGC.AOS.reaeration.station.01","BIGC_S1_20170627","2017-06-27T17:54Z",949,"2017-06-27T19:38:00Z",86.60,,16.67,,102.99,,103.73
"f6d23d84-aa25-45ee-9e8c-2a7c24e9bf8f","e4825723-8197-4b1e-94ac-263c5d2887ab","D17","BIGC","BIGC.AOS.reaeration.station.01","BIGC_S1_20170627","2017-06-27T17:54Z",2079,"2017-06-27T22:46:20Z",54.30,,26.11,,53.17,,53.10
"0c5e966c-027b-434a-8128-5ba745708755","e4825723-8197-4b1e-94ac-263c5d2887ab","D17","BIGC","BIGC.AOS.reaeration.station.01","BIGC_S1_20170627","2017-06-27T17:54Z",2012,"2017-06-27T22:35:10Z",54.00,,26.14,,52.85,,52.77
"722c5b47-2910-4109-8542-36c559029a66","e4825723-8197-4b1e-94ac-263c5d2887ab","D17","BIGC","BIGC.AOS.reaeration.station.01","BIGC_S1_20170627","2017-06-27T17:54Z",1067,"2017-06-27T19:57:40Z",89.40,,17.10,,105.29,,106.03
"8bae8b33-30db-4635-b664-2ebbaf136809","e4825723-8197-4b1e-94ac-263c5d2887ab","D17","BIGC","BIGC.AOS.reaeration.station.01","BIGC_S1_20170627","2017-06-27T17:54Z",2554,"2017-06-28T00:05:30Z",55.70,,26.17,,54.48,,54.40
"ee999476-b598-41d4-8a9e-043da6bf21ed","e4825723-8197-4b1e-94ac-263c5d2887ab","D17","BIGC","BIGC.AOS.reaeration.station.01","BIGC_S1_20170627","2017-06-27T17:54Z",607,"2017-06-27T18:41:00Z",82.00,,15.57,,100.01,,100.77
"3c13ea62-69d6-4c85-9224-cc3ba7b73630","e4825723-8197-4b1e-94ac-263c5d2887ab","D17","BIGC","BIGC.AOS.reaeration.station.01","BIGC_S1_20170627","2017-06-27T17:54Z",645,"2017-06-27T18:47:20Z",84.70,,15.62,,103.19,,103.96
"fffdead7-2f18-412b-91c1-36d41d57ad64","e4825723-8197-4b1e-94ac-263c5d2887ab","D17","BIGC","BIGC.AOS.reaeration.station.01","BIGC_S1_20170627","2017-06-27T17:54Z",1285,"2017-06-27T20:34:00Z",87.30,,17.73,,101.38,,102.06
"31499c6b-edc6-4041-94d3-559c7c2d7429","e4825723-8197-4b1e-94ac-263c5d2887ab","D17","BIGC","BIGC.AOS.reaeration.station.01","BIGC_S1_20170627","2017-06-27T17:54Z",2489,"2017-06-27T23:54:40Z",55.30,,26.17,,54.09,,54.01
"d70f1763-20f3-4859-80a4-a19d7755e4be","e4825723-8197-4b1e-94ac-263c5d2887ab","D17","BIGC","BIGC.AOS.reaeration.station.01","BIGC_S1_20170627","2017-06-27T17:54Z",2302,"2017-06-27T23:23:30Z",54.80,,26.05,,53.72,,53.65
"5f193aec-235e-4533-8e8c-d046dba83274","e4825723-8197-4b1e-94ac-263c5d2887ab","D17","BIGC","BIGC.AOS.reaeration.station.01","BIGC_S1_20170627","2017-06-27T17:54Z",2148,"2017-06-27T22:57:50Z",54.50,,26.06,,53.42,,53.35
"b63eceaa-ebbc-468b-8178-88c2beb497e5","e4825723-8197-4b1e-94ac-263c5d2887ab","D17","BIGC","BIGC.AOS.reaeration.station.01","BIGC_S1_20170627","2017-06-27T17:54Z",2406,"2017-06-27T23:40:50Z",55.20,,26.14,,54.02,,53.95
"7f9f065f-359a-41fb-9891-c022f16e3eb6","e4825723-8197-4b1e-94ac-263c5d2887ab","D17","BIGC","BIGC.AOS.reaeration.station.01","BIGC_S1_20170627","2017-06-27T17:54Z",153,"2017-06-27T17:25:20Z",79.80,,14.38,,100.11,,100.87
"e2986467-5cd7-4431-b67a-180a97bdcebd","e4825723-8197-4b1e-94ac-263c5d2887ab","D17","BIGC","BIGC.AOS.reaeration.station.01","BIGC_S1_20170627","2017-06-27T17:54Z",168,"2017-06-27T17:27:50Z",79.90,,14.42,,100.14,,100.90
"ce9dfc54-487b-41bf-9f11-1e9c08260965","e4825723-8197-4b1e-94ac-263c5d2887ab","D17","BIGC","BIGC.AOS.reaeration.station.01","BIGC_S1_20170627","2017-06-27T17:54Z",532,"2017-06-27T18:28:30Z",81.60,,15.26,,100.25,,101.01
"b73dabb9-b517-462c-ac06-a5546a473a15","e4825723-8197-4b1e-94ac-263c5d2887ab","D17","BIGC","BIGC.AOS.reaeration.station.01","BIGC_S1_20170627","2017-06-27T17:54Z",2594,"2017-06-28T00:12:10Z",55.00,,25.61,,54.37,,54.33
"e6dd0068-3b72-48fd-b89b-b18eaa74f7c9","e4825723-8197-4b1e-94ac-263c5d2887ab","D17","BIGC","BIGC.AOS.reaeration.station.01","BIGC_S1_20170627","2017-06-27T17:54Z",2530,"2017-06-28T00:01:30Z",55.50,,26.18,,54.28,,54.20
"9ffd5f5f-9417-4a9d-8770-2556922a7a34","e4825723-8197-4b1e-94ac-263c5d2887ab","D17","BIGC","BIGC.AOS.reaeration.station.01","BIGC_S1_20170627","2017-06-27T17:54Z",832,"2017-06-27T19:18:30Z",87.10,,16.29,,104.48,,105.25
